12120	12120	94562	94562	75.03	77.75	79.85	74.58	77.65	79.25	75.28	78.53	79.88	74.96	77.97	79.66	1.97854779271
12120	12120	93562	93562	75.10	77.75	79.85	74.55	77.65	79.25	75.30	78.53	79.90	74.98	77.97	79.67	1.9440118037	100
12220	12220	93462	93462	75.22	77.53	79.72	74.80	77.30	78.97	76.08	78.72	80.00	75.37	77.85	79.57	1.92653794737	100
12320	12320	93362	93362	75.58	77.38	80.08	74.95	77.47	79.33	76.28	78.95	79.90	75.60	77.93	79.77	1.93210684245	100
12420	12420	93262	93262	75.83	77.58	79.97	74.78	77.33	79.20	76.08	78.88	80.12	75.56	77.92	79.77	1.90658791386	100
12520	12520	93162	93162	75.80	77.58	79.80	75.15	76.83	79.05	76.40	78.50	80.15	75.78	77.63	79.67	1.88658824947	100
12620	12620	93062	93062	75.90	77.72	79.95	75.22	77.25	79.15	76.38	78.58	79.95	75.83	77.85	79.68	1.86963855915	100
12720	12720	92962	92962	76.25	77.88	79.83	75.25	77.12	79.00	76.38	78.40	80.05	75.96	77.80	79.62	1.86594241605	100
12820	12820	92862	92862	75.95	77.38	79.75	75.15	76.75	78.70	76.33	78.30	80.10	75.81	77.47	79.52	1.85306624895	100
12920	12920	92762	92762	75.88	77.42	79.58	75.05	76.75	78.55	76.35	78.35	80.03	75.76	77.51	79.38	1.84866585444	100
13020	13020	92662	92662	75.92	77.80	79.50	74.97	76.78	78.45	76.62	78.42	80.03	75.84	77.67	79.33	1.84364678677	100
13120	13120	92562	92562	75.83	77.55	79.25	74.85	76.47	78.42	76.67	78.15	79.92	75.78	77.39	79.20	1.83702122237	100
13220	13220	92462	92462	75.88	77.35	79.17	74.65	76.38	78.20	76.78	78.03	79.83	75.77	77.25	79.07	1.8306427077	100
13320	13320	92362	92362	75.83	77.15	78.80	74.55	76.08	78.05	76.62	77.65	79.60	75.67	76.96	78.82	1.82775562422	100
13420	13420	92262	92262	75.83	77.08	78.80	74.45	76.35	78.03	76.40	77.80	79.55	75.56	77.08	78.79	1.82286213501	100
13520	13520	92162	92162	75.58	76.97	78.67	74.58	76.12	77.78	76.65	77.40	79.47	75.60	76.83	78.64	1.81464988857	100
13620	13620	92062	92062	75.72	77.08	78.65	74.50	76.12	77.60	76.67	77.45	79.38	75.63	76.88	78.54	1.81490761149	100
13720	13720	91962	91962	75.75	76.67	78.28	74.40	76.03	77.28	76.53	77.28	79.15	75.56	76.66	78.23	1.81456847717	100
13820	13820	91862	91862	75.72	76.45	78.10	74.30	75.70	76.88	76.75	77.17	79.30	75.59	76.44	78.09	1.80682343778	100
13920	13920	91762	91762	75.45	76.38	78.03	74.28	75.33	76.62	76.75	77.22	79.10	75.49	76.31	77.92	1.80434692858	100
14020	14020	91662	91662	75.42	76.42	78.15	74.03	75.40	76.33	76.65	77.05	78.83	75.37	76.29	77.77	1.80038965784	100
14120	14120	91562	91562	75.42	76.38	78.00	74.03	75.15	76.30	76.55	77.15	78.55	75.33	76.22	77.62	1.79977653091	100
14220	14220	91462	91462	75.15	76.15	77.80	73.75	74.92	76.20	76.72	76.90	78.67	75.21	75.99	77.56	1.80371375973	100
14320	14320	91362	91362	75.10	75.75	77.35	73.92	74.92	76.00	76.50	76.78	78.58	75.17	75.82	77.31	1.80352945317	100
14420	14420	91262	91262	74.80	75.83	77.25	73.88	74.78	75.78	76.55	76.72	78.53	75.08	75.78	77.18	1.80312468641	100
14520	14520	91162	91162	74.80	75.65	76.97	73.75	74.72	75.67	76.53	76.55	78.20	75.03	75.64	76.95	1.80846335738	100
14620	14620	91062	91062	74.62	75.72	76.85	73.75	74.60	75.65	76.47	76.58	78.28	74.95	75.63	76.92	1.80511341914	100
14720	14720	90962	90962	74.50	75.50	76.78	73.65	74.38	75.30	76.28	76.15	77.92	74.81	75.34	76.67	1.8024004287	100
14820	14820	90862	90862	74.15	75.20	76.33	73.58	73.72	75.15	76.10	76.10	77.70	74.61	75.01	76.39	1.80499010914	100
14920	14920	90762	90762	74.10	75.08	76.08	73.50	73.53	74.90	75.90	75.72	77.47	74.50	74.78	76.15	1.80258743321	100
15020	15020	90662	90662	73.97	75.08	75.80	73.25	73.53	74.92	75.72	75.33	77.30	74.32	74.64	76.01	1.80373827206	100
15120	15120	90562	90562	73.97	74.72	75.72	73.17	73.45	74.95	75.47	75.40	77.10	74.21	74.53	75.92	1.8052543104	100
15220	15220	90462	90462	73.85	74.60	75.60	73.00	73.20	74.80	75.38	75.15	76.80	74.08	74.32	75.73	1.80548163666	100
15320	15320	90362	90362	73.65	74.38	75.33	72.72	73.12	74.67	75.03	75.05	76.75	73.80	74.18	75.58	1.80589597098	100
15420	15420	90262	90262	73.33	74.00	75.10	72.75	72.95	74.40	74.85	74.90	76.70	73.64	73.95	75.40	1.80391290646	100
15520	15520	90162	90162	73.47	74.03	74.95	72.22	72.67	74.17	74.55	74.72	76.50	73.42	73.81	75.21	1.80464150999	100
15620	15620	90062	90062	73.25	73.72	74.70	72.15	72.60	74.15	74.42	74.67	76.28	73.28	73.67	75.04	1.80504618313	100
15720	15720	89962	89962	73.08	73.60	74.42	72.03	72.53	73.95	74.38	74.58	76.25	73.16	73.57	74.88	1.80512964322	100
15820	15820	89862	89862	72.72	73.75	74.15	71.97	72.30	73.80	73.88	74.15	75.97	72.86	73.40	74.64	1.8064996159	100
15920	15920	89762	89762	72.62	73.47	73.92	71.85	71.88	73.72	73.67	73.90	75.72	72.72	73.08	74.46	1.80605531517	100
16020	16020	89662	89662	72.67	73.40	73.67	71.50	71.88	73.62	73.78	73.97	75.55	72.65	73.08	74.28	1.80849070395	100
16120	16120	89562	89562	72.60	73.03	73.60	71.65	71.83	73.33	73.78	73.80	75.47	72.67	72.88	74.13	1.80831528192	100
16220	16220	89462	89462	72.47	72.95	73.62	71.25	71.58	73.22	73.72	73.47	75.30	72.48	72.67	74.05	1.81011970215	100
16320	16320	89362	89362	72.25	72.88	73.50	71.20	71.42	72.95	73.62	73.58	75.28	72.36	72.62	73.91	1.81096479527	100
16420	16420	89262	89262	72.05	72.53	73.25	70.97	71.35	72.70	73.30	73.53	74.85	72.11	72.47	73.60	1.81404385476	100
16520	16520	89162	89162	71.83	72.28	73.03	70.97	71.12	72.47	73.00	73.45	74.78	71.93	72.28	73.42	1.81559760577	100
16620	16620	89062	89062	71.65	71.95	72.92	70.83	70.92	72.22	72.70	73.42	74.47	71.72	72.10	73.21	1.81710442976	100
16720	16720	88962	88962	71.50	71.78	72.88	70.72	70.55	72.08	72.50	73.12	74.20	71.58	71.82	73.05	1.81770900211	100
16820	16820	88862	88862	71.30	71.45	72.65	70.67	70.28	71.95	72.47	72.95	74.08	71.48	71.56	72.89	1.81729139193	100
16920	16920	88762	88762	71.17	71.38	72.47	70.83	70.12	71.78	72.38	72.90	73.80	71.46	71.47	72.68	1.81989343786	100
17020	17020	88662	88662	71.05	71.12	72.17	70.62	70.00	71.45	72.17	72.55	73.53	71.28	71.22	72.38	1.82051351047	100
17120	17120	88562	88562	70.83	70.83	71.92	70.70	69.78	71.38	72.03	72.50	73.40	71.18	71.03	72.23	1.81911242177	100
17220	17220	88462	88462	70.83	70.72	71.78	70.40	69.72	71.20	71.90	72.30	73.30	71.04	70.92	72.09	1.8214030111	100
17320	17320	88362	88362	70.67	70.67	71.60	70.35	69.60	71.12	71.78	72.22	73.10	70.93	70.83	71.94	1.82255652214	100
17420	17420	88262	88262	70.58	70.35	71.35	70.15	69.38	70.90	71.65	71.92	73.05	70.79	70.55	71.77	1.82001432753	100
17520	17520	88162	88162	70.28	70.22	71.12	70.08	69.17	70.67	71.38	71.83	72.88	70.58	70.41	71.56	1.82051441985	100
17620	17620	88062	88062	70.10	70.17	71.00	70.08	68.95	70.47	71.38	71.53	72.65	70.52	70.22	71.38	1.82051736366	100
17720	17720	87962	87962	69.90	69.90	70.70	69.88	68.72	70.12	71.17	71.33	72.55	70.32	69.98	71.12	1.82157148672	100
17820	17820	87862	87862	69.85	69.58	70.55	69.88	68.62	70.00	70.85	71.15	72.45	70.19	69.78	71.00	1.82273498625	100
17920	17920	87762	87762	69.70	69.50	70.47	69.62	68.38	69.88	70.75	71.00	72.17	70.03	69.62	70.84	1.82398718204	100
18020	18020	87662	87662	69.38	69.28	70.30	69.53	68.17	69.65	70.38	70.85	71.78	69.76	69.43	70.58	1.82562406248	100
18120	18120	87562	87562	69.35	69.22	69.88	69.25	68.10	69.17	70.30	70.85	71.38	69.63	69.39	70.14	1.82456329377	100
18220	18220	87462	87462	69.03	68.85	69.60	69.12	67.90	68.88	70.30	70.78	71.15	69.48	69.17	69.88	1.82514171075	100
18320	18320	87362	87362	69.03	68.75	69.38	68.80	67.85	68.75	70.05	70.83	70.92	69.29	69.14	69.68	1.82602132291	100
18420	18420	87262	87262	68.67	68.50	69.28	68.33	67.78	68.50	70.03	70.58	70.62	69.01	68.95	69.47	1.82739270424	100
18520	18520	87162	87162	68.65	68.47	68.97	68.12	67.75	68.25	69.95	70.40	70.45	68.91	68.88	69.22	1.82852167545	100
18620	18620	87062	87062	68.47	68.22	68.80	67.95	67.55	68.08	69.78	70.28	70.38	68.73	68.68	69.08	1.82969181301	100
18720	18720	86962	86962	68.17	68.08	68.58	67.88	67.42	67.97	69.72	70.00	70.05	68.59	68.50	68.87	1.83006956659	100
18820	18820	86862	86862	67.95	68.03	68.38	67.78	67.33	67.67	69.65	69.92	69.95	68.46	68.42	68.67	1.83054257	100
18920	18920	86762	86762	67.75	67.80	68.28	67.28	67.15	67.47	69.47	69.75	69.85	68.17	68.23	68.53	1.83164237683	100
19020	19020	86662	86662	67.55	67.80	68.20	67.05	67.12	67.40	69.20	69.70	69.72	67.93	68.21	68.44	1.82971250704	100
19120	19120	86562	86562	67.17	67.70	67.88	66.60	67.10	67.17	69.03	69.58	69.45	67.60	68.12	68.17	1.83178926347	100
19220	19220	86462	86462	67.05	67.58	67.65	66.58	66.97	67.12	68.67	69.22	69.38	67.43	67.92	68.05	1.83112415646	100
19320	19320	86362	86362	66.95	67.35	67.40	66.45	66.80	66.80	68.45	69.10	68.97	67.28	67.75	67.72	1.83138973744	100
19420	19420	86262	86262	66.58	67.20	67.05	66.40	66.45	66.58	68.28	69.00	68.67	67.08	67.55	67.43	1.83270574635	100
19520	19520	86162	86162	66.25	67.03	66.97	66.22	66.42	66.53	67.95	69.03	68.47	66.81	67.49	67.33	1.83398165748	100
19620	19620	86062	86062	65.97	66.95	66.95	65.95	66.33	66.17	67.85	68.88	68.30	66.59	67.38	67.14	1.83648317413	100
19720	19720	85962	85962	65.60	67.00	66.85	65.67	66.28	66.03	67.70	68.90	68.35	66.33	67.39	67.08	1.83775434241	100
19820	19820	85862	85862	65.53	66.85	66.58	65.40	66.15	65.80	67.42	68.85	68.22	66.12	67.28	66.87	1.83752711794	100
19920	19920	85762	85762	65.55	66.83	66.62	65.30	66.10	65.72	67.20	68.72	68.05	66.02	67.22	66.80	1.83772892253	100
20020	20020	85662	85662	65.30	66.83	66.42	65.22	66.12	65.42	66.92	68.45	67.80	65.82	67.13	66.55	1.83811356442	100
20120	20120	85562	85562	65.25	66.65	66.42	64.90	66.10	65.33	66.65	68.33	67.58	65.60	67.03	66.44	1.83815965043	100
20220	20220	85462	85462	65.17	66.45	66.17	64.70	66.15	65.20	66.60	68.20	67.42	65.49	66.93	66.27	1.84033367184	100
20320	20320	85362	85362	65.08	66.35	66.03	64.67	65.95	65.08	66.50	68.03	67.25	65.42	66.78	66.12	1.83967455832	100
20420	20420	85262	85262	65.05	66.33	65.83	64.67	65.95	65.08	66.40	67.75	67.12	65.38	66.67	66.01	1.84078174754	100
20520	20520	85162	85162	64.90	66.15	65.83	64.60	65.58	65.10	66.33	67.62	66.92	65.28	66.45	65.95	1.84121492047	100
20620	20620	85062	85062	64.88	66.15	65.70	64.45	65.62	64.90	66.20	67.45	66.75	65.17	66.41	65.78	1.84127611321	100
20720	20720	84962	84962	64.67	65.92	65.62	64.45	65.53	64.65	66.12	67.28	66.60	65.08	66.24	65.62	1.84151051315	100
20820	20820	84862	84862	64.58	65.67	65.45	64.45	65.47	64.60	66.00	67.28	66.62	65.01	66.14	65.56	1.84232415098	100
20920	20920	84762	84762	64.30	65.70	65.22	64.33	65.30	64.40	65.88	67.15	66.65	64.83	66.05	65.42	1.84421514155	100
21020	21020	84662	84662	64.17	65.53	65.10	64.20	65.20	64.33	65.75	67.00	66.58	64.71	65.91	65.33	1.8451810998	100
21120	21120	84562	84562	64.12	65.40	64.88	64.12	65.08	64.25	65.65	66.72	66.42	64.63	65.73	65.18	1.84487740724	100
21220	21220	84462	84462	64.08	65.25	64.78	64.05	65.03	64.25	65.55	66.58	66.40	64.56	65.62	65.14	1.84536306749	100
21320	21320	84362	84362	63.92	65.15	64.65	63.85	64.95	64.05	65.45	66.30	66.22	64.41	65.47	64.97	1.84627042312	100
21420	21420	84262	84262	63.90	65.05	64.55	63.75	64.83	63.85	65.30	66.20	66.17	64.32	65.36	64.86	1.84783777669	100
21520	21520	84162	84162	63.77	64.95	64.45	63.58	64.50	63.80	65.28	66.17	65.95	64.21	65.21	64.73	1.84776622478	100
21620	21620	84062	84062	63.73	64.78	64.42	63.52	64.55	63.77	65.17	66.05	65.88	64.14	65.12	64.69	1.84766560917	100
21720	21720	83962	83962	63.52	64.75	64.35	63.40	64.30	63.70	65.28	65.95	65.78	64.07	65.00	64.61	1.84830388761	100
21820	21820	83862	83862	63.52	64.72	64.25	63.17	64.35	63.45	65.05	66.00	65.70	63.92	65.03	64.47	1.84804187421	100
21920	21920	83762	83762	63.27	64.60	64.22	63.02	64.25	63.45	64.85	66.05	65.62	63.72	64.97	64.43	1.8484347034	100
22020	22020	83662	83662	63.35	64.62	64.10	62.95	64.25	63.45	64.75	65.90	65.47	63.68	64.92	64.34	1.85011333466	100
22120	22120	83562	83562	63.30	64.60	63.95	62.92	64.10	63.27	64.70	65.85	65.47	63.64	64.85	64.23	1.85152431423	100
22220	22220	83462	83462	63.20	64.50	63.90	62.80	64.08	63.27	64.67	65.80	65.35	63.56	64.79	64.17	1.85070780141	100
22320	22320	83362	83362	63.15	64.47	63.77	62.83	64.00	63.20	64.72	65.78	65.30	63.57	64.75	64.09	1.85030327239	100
22420	22420	83262	83262	63.05	64.22	63.62	62.65	63.90	63.15	64.65	65.67	65.20	63.45	64.60	63.99	1.85190490742	100
22520	22520	83162	83162	63.10	64.33	63.42	62.45	63.85	63.00	64.53	65.60	65.10	63.36	64.59	63.84	1.85239885014	100
22620	22620	83062	83062	63.02	64.15	63.35	62.45	63.85	62.95	64.42	65.42	64.92	63.30	64.47	63.74	1.85099753352	100
22720	22720	82962	82962	62.95	64.20	63.40	62.48	63.83	62.83	64.25	65.38	64.85	63.23	64.47	63.69	1.85129207383	100
22820	22820	82862	82862	62.92	64.12	63.35	62.50	63.62	62.67	64.12	65.20	64.70	63.18	64.32	63.58	1.85183749467	100
22920	22920	82762	82762	62.80	64.05	63.08	62.38	63.48	62.55	63.98	65.12	64.45	63.05	64.22	63.36	1.85287922573	100
23020	23020	82662	82662	62.67	64.03	62.92	62.30	63.45	62.45	63.77	65.00	64.38	62.92	64.16	63.25	1.85305274557	100
23120	23120	82562	82562	62.70	63.85	62.83	62.23	63.35	62.50	63.70	64.90	64.30	62.88	64.03	63.21	1.85256307183	100
23220	23220	82462	82462	62.55	63.80	62.70	62.10	63.20	62.45	63.50	64.92	64.28	62.72	63.98	63.14	1.85266037345	100
23320	23320	82362	82362	62.50	63.83	62.65	61.95	63.20	62.38	63.45	64.70	64.17	62.63	63.91	63.07	1.8548314467	100
23420	23420	82262	82262	62.45	63.70	62.62	61.77	63.15	62.27	63.25	64.70	63.98	62.49	63.85	62.96	1.85385714816	100
23520	23520	82162	82162	62.45	63.48	62.58	61.77	62.83	62.17	63.25	64.60	63.92	62.49	63.63	62.89	1.85394873357	100
23620	23620	82062	82062	62.30	63.42	62.58	61.67	62.77	62.02	63.10	64.60	63.77	62.36	63.60	62.79	1.85476129602	100
23720	23720	81962	81962	62.25	63.27	62.42	61.60	62.67	61.98	63.10	64.42	63.67	62.32	63.46	62.69	1.85601877877	100
23820	23820	81862	81862	62.08	63.30	62.30	61.42	62.67	61.92	63.02	64.47	63.55	62.17	63.48	62.59	1.85536265713	100
23920	23920	81762	81762	62.10	63.23	62.30	61.38	62.58	61.90	63.05	64.33	63.50	62.17	63.38	62.57	1.85488332913	100
24020	24020	81662	81662	62.00	63.08	62.20	61.30	62.52	61.85	62.98	64.12	63.33	62.09	63.24	62.46	1.85612700347	100
24120	24120	81562	81562	61.92	63.02	62.10	61.20	62.60	61.77	62.95	64.10	63.27	62.02	63.24	62.38	1.85612899847	100
24220	24220	81462	81462	61.77	63.08	62.08	61.17	62.58	61.77	62.73	63.92	63.08	61.89	63.19	62.31	1.85732763399	100
24320	24320	81362	81362	61.67	62.88	61.88	61.10	62.50	61.80	62.60	63.88	63.02	61.79	63.08	62.23	1.85830327695	100
24420	24420	81262	81262	61.77	62.70	61.83	61.08	62.45	61.75	62.52	63.83	62.88	61.79	62.99	62.15	1.859135189	100
24520	24520	81162	81162	61.60	62.70	61.75	61.02	62.33	61.73	62.35	63.77	62.65	61.66	62.93	62.04	1.85869632811	100
24620	24620	81062	81062	61.45	62.75	61.65	61.00	62.15	61.55	62.35	63.83	62.60	61.60	62.91	61.93	1.85748439103	100
24720	24720	80962	80962	61.42	62.73	61.60	60.92	62.02	61.48	62.27	63.70	62.45	61.54	62.82	61.84	1.85806580341	100
24820	24820	80862	80862	61.40	62.70	61.60	60.75	62.00	61.40	62.20	63.60	62.27	61.45	62.77	61.76	1.85823568569	100
24920	24920	80762	80762	61.35	62.62	61.50	60.65	62.02	61.38	62.02	63.52	62.20	61.34	62.73	61.69	1.85830506324	100
25020	25020	80662	80662	61.25	62.52	61.50	60.60	62.05	61.35	62.10	63.48	62.15	61.32	62.68	61.67	1.85954390255	100
25120	25120	80562	80562	61.20	62.50	61.40	60.65	61.95	61.27	61.95	63.27	62.10	61.27	62.58	61.59	1.85976919906	100
25220	25220	80462	80462	61.15	62.45	61.33	60.38	61.92	61.25	62.02	63.33	62.02	61.18	62.57	61.53	1.85958234479	100
25320	25320	80362	80362	61.00	62.35	61.23	60.33	61.92	61.00	61.92	63.27	61.92	61.08	62.52	61.38	1.85984712111	100
25420	25420	80262	80262	60.88	62.30	61.15	60.15	61.90	60.95	61.83	63.15	61.83	60.95	62.45	61.31	1.86137327433	100
25520	25520	80162	80162	60.88	62.30	61.08	60.08	61.88	60.88	61.67	63.15	61.95	60.88	62.44	61.30	1.86101911235	100
25620	25620	80062	80062	60.70	62.33	61.00	60.02	61.73	60.70	61.62	62.88	61.73	60.78	62.31	61.14	1.86119720272	100
25720	25720	79962	79962	60.70	62.08	60.88	59.98	61.70	60.60	61.45	62.85	61.70	60.71	62.21	61.06	1.86110198135	100
25820	25820	79862	79862	60.70	62.17	60.90	59.98	61.70	60.55	61.50	62.80	61.62	60.73	62.23	61.02	1.86115539356	100
25920	25920	79762	79762	60.62	62.17	60.80	59.90	61.73	60.45	61.27	62.80	61.55	60.60	62.23	60.93	1.86115345882	100
26020	26020	79662	79662	60.58	62.10	60.65	59.90	61.62	60.42	61.10	62.70	61.40	60.52	62.14	60.83	1.86115947966	100
26120	26120	79562	79562	60.45	62.05	60.50	59.77	61.48	60.30	61.02	62.50	61.33	60.42	62.01	60.71	1.86157356575	100
26220	26220	79462	79462	60.33	61.98	60.33	59.73	61.42	60.20	60.95	62.38	61.17	60.33	61.92	60.57	1.8621475126	100
26320	26320	79362	79362	60.02	61.90	60.23	59.60	61.30	60.00	60.85	62.33	61.08	60.16	61.84	60.43	1.86302182462	100
26420	26420	79262	79262	59.95	61.80	60.12	59.55	61.33	59.92	60.77	62.17	61.02	60.09	61.77	60.36	1.86316982647	100
26520	26520	79162	79162	59.80	61.80	59.95	59.45	61.27	59.75	60.62	62.23	60.98	59.96	61.77	60.23	1.86358276264	100
26620	26620	79062	79062	59.77	61.70	60.00	59.42	61.25	59.67	60.55	62.10	60.83	59.92	61.68	60.17	1.86321797024	100
26720	26720	78962	78962	59.75	61.75	59.92	59.35	61.12	59.65	60.48	62.05	60.65	59.86	61.64	60.08	1.86296461896	100
26820	26820	78862	78862	59.65	61.60	59.90	59.27	61.12	59.62	60.33	61.98	60.60	59.75	61.57	60.04	1.86364005771	100
26920	26920	78762	78762	59.62	61.30	59.77	59.25	61.15	59.50	60.15	62.00	60.65	59.67	61.48	59.98	1.86463229637	100
27020	27020	78662	78662	59.60	61.23	59.75	59.17	61.02	59.42	60.10	61.85	60.58	59.62	61.37	59.92	1.86485345552	100
27120	27120	78562	78562	59.52	61.20	59.58	58.98	60.92	59.35	60.08	61.98	60.40	59.52	61.37	59.77	1.86510026282	100
27220	27220	78462	78462	59.35	61.02	59.58	58.88	60.85	59.27	59.92	61.80	60.30	59.38	61.23	59.72	1.86613680497	100
27320	27320	78362	78362	59.25	60.98	59.52	58.77	60.77	59.23	59.77	61.73	60.23	59.27	61.16	59.66	1.86678464353	100
27420	27420	78262	78262	59.27	60.92	59.50	58.77	60.90	59.23	59.70	61.70	60.23	59.25	61.17	59.65	1.86601922255	100
27520	27520	78162	78162	59.35	60.95	59.45	58.65	60.77	59.17	59.67	61.58	60.10	59.23	61.10	59.58	1.86629673671	100
27620	27620	78062	78062	59.30	60.95	59.38	58.62	60.70	59.12	59.62	61.48	59.98	59.18	61.04	59.49	1.865987473	100
27720	27720	77962	77962	59.30	60.85	59.30	58.58	60.62	59.02	59.65	61.33	60.00	59.17	60.93	59.44	1.86666249848	100
27820	27820	77862	77862	59.15	60.77	59.15	58.50	60.55	59.02	59.45	61.23	59.85	59.03	60.85	59.34	1.86638746773	100
27920	27920	77762	77762	59.02	60.67	59.05	58.35	60.55	58.98	59.25	61.25	59.83	58.88	60.83	59.28	1.86709711722	100
28020	28020	77662	77662	59.00	60.65	59.05	58.38	60.52	58.95	59.35	61.12	59.73	58.91	60.77	59.24	1.86791520122	100
28120	28120	77562	77562	58.88	60.60	59.00	58.38	60.40	58.90	59.12	61.02	59.75	58.79	60.67	59.22	1.86815287136	100
28220	28220	77462	77462	58.85	60.60	58.95	58.35	60.33	58.80	59.10	61.08	59.70	58.77	60.67	59.15	1.86822941098	100
28320	28320	77362	77362	58.83	60.58	58.95	58.25	60.27	58.70	59.15	60.95	59.58	58.74	60.60	59.08	1.86806579849	100
28420	28420	77262	77262	58.83	60.50	58.83	58.17	60.17	58.73	59.08	60.88	59.55	58.69	60.52	59.03	1.86868320484	100
28520	28520	77162	77162	58.95	60.48	58.80	58.20	60.17	58.65	58.98	60.83	59.50	58.71	60.49	58.98	1.86943275805	100
28620	28620	77062	77062	58.83	60.45	58.75	58.20	60.12	58.58	58.90	60.75	59.42	58.64	60.44	58.92	1.86958694172	100
28720	28720	76962	76962	58.75	60.50	58.67	58.17	60.08	58.50	58.85	60.62	59.30	58.59	60.40	58.83	1.86980149376	100
28820	28820	76862	76862	58.62	60.42	58.67	58.10	60.00	58.50	58.88	60.58	59.20	58.53	60.33	58.79	1.87103026246	100
28920	28920	76762	76762	58.60	60.42	58.60	58.05	59.92	58.50	58.75	60.45	59.08	58.47	60.27	58.73	1.87113118107	100
29020	29020	76662	76662	58.60	60.30	58.55	58.02	59.83	58.30	58.67	60.38	59.00	58.43	60.17	58.62	1.87195363855	100
29120	29120	76562	76562	58.52	60.30	58.55	58.00	59.80	58.23	58.67	60.38	59.02	58.40	60.16	58.60	1.87260341211	100
29220	29220	76462	76462	58.52	60.25	58.50	57.98	59.80	58.23	58.62	60.35	58.95	58.38	60.13	58.56	1.87335712998	100
29320	29320	76362	76362	58.45	60.20	58.40	57.88	59.58	58.17	58.52	60.30	58.90	58.28	60.02	58.49	1.87409964745	100
29420	29420	76262	76262	58.40	60.15	58.33	57.77	59.58	58.12	58.45	60.33	58.85	58.21	60.02	58.43	1.87440039398	100
29520	29520	76162	76162	58.38	59.98	58.30	57.67	59.50	58.00	58.45	60.33	58.83	58.17	59.93	58.38	1.874455702	100
29620	29620	76062	76062	58.33	59.88	58.20	57.62	59.38	57.98	58.35	60.25	58.73	58.10	59.83	58.30	1.87467723799	100
29720	29720	75962	75962	58.27	59.77	58.20	57.62	59.30	57.90	58.35	60.17	58.73	58.08	59.75	58.27	1.87553881968	100
29820	29820	75862	75862	58.23	59.80	58.15	57.60	59.33	57.92	58.35	60.10	58.60	58.06	59.74	58.23	1.87588156914	100
29920	29920	75762	75762	58.20	59.75	58.08	57.55	59.27	57.98	58.23	60.00	58.52	57.99	59.67	58.19	1.87722606275	100
30020	30020	75662	75662	58.12	59.75	58.00	57.48	59.10	57.85	58.33	59.95	58.50	57.98	59.60	58.12	1.87768290505	100
30120	30120	75562	75562	58.12	59.65	57.98	57.42	59.10	57.88	58.27	59.98	58.50	57.94	59.58	58.12	1.87785960877	100
30220	30220	75462	75462	58.10	59.65	57.85	57.45	59.00	57.85	58.15	60.02	58.45	57.90	59.56	58.05	1.87803808857	100
30320	30320	75362	75362	58.05	59.62	57.88	57.40	58.98	57.85	58.12	59.92	58.25	57.86	59.51	57.99	1.87896831512	100
30420	30420	75262	75262	57.98	59.62	57.88	57.30	58.95	57.80	57.88	59.80	58.27	57.72	59.46	57.98	1.87933234414	100
30520	30520	75162	75162	57.92	59.55	57.88	57.27	58.90	57.67	57.80	59.70	58.27	57.67	59.38	57.94	1.88021427259	100
30620	30620	75062	75062	57.95	59.52	57.83	57.10	58.70	57.67	57.65	59.73	58.17	57.57	59.32	57.89	1.88020170137	100
30720	30720	74962	74962	57.88	59.48	57.80	57.10	58.70	57.65	57.62	59.65	58.23	57.53	59.27	57.89	1.88073717018	100
30820	30820	74862	74862	57.85	59.45	57.77	57.05	58.67	57.55	57.73	59.62	58.15	57.54	59.25	57.83	1.88140139402	100
30920	30920	74762	74762	57.77	59.40	57.75	57.00	58.65	57.50	57.58	59.52	58.08	57.45	59.19	57.77	1.88235545216	100
31020	31020	74662	74662	57.75	59.25	57.75	57.00	58.67	57.52	57.45	59.45	58.00	57.40	59.12	57.76	1.88214386818	100
31120	31120	74562	74562	57.62	59.20	57.73	56.95	58.65	57.48	57.42	59.50	58.00	57.33	59.12	57.73	1.88238400054	100
31220	31220	74462	74462	57.55	59.25	57.65	56.85	58.65	57.45	57.50	59.48	58.00	57.30	59.12	57.70	1.88303092585	100
31320	31320	74362	74362	57.52	59.17	57.65	56.83	58.65	57.35	57.38	59.45	58.00	57.24	59.09	57.67	1.88340157316	100
31420	31420	74262	74262	57.50	59.12	57.58	56.73	58.55	57.35	57.25	59.38	57.92	57.16	59.02	57.62	1.88468294148	100
31520	31520	74162	74162	57.50	59.15	57.50	56.70	58.52	57.35	57.15	59.40	57.90	57.12	59.02	57.58	1.88457808176	100
31620	31620	74062	74062	57.52	59.12	57.50	56.65	58.55	57.27	57.05	59.33	57.88	57.08	59.00	57.55	1.88543965432	100
31720	31720	73962	73962	57.50	59.10	57.42	56.65	58.52	57.25	57.10	59.30	57.85	57.08	58.98	57.51	1.88607640586	100
31820	31820	73862	73862	57.40	59.10	57.40	56.62	58.55	57.33	57.12	59.30	57.73	57.05	58.98	57.48	1.88642894514	100
31920	31920	73762	73762	57.33	59.08	57.38	56.62	58.50	57.30	57.12	59.25	57.75	57.02	58.94	57.48	1.88695567295	100
32020	32020	73662	73662	57.25	58.90	57.33	56.62	58.45	57.33	57.10	59.23	57.77	56.99	58.86	57.48	1.88824651473	100
32120	32120	73562	73562	57.23	58.92	57.35	56.58	58.40	57.27	57.10	59.12	57.62	56.97	58.82	57.42	1.88775623765	100
32220	32220	73462	73462	57.20	58.92	57.27	56.55	58.45	57.17	57.05	59.10	57.65	56.93	58.83	57.37	1.88834630058	100
32320	32320	73362	73362	57.17	58.80	57.25	56.50	58.38	57.08	56.98	59.10	57.62	56.88	58.76	57.32	1.8889463275	100
32420	32420	73262	73262	57.15	58.88	57.23	56.48	58.35	57.00	56.92	59.12	57.65	56.85	58.78	57.29	1.88890969691	100
32520	32520	73162	73162	57.15	58.75	57.25	56.48	58.38	56.98	56.95	59.08	57.62	56.86	58.73	57.28	1.88927628712	100
32620	32620	73062	73062	57.05	58.83	57.23	56.45	58.35	56.98	56.88	59.10	57.60	56.79	58.76	57.27	1.89004284248	100
32720	32720	72962	72962	57.00	58.75	57.23	56.35	58.27	56.90	56.83	59.05	57.55	56.73	58.69	57.23	1.89033097761	100
32820	32820	72862	72862	56.95	58.70	57.23	56.30	58.33	56.90	56.83	59.00	57.48	56.69	58.67	57.20	1.89115089016	100
32920	32920	72762	72762	56.92	58.70	57.20	56.27	58.33	56.88	56.80	59.00	57.42	56.67	58.67	57.17	1.89161293326	100
33020	33020	72662	72662	56.92	58.70	57.20	56.25	58.27	56.88	56.67	58.95	57.45	56.62	58.64	57.17	1.89236849057	100
33120	33120	72562	72562	56.92	58.65	57.15	56.23	58.23	56.80	56.67	58.98	57.42	56.61	58.62	57.12	1.89288552195	100
33220	33220	72462	72462	56.83	58.65	57.12	56.23	58.15	56.77	56.65	59.02	57.40	56.57	58.61	57.10	1.89440455761	100
33320	33320	72362	72362	56.75	58.65	57.08	56.17	58.23	56.75	56.70	59.02	57.38	56.54	58.63	57.07	1.8941921692	100
33420	33420	72262	72262	56.77	58.65	57.02	56.20	58.12	56.70	56.60	59.02	57.35	56.52	58.60	57.02	1.89479563549	100
33520	33520	72162	72162	56.80	58.62	57.02	56.23	58.08	56.73	56.50	58.98	57.38	56.51	58.56	57.04	1.89539150668	100
33620	33620	72062	72062	56.80	58.62	57.02	56.30	58.02	56.67	56.52	58.90	57.35	56.54	58.52	57.02	1.8956981804	100
33720	33720	71962	71962	56.70	58.60	57.05	56.25	58.02	56.58	56.45	58.83	57.30	56.47	58.48	56.98	1.89609142845	100
33820	33820	71862	71862	56.67	58.55	57.05	56.20	58.00	56.55	56.48	58.92	57.30	56.45	58.49	56.97	1.89652172392	100
33920	33920	71762	71762	56.67	58.52	57.00	56.15	57.95	56.50	56.42	58.92	57.25	56.42	58.47	56.92	1.89689513606	100
34020	34020	71662	71662	56.58	58.55	56.95	56.00	57.85	56.50	56.40	58.85	57.27	56.33	58.42	56.91	1.89707336491	100
34120	34120	71562	71562	56.58	58.55	56.95	55.95	57.85	56.52	56.33	58.83	57.23	56.28	58.41	56.90	1.8973002464	100
34220	34220	71462	71462	56.55	58.52	56.95	55.88	57.80	56.52	56.23	58.67	57.23	56.22	58.33	56.90	1.89827029898	100
34320	34320	71362	71362	56.55	58.48	56.92	55.85	57.83	56.52	56.27	58.73	57.20	56.23	58.34	56.88	1.89854472982	100
34420	34420	71262	71262	56.48	58.45	56.90	55.73	57.77	56.50	56.27	58.75	57.12	56.16	58.33	56.84	1.89955045313	100
34520	34520	71162	71162	56.50	58.48	56.90	55.65	57.80	56.45	56.25	58.62	57.12	56.13	58.30	56.83	1.89982493316	100
34620	34620	71062	71062	56.42	58.35	56.92	55.62	57.80	56.48	56.17	58.52	57.12	56.08	58.23	56.84	1.8999788992	100
34720	34720	70962	70962	56.35	58.33	56.88	55.58	57.70	56.42	56.15	58.55	57.12	56.02	58.19	56.81	1.90004706873	100
34820	34820	70862	70862	56.33	58.35	56.90	55.60	57.62	56.45	56.12	58.58	57.17	56.02	58.18	56.84	1.90019871618	100
34920	34920	70762	70762	56.30	58.25	56.85	55.50	57.60	56.42	56.12	58.52	57.17	55.98	58.12	56.82	1.90036619608	100
35020	35020	70662	70662	56.23	58.27	56.88	55.48	57.60	56.40	56.15	58.50	57.12	55.95	58.12	56.80	1.90069102584	100
35120	35120	70562	70562	56.23	58.27	56.80	55.38	57.60	56.40	56.12	58.60	57.08	55.91	58.16	56.76	1.90108285643	100
35220	35220	70462	70462	56.20	58.23	56.75	55.38	57.50	56.33	56.15	58.45	57.00	55.91	58.06	56.69	1.90144837976	100
35320	35320	70362	70362	56.10	58.20	56.73	55.30	57.55	56.27	56.08	58.45	56.92	55.83	58.07	56.64	1.90186402188	100
35420	35420	70262	70262	56.05	58.17	56.73	55.27	57.58	56.23	56.05	58.40	56.95	55.79	58.05	56.63	1.90183938368	100
35520	35520	70162	70162	56.05	58.10	56.67	55.25	57.48	56.25	56.00	58.40	56.85	55.77	57.99	56.59	1.90233962329	100
35620	35620	70062	70062	56.02	58.08	56.73	55.25	57.40	56.25	55.98	58.38	56.83	55.75	57.95	56.60	1.90275454457	100
35720	35720	69962	69962	56.00	58.08	56.75	55.23	57.48	56.25	55.85	58.30	56.83	55.69	57.95	56.61	1.90277382146	100
35820	35820	69862	69862	55.98	58.12	56.77	55.23	57.52	56.25	55.80	58.27	56.80	55.67	57.98	56.61	1.90345850849	100
35920	35920	69762	69762	55.95	58.08	56.77	55.20	57.50	56.20	55.83	58.27	56.83	55.66	57.95	56.60	1.90321561992	100
36020	36020	69662	69662	55.95	58.10	56.75	55.15	57.42	56.17	55.77	58.27	56.85	55.62	57.93	56.59	1.90362161611	100
36120	36120	69562	69562	55.92	58.15	56.70	55.10	57.38	56.17	55.77	58.35	56.85	55.60	57.96	56.58	1.90396336135	100
36220	36220	69462	69462	55.98	58.05	56.67	55.08	57.38	56.15	55.77	58.38	56.83	55.61	57.93	56.55	1.90389945592	100
36320	36320	69362	69362	55.92	58.05	56.65	55.02	57.30	56.15	55.75	58.30	56.70	55.57	57.88	56.50	1.90441564234	100
36420	36420	69262	69262	55.88	58.08	56.60	55.05	57.27	56.12	55.75	58.17	56.67	55.56	57.84	56.47	1.90538528922	100
36520	36520	69162	69162	55.92	58.02	56.58	55.02	57.25	56.10	55.73	58.17	56.67	55.56	57.82	56.45	1.90572952584	100
36620	36620	69062	69062	55.88	58.02	56.58	55.00	57.20	56.10	55.67	58.17	56.67	55.52	57.80	56.45	1.90484485018	100
36720	36720	68962	68962	55.88	58.00	56.58	54.98	57.20	56.08	55.65	58.17	56.65	55.50	57.79	56.43	1.9049710846	100
36820	36820	68862	68862	55.83	57.95	56.60	54.95	57.15	56.05	55.62	58.20	56.65	55.47	57.77	56.43	1.90543211642	100
36920	36920	68762	68762	55.90	57.98	56.52	54.92	57.15	56.02	55.50	58.17	56.62	55.44	57.77	56.39	1.90555141071	100
37020	37020	68662	68662	55.80	57.95	56.55	54.90	57.15	56.02	55.52	58.10	56.52	55.41	57.73	56.37	1.90532397168	100
37120	37120	68562	68562	55.80	57.90	56.55	54.85	57.15	56.02	55.48	58.12	56.48	55.38	57.73	56.35	1.90605535059	100
37220	37220	68462	68462	55.80	57.88	56.50	54.92	57.10	55.98	55.48	58.10	56.48	55.40	57.69	56.32	1.90606354571	100
37320	37320	68362	68362	55.77	57.90	56.45	54.90	57.12	55.98	55.45	58.08	56.48	55.38	57.70	56.30	1.90637152489	100
37420	37420	68262	68262	55.70	57.90	56.40	54.88	57.15	55.88	55.40	58.08	56.42	55.33	57.71	56.23	1.90630864163	100
37520	37520	68162	68162	55.62	57.80	56.38	54.88	57.17	55.83	55.42	58.08	56.42	55.31	57.68	56.21	1.90667409127	100
37620	37620	68062	68062	55.65	57.75	56.38	54.85	57.15	55.80	55.33	58.02	56.40	55.27	57.64	56.19	1.90705532679	100
37720	37720	67962	67962	55.60	57.77	56.38	54.83	57.20	55.73	55.35	58.02	56.38	55.26	57.67	56.16	1.90778037152	100
37820	37820	67862	67862	55.52	57.75	56.27	54.73	57.23	55.70	55.35	58.05	56.35	55.20	57.67	56.11	1.90788429512	100
37920	37920	67762	67762	55.45	57.77	56.25	54.70	57.27	55.62	55.42	58.02	56.40	55.19	57.69	56.09	1.90764622129	100
38020	38020	67662	67662	55.38	57.77	56.20	54.65	57.27	55.67	55.35	58.05	56.42	55.12	57.70	56.10	1.90798877716	100
38120	38120	67562	67562	55.40	57.80	56.20	54.55	57.23	55.67	55.33	58.08	56.38	55.09	57.70	56.08	1.90850157651	100
38220	38220	67462	67462	55.42	57.83	56.23	54.62	57.23	55.62	55.33	58.00	56.33	55.12	57.68	56.06	1.90839418786	100
38320	38320	67362	67362	55.38	57.88	56.20	54.62	57.17	55.62	55.27	57.95	56.25	55.09	57.67	56.02	1.90937192528	100
38420	38420	67262	67262	55.33	57.80	56.20	54.62	57.17	55.62	55.27	57.95	56.20	55.08	57.64	56.01	1.9095982781	100
38520	38520	67162	67162	55.30	57.77	56.17	54.58	57.17	55.65	55.25	57.90	56.17	55.04	57.62	56.00	1.90981917816	100
38620	38620	67062	67062	55.35	57.73	56.15	54.60	57.15	55.60	55.23	57.88	56.20	55.06	57.58	55.98	1.9100383316	100
38720	38720	66962	66962	55.27	57.70	56.10	54.55	57.10	55.60	55.23	57.83	56.15	55.02	57.54	55.95	1.91023784221	100
38820	38820	66862	66862	55.30	57.70	56.10	54.55	57.10	55.60	55.20	57.83	56.12	55.02	57.54	55.94	1.91045883482	100
38920	38920	66762	66762	55.20	57.67	56.12	54.50	57.10	55.58	55.23	57.85	56.15	54.98	57.54	55.95	1.91093352246	100
39020	39020	66662	66662	55.20	57.62	56.12	54.48	57.12	55.58	55.23	57.77	56.10	54.97	57.51	55.93	1.91086661724	100
39120	39120	66562	66562	55.17	57.62	56.12	54.45	57.08	55.58	55.23	57.77	56.05	54.95	57.49	55.92	1.91104204324	100
39220	39220	66462	66462	55.10	57.62	56.10	54.45	57.08	55.52	55.23	57.73	56.08	54.92	57.48	55.90	1.91134445742	100
39320	39320	66362	66362	55.17	57.52	56.02	54.45	57.08	55.42	55.23	57.62	56.05	54.95	57.41	55.83	1.91090488533	100
39420	39420	66262	66262	55.15	57.50	56.00	54.42	57.00	55.48	55.20	57.65	56.05	54.92	57.38	55.84	1.91142054731	100
39520	39520	66162	66162	55.12	57.60	56.00	54.38	57.00	55.40	55.15	57.65	56.00	54.88	57.42	55.80	1.91197347987	100
39620	39620	66062	66062	55.10	57.55	55.95	54.35	57.00	55.42	55.17	57.60	56.00	54.88	57.38	55.79	1.91249807805	100
39720	39720	65962	65962	55.12	57.58	55.88	54.38	57.02	55.38	55.17	57.60	55.92	54.89	57.40	55.73	1.91321430725	100
39820	39820	65862	65862	55.10	57.60	55.85	54.33	57.02	55.42	55.08	57.60	55.92	54.83	57.41	55.73	1.91366005359	100
39920	39920	65762	65762	55.08	57.58	55.83	54.27	57.02	55.38	55.12	57.67	55.90	54.83	57.42	55.70	1.91371227505	100
40020	40020	65662	65662	55.08	57.55	55.80	54.25	56.98	55.35	55.12	57.67	55.90	54.82	57.40	55.68	1.91392087305	100
40120	40120	65562	65562	55.02	57.55	55.75	54.23	56.98	55.30	55.08	57.62	55.83	54.77	57.38	55.62	1.91442920433	100
40220	40220	65462	65462	54.98	57.48	55.73	54.20	56.95	55.30	55.08	57.60	55.77	54.75	57.34	55.60	1.91477661102	100
40320	40320	65362	65362	54.95	57.42	55.73	54.20	56.90	55.30	55.00	57.60	55.75	54.72	57.31	55.59	1.91489767603	100
40420	40420	65262	65262	54.95	57.40	55.70	54.23	56.85	55.30	54.95	57.55	55.75	54.71	57.27	55.58	1.91525685499	100
40520	40520	65162	65162	54.92	57.38	55.67	54.15	56.90	55.27	54.92	57.50	55.73	54.67	57.26	55.56	1.91508849872	100
40620	40620	65062	65062	54.90	57.38	55.67	54.17	56.85	55.30	54.90	57.48	55.70	54.66	57.23	55.56	1.91541468205	100
40720	40720	64962	64962	54.90	57.38	55.65	54.10	56.85	55.25	54.92	57.42	55.67	54.64	57.22	55.52	1.91527109486	100
40820	40820	64862	64862	54.90	57.35	55.62	54.12	56.83	55.25	54.95	57.42	55.67	54.66	57.20	55.52	1.91579173272	100
40920	40920	64762	64762	54.90	57.35	55.67	54.12	56.85	55.23	54.92	57.40	55.65	54.65	57.20	55.52	1.91645762642	100
41020	41020	64662	64662	54.85	57.33	55.67	54.10	56.85	55.23	54.85	57.40	55.62	54.60	57.19	55.51	1.91660536064	100
41120	41120	64562	64562	54.80	57.27	55.73	53.98	56.77	55.20	54.85	57.38	55.58	54.54	57.14	55.50	1.91688004246	100
41220	41220	64462	64462	54.83	57.17	55.65	53.98	56.80	55.17	54.73	57.38	55.58	54.51	57.12	55.47	1.91738622316	100
41320	41320	64362	64362	54.83	57.17	55.60	53.98	56.77	55.23	54.70	57.40	55.50	54.50	57.12	55.44	1.91777367732	100
41420	41420	64262	64262	54.80	57.20	55.58	53.98	56.77	55.23	54.70	57.40	55.50	54.49	57.12	55.43	1.91817128931	100
41520	41520	64162	64162	54.77	57.17	55.60	53.98	56.75	55.20	54.77	57.42	55.48	54.51	57.12	55.42	1.91820420865	100
41620	41620	64062	64062	54.65	57.15	55.58	53.95	56.75	55.20	54.67	57.45	55.48	54.42	57.12	55.42	1.91812829753	100
41720	41720	63962	63962	54.60	57.12	55.55	53.92	56.77	55.17	54.62	57.42	55.48	54.38	57.11	55.40	1.91856318886	100
41820	41820	63862	63862	54.62	57.02	55.55	53.95	56.75	55.20	54.55	57.40	55.50	54.38	57.06	55.42	1.91848869739	100
41920	41920	63762	63762	54.62	57.08	55.55	53.90	56.70	55.15	54.58	57.40	55.48	54.37	57.06	55.39	1.91855938458	100
42020	42020	63662	63662	54.62	57.10	55.55	53.90	56.73	55.12	54.58	57.38	55.45	54.37	57.07	55.38	1.91863332898	100
42120	42120	63562	63562	54.65	57.10	55.52	53.88	56.70	55.15	54.58	57.35	55.45	54.37	57.05	55.38	1.91898452553	100
42220	42220	63462	63462	54.65	57.10	55.55	53.88	56.70	55.15	54.58	57.30	55.45	54.37	57.03	55.38	1.91922209197	100
42320	42320	63362	63362	54.65	57.08	55.52	53.88	56.65	55.12	54.50	57.27	55.40	54.34	57.00	55.35	1.91930126972	100
42420	42420	63262	63262	54.65	57.05	55.50	53.88	56.62	55.10	54.50	57.27	55.30	54.34	56.98	55.30	1.91943389124	100
42520	42520	63162	63162	54.60	57.05	55.50	53.85	56.60	55.12	54.45	57.27	55.30	54.30	56.98	55.31	1.92015018746	100
42620	42620	63062	63062	54.58	57.02	55.48	53.83	56.60	55.12	54.45	57.30	55.27	54.28	56.98	55.29	1.9204037081	100
42720	42720	62962	62962	54.58	57.02	55.45	53.83	56.62	55.12	54.45	57.30	55.25	54.28	56.98	55.27	1.9215362867	100
42820	42820	62862	62862	54.55	57.00	55.45	53.83	56.60	55.08	54.48	57.27	55.27	54.28	56.96	55.27	1.92189089761	100
42920	42920	62762	62762	54.55	57.02	55.45	53.83	56.60	55.02	54.52	57.23	55.23	54.30	56.95	55.23	1.9223969038	100
43020	43020	62662	62662	54.48	57.00	55.42	53.75	56.62	54.98	54.42	57.27	55.23	54.22	56.97	55.21	1.92293289361	100
43120	43120	62562	62562	54.45	57.00	55.42	53.77	56.60	54.98	54.42	57.27	55.23	54.22	56.96	55.21	1.92323928453	100
43220	43220	62462	62462	54.38	56.92	55.40	53.75	56.58	54.98	54.27	57.23	55.23	54.13	56.91	55.20	1.92406793097	100
43320	43320	62362	62362	54.33	56.88	55.40	53.75	56.55	54.92	54.30	57.25	55.20	54.12	56.89	55.17	1.92435753426	100
43420	43420	62262	62262	54.38	56.83	55.40	53.75	56.50	54.95	54.27	57.23	55.17	54.13	56.85	55.17	1.92412993884	100
43520	43520	62162	62162	54.38	56.83	55.38	53.75	56.52	54.92	54.27	57.23	55.17	54.13	56.86	55.16	1.9241301886	100
43620	43620	62062	62062	54.35	56.85	55.40	53.73	56.52	54.92	54.25	57.20	55.12	54.11	56.86	55.15	1.92472121552	92
43712	43712	61970	61970	54.33	56.85	55.42	53.65	56.50	54.92	54.27	57.25	55.12	54.08	56.87	55.16	1.92540517634	100
43812	43812	61870	61870	54.33	56.88	55.40	53.65	56.48	54.92	54.27	57.23	55.12	54.08	56.86	55.15	1.92509754737	100
43912	43912	61770	61770	54.35	56.80	55.40	53.65	56.42	54.95	54.23	57.15	55.10	54.08	56.79	55.15	1.92542498081	100
44012	44012	61670	61670	54.35	56.83	55.38	53.65	56.40	54.95	54.20	57.10	55.15	54.07	56.77	55.16	1.92559671131	100
44112	44112	61570	61570	54.33	56.80	55.42	53.65	56.42	54.88	54.15	57.15	55.15	54.04	56.79	55.15	1.92573366249	100
44212	44212	61470	61470	54.30	56.75	55.30	53.65	56.38	54.85	54.15	57.12	55.15	54.03	56.75	55.10	1.92586451698	100
44312	44312	61370	61370	54.25	56.75	55.25	53.55	56.35	54.80	54.17	57.12	55.10	53.99	56.74	55.05	1.92588297495	100
44412	44412	61270	61270	54.23	56.77	55.25	53.58	56.35	54.80	54.17	57.12	55.10	53.99	56.75	55.05	1.92589898547	100
44512	44512	61170	61170	54.27	56.77	55.25	53.55	56.40	54.77	54.17	57.12	55.10	54.00	56.77	55.04	1.92594452161	100
44612	44612	61070	61070	54.25	56.67	55.25	53.52	56.30	54.77	54.17	57.08	55.12	53.98	56.68	55.05	1.92573681611	100
44712	44712	60970	60970	54.23	56.65	55.20	53.52	56.33	54.73	54.12	57.10	55.08	53.96	56.69	55.00	1.92603309032	100
44812	44812	60870	60870	54.23	56.65	55.12	53.48	56.30	54.75	54.17	57.08	55.08	53.96	56.67	54.98	1.92646411441	100
44912	44912	60770	60770	54.25	56.60	55.10	53.48	56.30	54.75	54.20	57.05	55.08	53.98	56.65	54.98	1.92589152682	100
45012	45012	60670	60670	54.27	56.58	55.02	53.48	56.30	54.75	54.20	57.05	55.08	53.98	56.64	54.95	1.92640667255	100
45112	45112	60570	60570	54.27	56.58	55.02	53.48	56.27	54.75	54.17	57.08	55.08	53.98	56.64	54.95	1.92657570428	100
45212	45212	60470	60470	54.25	56.60	55.02	53.48	56.27	54.75	54.08	57.12	55.02	53.93	56.67	54.93	1.92707171662	100
45312	45312	60370	60370	54.20	56.60	55.00	53.50	56.25	54.62	54.15	57.02	55.00	53.95	56.62	54.88	1.92730652034	100
45412	45412	60270	60270	54.23	56.52	54.95	53.42	56.25	54.60	54.15	57.05	54.98	53.93	56.61	54.84	1.9280479653	98
45510	45510	60172	60172	54.23	56.58	54.90	53.42	56.20	54.60	54.12	57.00	54.95	53.92	56.59	54.82	1.92940970024	100
45610	45610	60072	60072	54.15	56.60	54.85	53.35	56.20	54.55	54.12	56.98	54.95	53.88	56.59	54.78	1.94277196308	100
45710	45710	59972	59972	54.08	56.55	54.80	53.33	56.17	54.58	54.17	56.88	54.85	53.86	56.53	54.74	1.95697433714	100
45810	45810	59872	59872	54.00	56.58	54.83	53.33	56.17	54.60	54.17	56.95	54.88	53.83	56.57	54.77	1.96592746519	100
45910	45910	59772	59772	53.98	56.55	54.80	53.30	56.20	54.58	54.17	56.92	54.88	53.82	56.56	54.75	1.97011516792	100
46010	46010	59672	59672	54.05	56.60	54.80	53.27	56.20	54.58	54.15	56.92	54.88	53.83	56.58	54.75	1.97211526586	100
46110	46110	59572	59572	54.08	56.65	54.77	53.25	56.17	54.60	54.17	56.90	54.92	53.83	56.58	54.77	1.9715629347	100
46210	46210	59472	59472	54.08	56.58	54.77	53.25	56.17	54.60	54.15	56.88	54.90	53.83	56.54	54.76	1.97068697501	100
46310	46310	59372	59372	54.05	56.58	54.77	53.25	56.17	54.58	54.12	56.88	54.90	53.81	56.54	54.75	1.96748158338	100
46410	46410	59272	59272	54.02	56.58	54.77	53.25	56.17	54.55	54.15	56.88	54.90	53.81	56.54	54.74	1.96580839293	100
46510	46510	59172	59172	54.02	56.60	54.83	53.25	56.17	54.55	54.10	56.92	54.88	53.79	56.57	54.75	1.96148816633	100
46610	46610	59072	59072	54.02	56.60	54.83	53.25	56.17	54.55	54.10	56.88	54.88	53.79	56.55	54.75	1.95755136514	100
46710	46710	58972	58972	54.02	56.58	54.83	53.25	56.20	54.55	54.10	56.88	54.90	53.79	56.55	54.76	1.95234288345	100
46810	46810	58872	58872	54.05	56.55	54.83	53.25	56.20	54.55	54.10	56.88	54.88	53.80	56.54	54.75	1.94813651704	100
46910	46910	58772	58772	54.08	56.52	54.80	53.25	56.20	54.55	54.08	56.83	54.85	53.80	56.52	54.73	1.94468922005	100
47010	47010	58672	58672	54.08	56.48	54.80	53.25	56.20	54.52	54.15	56.83	54.80	53.83	56.50	54.71	1.94157641971	100
47110	47110	58572	58572	54.08	56.42	54.75	53.27	56.20	54.55	54.12	56.83	54.83	53.83	56.48	54.71	1.93963491889	100
47210	47210	58472	58472	54.08	56.42	54.80	53.23	56.20	54.55	54.10	56.83	54.83	53.80	56.48	54.73	1.93942797904	100
47310	47310	58372	58372	54.02	56.42	54.77	53.25	56.20	54.58	54.10	56.83	54.80	53.79	56.48	54.72	1.93846523714	100
47410	47410	58272	58272	54.02	56.45	54.77	53.23	56.20	54.55	54.12	56.83	54.83	53.79	56.49	54.72	1.93821706815	100
47510	47510	58172	58172	54.05	56.45	54.70	53.25	56.15	54.55	54.17	56.85	54.83	53.83	56.48	54.69	1.93773458416	100
47610	47610	58072	58072	54.05	56.42	54.73	53.25	56.17	54.52	54.12	56.85	54.83	53.81	56.48	54.69	1.93776900074	100
47710	47710	57972	57972	54.02	56.42	54.73	53.25	56.17	54.52	54.12	56.88	54.80	53.80	56.49	54.68	1.93779098812	100
47810	47810	57872	57872	54.05	56.38	54.73	53.25	56.12	54.52	54.12	56.92	54.77	53.81	56.48	54.67	1.93794299092	100
47910	47910	57772	57772	54.08	56.35	54.70	53.27	56.17	54.52	54.12	56.90	54.75	53.83	56.48	54.66	1.93780433327	100
48010	48010	57672	57672	54.08	56.33	54.70	53.25	56.12	54.50	54.10	56.90	54.75	53.81	56.45	54.65	1.93761606539	100
48110	48110	57572	57572	54.08	56.30	54.73	53.25	56.08	54.50	54.10	56.83	54.75	53.81	56.40	54.66	1.9374987285	100
48210	48210	57472	57472	54.08	56.27	54.73	53.25	56.10	54.52	54.10	56.75	54.73	53.81	56.38	54.66	1.93738769104	100
48310	48310	57372	57372	54.08	56.30	54.70	53.25	56.10	54.48	54.05	56.73	54.70	53.79	56.38	54.62	1.93761743259	100
48410	48410	57272	57272	54.10	56.33	54.67	53.23	56.10	54.45	54.08	56.73	54.70	53.80	56.38	54.61	1.9378520862	100
48510	48510	57172	57172	54.08	56.25	54.62	53.20	56.08	54.45	54.08	56.73	54.65	53.78	56.35	54.58	1.93795831804	100
48610	48610	57072	57072	54.10	56.23	54.65	53.20	56.08	54.45	54.10	56.70	54.67	53.80	56.33	54.59	1.93808846467	100
48710	48710	56972	56972	54.08	56.25	54.60	53.20	56.10	54.42	54.10	56.75	54.70	53.79	56.37	54.58	1.93829925813	100
48810	48810	56872	56872	54.10	56.27	54.60	53.23	56.10	54.40	54.10	56.73	54.67	53.81	56.37	54.56	1.93854589227	100
48910	48910	56772	56772	54.08	56.30	54.58	53.23	56.10	54.42	54.05	56.77	54.67	53.78	56.39	54.56	1.93851818066	100
49010	49010	56672	56672	54.05	56.30	54.60	53.20	56.10	54.42	54.00	56.73	54.67	53.75	56.38	54.57	1.93882852047	100
49110	49110	56572	56572	54.08	56.30	54.58	53.23	56.05	54.45	54.00	56.67	54.62	53.77	56.34	54.55	1.93887007002	100
49210	49210	56472	56472	54.08	56.27	54.55	53.23	56.02	54.42	53.98	56.65	54.60	53.76	56.32	54.52	1.93876284872	100
49310	49310	56372	56372	54.05	56.23	54.55	53.23	56.02	54.45	53.98	56.62	54.60	53.75	56.29	54.53	1.93880419526	100
49410	49410	56272	56272	54.05	56.27	54.55	53.23	56.02	54.45	53.98	56.67	54.62	53.75	56.33	54.54	1.93903159052	100
49510	49510	56172	56172	54.00	56.20	54.60	53.20	55.98	54.40	54.00	56.67	54.62	53.73	56.28	54.54	1.93926129555	100
49610	49610	56072	56072	54.05	56.23	54.50	53.17	56.00	54.45	53.98	56.67	54.62	53.73	56.30	54.52	1.93938674331	100
49710	49710	55972	55972	54.02	56.23	54.50	53.17	56.00	54.42	54.00	56.60	54.62	53.73	56.27	54.52	1.93963220687	100
49810	49810	55872	55872	53.98	56.20	54.52	53.20	56.00	54.42	53.98	56.58	54.62	53.72	56.26	54.52	1.94001091072	100
49910	49910	55772	55772	54.00	56.10	54.50	53.20	56.00	54.42	54.00	56.58	54.65	53.73	56.23	54.52	1.93997976899	100
50010	50010	55672	55672	53.98	56.05	54.50	53.17	56.02	54.42	54.02	56.50	54.62	53.73	56.19	54.52	1.94049991225	100
50110	50110	55572	55572	53.92	56.08	54.50	53.15	55.98	54.40	54.02	56.52	54.62	53.70	56.19	54.51	1.94049406061	100
50210	50210	55472	55472	53.92	56.00	54.50	53.15	55.98	54.38	54.00	56.58	54.62	53.69	56.18	54.50	1.94082114704	100
50310	50310	55372	55372	53.95	55.98	54.50	53.17	55.98	54.40	54.00	56.55	54.62	53.71	56.17	54.51	1.9410113323	100
50410	50410	55272	55272	53.90	56.00	54.52	53.17	55.98	54.40	53.95	56.45	54.62	53.67	56.14	54.52	1.94130323081	100
50510	50510	55172	55172	53.92	55.98	54.50	53.15	56.00	54.42	53.98	56.48	54.60	53.68	56.15	54.51	1.94187363865	100
50610	50610	55072	55072	53.92	55.98	54.50	53.15	56.00	54.45	54.00	56.40	54.62	53.69	56.12	54.52	1.94216110409	100
50710	50710	54972	54972	53.90	56.00	54.50	53.15	55.88	54.48	54.00	56.40	54.62	53.68	56.09	54.53	1.9428044138	100
50810	50810	54872	54872	53.92	56.00	54.50	53.15	55.85	54.48	54.02	56.30	54.62	53.70	56.05	54.53	1.94307154599	100
50910	50910	54772	54772	53.92	56.05	54.48	53.15	55.90	54.45	54.02	56.33	54.62	53.70	56.09	54.52	1.94389037192	100
51010	51010	54672	54672	53.92	55.98	54.45	53.17	55.90	54.45	53.98	56.33	54.60	53.69	56.07	54.50	1.9440714428	100
51110	51110	54572	54572	53.95	56.00	54.45	53.17	55.85	54.45	54.02	56.27	54.58	53.72	56.04	54.49	1.94431218911	100
51210	51210	54472	54472	53.95	55.98	54.42	53.15	55.85	54.42	54.02	56.33	54.58	53.71	56.05	54.48	1.94462134836	100
51310	51310	54372	54372	53.90	55.92	54.42	53.12	55.83	54.40	54.05	56.27	54.55	53.69	56.01	54.46	1.94516191702	100
51410	51410	54272	54272	53.90	55.92	54.42	53.12	55.83	54.40	54.02	56.25	54.52	53.68	56.00	54.45	1.94582894175	100
51510	51510	54172	54172	53.92	55.92	54.42	53.17	55.85	54.42	54.02	56.23	54.50	53.71	56.00	54.45	1.9463614525	100
51610	51610	54072	54072	53.90	55.90	54.38	53.12	55.83	54.42	54.02	56.15	54.50	53.68	55.96	54.43	1.94706450679	100
51710	51710	53972	53972	53.88	55.95	54.42	53.15	55.80	54.42	54.02	56.15	54.48	53.68	55.97	54.44	1.94747454985	100
51810	51810	53872	53872	53.88	55.95	54.40	53.15	55.77	54.40	54.02	56.17	54.48	53.68	55.97	54.42	1.94801894327	100
51910	51910	53772	53772	53.88	55.98	54.40	53.15	55.77	54.40	54.02	56.15	54.45	53.68	55.97	54.42	1.94786493715	100
52010	52010	53672	53672	53.90	55.98	54.40	53.15	55.83	54.42	54.02	56.10	54.45	53.69	55.97	54.42	1.94872339204	100
52110	52110	53572	53572	53.88	55.98	54.38	53.15	55.80	54.42	54.02	56.10	54.45	53.68	55.96	54.42	1.94922596011	100
52210	52210	53472	53472	53.88	56.02	54.38	53.15	55.77	54.40	54.02	56.08	54.45	53.68	55.96	54.41	1.94956875373	100
52310	52310	53372	53372	53.90	56.02	54.38	53.15	55.75	54.40	54.02	56.10	54.42	53.69	55.96	54.40	1.95017742926	100
52410	52410	53272	53272	53.88	56.02	54.38	53.15	55.73	54.40	54.00	56.08	54.48	53.67	55.94	54.42	1.95045204812	100
52510	52510	53172	53172	53.90	56.00	54.40	53.15	55.73	54.40	53.98	56.02	54.45	53.67	55.92	54.42	1.95055829356	100
52610	52610	53072	53072	53.90	56.02	54.40	53.17	55.73	54.38	54.00	56.02	54.42	53.69	55.92	54.40	1.95095136976	100
52710	52710	52972	52972	53.90	56.02	54.40	53.17	55.73	54.38	54.02	56.02	54.42	53.70	55.92	54.40	1.95116895716	100
52810	52810	52872	52872	53.90	56.02	54.40	53.15	55.73	54.38	54.02	56.05	54.42	53.69	55.93	54.40	1.95126355548	100
52910	52910	52772	52772	53.90	56.02	54.38	53.17	55.73	54.38	54.02	56.08	54.42	53.70	55.94	54.39	1.95107937796	100
53010	53010	52672	52672	53.90	56.02	54.38	53.17	55.70	54.38	54.02	56.05	54.42	53.70	55.92	54.39	1.95104554075	100
53110	53110	52572	52572	53.92	56.02	54.38	53.17	55.70	54.38	54.02	56.02	54.42	53.71	55.92	54.39	1.95101184723	100
53210	53210	52472	52472	53.92	56.00	54.40	53.17	55.65	54.38	54.02	56.05	54.42	53.71	55.90	54.40	1.95122126114	100
53310	53310	52372	52372	53.92	56.00	54.38	53.17	55.75	54.38	54.00	56.08	54.42	53.70	55.94	54.39	1.95161532279	100
53410	53410	52272	52272	53.92	56.00	54.38	53.17	55.67	54.35	54.00	56.10	54.40	53.70	55.92	54.38	1.95194924437	100
53510	53510	52172	52172	53.92	56.00	54.40	53.17	55.67	54.38	54.02	56.10	54.40	53.71	55.92	54.39	1.95190455583	100
53610	53610	52072	52072	53.92	55.98	54.45	53.17	55.67	54.38	54.00	56.08	54.40	53.70	55.91	54.41	1.95183425426	100
53710	53710	51972	51972	53.92	55.98	54.45	53.17	55.67	54.38	54.02	55.98	54.40	53.71	55.88	54.41	1.95154064065	100
53810	53810	51872	51872	53.92	55.98	54.42	53.15	55.70	54.38	54.00	56.02	54.40	53.69	55.90	54.40	1.95155859795	100
53910	53910	51772	51772	53.92	55.95	54.42	53.15	55.67	54.40	54.00	56.02	54.40	53.69	55.88	54.41	1.95150314119	100
54010	54010	51672	51672	53.92	55.95	54.42	53.15	55.70	54.40	54.00	56.00	54.38	53.69	55.88	54.40	1.95138319418	100
54110	54110	51572	51572	53.92	55.98	54.42	53.15	55.67	54.40	54.00	56.00	54.38	53.69	55.88	54.40	1.95133172168	100
54210	54210	51472	51472	53.92	55.98	54.42	53.15	55.65	54.35	54.08	55.98	54.40	53.72	55.87	54.39	1.95143740187	100
54310	54310	51372	51372	53.92	55.95	54.42	53.15	55.70	54.35	54.08	55.98	54.38	53.72	55.88	54.38	1.95148476897	100
54410	54410	51272	51272	53.92	55.95	54.42	53.12	55.73	54.35	54.08	55.98	54.40	53.71	55.88	54.39	1.9516408584	100
54510	54510	51172	51172	53.90	55.90	54.45	53.12	55.75	54.38	54.10	55.98	54.40	53.71	55.88	54.41	1.95154431918	100
54610	54610	51072	51072	53.90	55.92	54.48	53.12	55.73	54.38	54.10	55.95	54.38	53.71	55.87	54.41	1.9517931773	100
54710	54710	50972	50972	53.88	55.90	54.48	53.10	55.73	54.38	54.10	55.95	54.38	53.69	55.86	54.41	1.95189399129	100
54810	54810	50872	50872	53.88	55.90	54.48	53.10	55.77	54.38	54.10	55.98	54.38	53.69	55.88	54.41	1.95182255827	100
54910	54910	50772	50772	53.88	55.88	54.50	53.10	55.80	54.40	54.10	56.00	54.38	53.69	55.89	54.42	1.95213879507	100
55010	55010	50672	50672	53.85	55.88	54.50	53.10	55.83	54.38	54.08	56.00	54.35	53.67	55.90	54.41	1.95252054719	100
55110	55110	50572	50572	53.85	55.88	54.50	53.10	55.85	54.38	54.10	56.00	54.38	53.68	55.91	54.42	1.95235042393	100
55210	55210	50472	50472	53.85	55.90	54.50	53.10	55.77	54.40	54.08	55.98	54.38	53.67	55.88	54.42	1.95228880686	100
55310	55310	50372	50372	53.85	55.92	54.50	53.12	55.75	54.38	54.12	56.02	54.38	53.70	55.90	54.42	1.95203039643	100
55410	55410	50272	50272	53.85	55.95	54.50	53.15	55.77	54.38	54.10	56.00	54.38	53.70	55.91	54.42	1.95233326973	100
55510	55510	50172	50172	53.85	55.95	54.50	53.15	55.77	54.38	54.10	56.02	54.38	53.70	55.92	54.42	1.95256416288	100
55610	55610	50072	50072	53.85	55.92	54.50	53.15	55.77	54.35	54.10	56.00	54.35	53.70	55.90	54.40	1.95287390918	100
55710	55710	49972	49972	53.88	55.92	54.52	53.15	55.75	54.35	54.05	56.00	54.33	53.69	55.89	54.40	1.95255436214	100
55810	55810	49872	49872	53.88	55.95	54.48	53.12	55.80	54.35	54.08	55.95	54.33	53.69	55.90	54.38	1.95245372462	100
55910	55910	49772	49772	53.85	55.95	54.48	53.15	55.75	54.35	54.05	55.92	54.33	53.68	55.88	54.38	1.95278549384	100
56010	56010	49672	49672	53.85	55.98	54.48	53.15	55.75	54.38	54.10	55.92	54.33	53.70	55.88	54.39	1.95272817902	100
56110	56110	49572	49572	53.88	55.98	54.48	53.15	55.73	54.40	54.08	55.92	54.35	53.70	55.88	54.41	1.95316033792	100
56210	56210	49472	49472	53.85	55.92	54.42	53.15	55.75	54.40	54.10	55.92	54.33	53.70	55.87	54.38	1.95356634164	100
56310	56310	49372	49372	53.83	55.95	54.45	53.23	55.80	54.40	54.02	55.90	54.33	53.69	55.88	54.39	1.95356255769	100
56410	56410	49272	49272	53.83	55.98	54.42	53.23	55.83	54.40	54.02	55.95	54.35	53.69	55.92	54.39	1.9535530667	100
56510	56510	49172	49172	53.83	55.95	54.40	53.33	55.80	54.40	54.02	55.95	54.35	53.73	55.90	54.38	1.95353800638	100
56610	56610	49072	49072	53.83	55.95	54.40	53.30	55.77	54.40	53.98	55.95	54.33	53.70	55.89	54.38	1.95373711035	100
56710	56710	48972	48972	53.83	55.95	54.40	53.30	55.77	54.40	53.98	55.90	54.35	53.70	55.88	54.38	1.95371566938	100
56810	56810	48872	48872	53.85	55.95	54.42	53.30	55.75	54.38	53.95	55.90	54.33	53.70	55.87	54.38	1.95324842884	100
56910	56910	48772	48772	53.83	55.92	54.40	53.30	55.80	54.35	53.98	55.88	54.27	53.70	55.87	54.34	1.95326614341	100
57010	57010	48672	48672	53.85	55.95	54.40	53.30	55.77	54.38	54.00	55.92	54.27	53.72	55.88	54.35	1.95319790485	100
57110	57110	48572	48572	53.85	55.98	54.40	53.30	55.73	54.38	54.00	55.90	54.25	53.72	55.87	54.34	1.95336804694	100
57210	57210	48472	48472	53.83	56.00	54.40	53.30	55.75	54.38	54.08	55.92	54.25	53.73	55.89	54.34	1.95359444777	100
57310	57310	48372	48372	53.83	56.00	54.40	53.30	55.75	54.38	54.10	55.95	54.23	53.74	55.90	54.33	1.95350250258	100
57410	57410	48272	48272	53.83	56.00	54.40	53.30	55.70	54.38	54.08	55.95	54.23	53.73	55.88	54.33	1.95346155776	100
57510	57510	48172	48172	53.83	55.98	54.42	53.33	55.73	54.40	54.08	55.95	54.25	53.74	55.88	54.36	1.95325047161	100
57610	57610	48072	48072	53.85	55.98	54.42	53.33	55.75	54.42	54.08	55.90	54.23	53.75	55.88	54.36	1.95296922353	100
57710	57710	47972	47972	53.85	55.90	54.42	53.33	55.73	54.40	54.10	55.92	54.25	53.76	55.85	54.36	1.95342760553	100
57810	57810	47872	47872	53.85	55.92	54.42	53.33	55.75	54.40	54.08	55.95	54.23	53.75	55.88	54.35	1.95333147046	100
57910	57910	47772	47772	53.85	55.92	54.45	53.35	55.75	54.40	54.10	55.98	54.23	53.77	55.88	54.36	1.95327266319	100
58010	58010	47672	47672	53.85	55.92	54.45	53.33	55.70	54.42	54.05	55.98	54.23	53.74	55.87	54.37	1.95290937196	100
58110	58110	47572	47572	53.85	55.92	54.42	53.33	55.73	54.42	54.08	55.98	54.25	53.75	55.88	54.37	1.95267794935	100
58210	58210	47472	47472	53.83	55.92	54.42	53.33	55.75	54.42	54.08	55.90	54.25	53.74	55.86	54.37	1.95218786145	100
58310	58310	47372	47372	53.83	55.92	54.45	53.35	55.77	54.45	54.05	55.90	54.27	53.74	55.87	54.39	1.95243624222	100
58410	58410	47272	47272	53.83	55.92	54.42	53.35	55.77	54.48	54.08	55.90	54.27	53.75	55.87	54.39	1.9525691379	100
58510	58510	47172	47172	53.83	55.92	54.42	53.33	55.77	54.48	54.08	55.92	54.27	53.74	55.88	54.39	1.95238668995	100
58610	58610	47072	47072	53.83	55.85	54.42	53.30	55.77	54.48	54.08	55.90	54.30	53.73	55.84	54.40	1.95215227849	100
58710	58710	46972	46972	53.83	55.85	54.42	53.30	55.77	54.48	54.05	55.92	54.27	53.73	55.85	54.39	1.95239195123	100
58810	58810	46872	46872	53.83	55.85	54.42	53.35	55.77	54.50	54.08	55.95	54.25	53.75	55.86	54.39	1.95221725704	100
58910	58910	46772	46772	53.80	55.83	54.42	53.38	55.77	54.52	54.08	55.92	54.27	53.75	55.84	54.41	1.95219298353	100
59010	59010	46672	46672	53.85	55.83	54.45	53.38	55.75	54.52	54.08	55.98	54.30	53.77	55.85	54.42	1.95239465567	100
59110	59110	46572	46572	53.85	55.83	54.42	53.38	55.77	54.52	54.05	55.92	54.33	53.76	55.84	54.42	1.95225694424	100
59210	59210	46472	46472	53.85	55.85	54.42	53.38	55.75	54.58	54.08	55.90	54.33	53.77	55.83	54.44	1.95205508567	100
59310	59310	46372	46372	53.85	55.83	54.42	53.38	55.77	54.58	54.10	55.88	54.33	53.77	55.83	54.44	1.95190600029	100
59410	59410	46272	46272	53.83	55.85	54.42	53.38	55.77	54.58	54.10	55.88	54.27	53.77	55.83	54.42	1.95130722143	100
59510	59510	46172	46172	53.83	55.85	54.42	53.38	55.75	54.58	54.08	55.92	54.27	53.76	55.84	54.42	1.95063392695	100
59610	59610	46072	46072	53.83	55.85	54.42	53.35	55.75	54.60	54.08	55.92	54.35	53.75	55.84	54.46	1.95040149537	100
59710	59710	45972	45972	53.85	55.83	54.42	53.35	55.80	54.65	54.05	55.92	54.38	53.75	55.85	54.48	1.94974015005	100
59810	59810	45872	45872	53.88	55.85	54.42	53.35	55.80	54.70	54.05	55.92	54.35	53.76	55.86	54.49	1.94950456722	100
59910	59910	45772	45772	53.88	55.83	54.42	53.35	55.80	54.70	54.02	55.90	54.33	53.75	55.84	54.48	1.94926316994	100
60010	60010	45672	45672	53.85	55.85	54.45	53.38	55.80	54.70	54.00	55.88	54.35	53.74	55.84	54.50	1.94911746891	100
60110	60110	45572	45572	53.88	55.83	54.48	53.35	55.77	54.67	54.00	55.85	54.35	53.74	55.82	54.50	1.94910396041	100
60210	60210	45472	45472	53.88	55.85	54.48	53.35	55.77	54.67	54.02	55.85	54.35	53.75	55.83	54.50	1.94888800857	100
