12120	12120	94562	94562	75.10	77.75	79.88	74.55	77.65	79.28	75.28	78.53	79.88	74.97	77.97	79.67	1.71527474861
12120	12120	92562	92562	75.08	77.72	79.85	74.58	77.65	79.25	75.30	78.53	79.88	74.98	77.97	79.66	1.70983838844	25
12145	12145	92537	92537	75.17	77.17	79.58	74.53	77.05	79.22	75.88	78.25	79.95	75.19	77.49	79.58	1.80492411995	25
12170	12170	92512	92512	75.08	77.30	79.58	74.55	77.20	79.17	75.75	78.47	80.03	75.12	77.66	79.59	1.86791996404	25
12195	12195	92487	92487	75.15	77.00	79.33	74.55	77.03	79.15	75.80	78.05	79.90	75.17	77.36	79.46	1.88733921652	25
12220	12220	92462	92462	75.25	77.22	79.33	74.47	77.10	79.05	75.83	78.17	79.97	75.18	77.50	79.45	1.89510005332	25
12245	12245	92437	92437	75.17	77.20	79.35	74.53	77.12	79.05	75.85	78.12	79.88	75.18	77.48	79.42	1.88209496183	25
12270	12270	92412	92412	75.12	77.10	79.30	74.42	76.97	79.00	76.12	77.92	79.92	75.22	77.33	79.41	1.89229389765	25
12295	12295	92387	92387	75.22	77.08	79.50	74.53	77.12	79.15	76.00	77.95	79.83	75.25	77.38	79.49	1.89422181897	25
12320	12320	92362	92362	75.17	77.20	79.45	74.53	76.95	79.05	75.97	77.78	79.85	75.22	77.31	79.45	1.88659705043	25
12345	12345	92337	92337	75.25	77.22	79.60	74.53	76.97	79.05	75.97	77.92	79.92	75.25	77.38	79.53	1.88532339895	25
12370	12370	92312	92312	75.40	77.12	79.65	74.65	76.88	79.05	75.95	77.78	79.83	75.33	77.26	79.51	1.87407577003	25
12395	12395	92287	92287	75.58	77.17	79.45	74.78	77.10	78.83	75.80	77.88	79.75	75.38	77.38	79.34	1.86406264932	25
12420	12420	92262	92262	75.65	77.00	79.55	74.88	76.90	78.75	76.05	77.90	79.80	75.53	77.27	79.37	1.86145593161	25
12445	12445	92237	92237	75.58	77.05	79.45	74.78	76.72	78.72	75.97	77.90	79.67	75.44	77.22	79.28	1.86364218939	25
12470	12470	92212	92212	75.38	77.10	79.42	74.95	76.70	78.78	76.03	77.90	79.62	75.45	77.23	79.28	1.85772898533	25
12495	12495	92187	92187	75.62	77.25	79.30	74.80	76.53	78.65	76.10	77.78	79.58	75.51	77.18	79.17	1.85502697527	25
12520	12520	92162	92162	75.67	77.12	79.10	74.70	76.53	78.55	76.30	77.78	79.55	75.56	77.14	79.07	1.8589340604	25
12545	12545	92137	92137	75.75	77.00	78.97	74.83	76.70	78.65	76.25	77.85	79.80	75.61	77.18	79.14	1.8589589816	25
12570	12570	92112	92112	75.70	77.15	78.83	74.90	76.35	78.62	76.17	77.65	79.67	75.59	77.05	79.04	1.86166031744	25
12595	12595	92087	92087	75.92	77.08	78.80	74.67	76.22	78.45	76.38	77.60	79.70	75.66	76.97	78.98	1.86523412605	25
12620	12620	92062	92062	75.83	76.90	78.67	74.75	76.10	78.33	76.42	77.53	79.78	75.67	76.84	78.92	1.86373645516	25
12645	12645	92037	92037	75.70	76.75	78.62	74.72	75.90	78.17	76.55	77.30	79.75	75.66	76.65	78.85	1.86304546093	25
12670	12670	92012	92012	75.70	76.78	78.42	74.72	76.03	78.08	76.38	77.42	79.95	75.60	76.74	78.82	1.85978147577	25
12695	12695	91987	91987	75.70	76.67	78.38	74.83	75.83	77.92	76.50	77.40	79.85	75.67	76.63	78.72	1.85510017186	25
12720	12720	91962	91962	75.53	76.60	78.33	74.83	75.92	78.03	76.45	77.38	79.83	75.60	76.63	78.72	1.85587090258	25
12745	12745	91937	91937	75.67	76.58	78.35	74.85	75.83	77.95	76.55	77.38	79.78	75.69	76.59	78.69	1.85990510446	25
12770	12770	91912	91912	75.78	76.58	78.50	74.83	76.05	78.03	76.58	77.28	79.85	75.72	76.63	78.79	1.85792801261	25
12795	12795	91887	91887	75.62	76.53	78.53	74.88	75.80	77.78	76.67	77.45	79.60	75.72	76.59	78.63	1.85891370277	25
12820	12820	91862	91862	75.75	76.58	78.50	74.62	75.67	77.88	76.62	77.25	79.42	75.67	76.50	78.60	1.86215452295	25
12845	12845	91837	91837	75.75	76.60	78.45	74.50	75.60	77.72	76.65	77.33	79.40	75.63	76.51	78.53	1.86967872459	25
12870	12870	91812	91812	75.70	76.50	78.35	74.45	75.72	77.53	76.60	77.17	79.35	75.58	76.47	78.41	1.86828283744	25
12895	12895	91787	91787	75.62	76.67	78.53	74.55	75.70	77.60	76.45	77.25	79.35	75.54	76.54	78.49	1.87500496766	25
12920	12920	91762	91762	75.60	76.60	78.62	74.42	75.83	77.60	76.62	77.20	79.38	75.55	76.54	78.53	1.86905871503	25
12945	12945	91737	91737	75.72	76.62	78.50	74.42	75.65	77.58	76.88	77.25	79.20	75.67	76.51	78.42	1.86985429788	25
12970	12970	91712	91712	75.83	76.80	78.30	74.53	75.67	77.45	76.80	77.20	79.33	75.72	76.56	78.36	1.87149116801	25
12995	12995	91687	91687	75.67	76.62	78.17	74.47	75.42	77.35	76.80	77.00	79.28	75.65	76.35	78.27	1.87154320928	25
13020	13020	91662	91662	75.60	76.45	78.15	74.58	75.28	77.30	76.75	76.90	79.38	75.64	76.21	78.28	1.86802819177	25
13045	13045	91637	91637	75.50	76.42	78.10	74.72	75.45	77.22	76.75	76.80	79.40	75.66	76.22	78.24	1.86837639403	25
13070	13070	91612	91612	75.50	76.47	78.08	74.92	75.30	77.17	76.78	76.92	79.30	75.73	76.23	78.18	1.87049587754	25
13095	13095	91587	91587	75.40	76.33	78.03	74.75	75.20	77.10	76.67	76.88	79.25	75.61	76.13	78.12	1.86782267349	25
13120	13120	91562	91562	75.35	76.42	78.22	74.55	75.33	77.10	76.78	76.85	79.28	75.56	76.20	78.20	1.86610445366	25
13145	13145	91537	91537	75.25	76.30	78.28	74.62	75.12	77.12	76.85	76.88	79.28	75.58	76.10	78.22	1.86411426163	25
13170	13170	91512	91512	75.35	76.38	77.95	74.78	74.92	76.97	76.85	76.75	79.12	75.66	76.02	78.02	1.86413362351	25
13195	13195	91487	91487	75.28	76.38	77.75	74.65	74.97	76.90	76.72	76.67	79.20	75.55	76.01	77.95	1.86732561334	25
13220	13220	91462	91462	74.92	76.30	77.75	74.60	75.00	76.85	76.83	76.55	79.05	75.45	75.95	77.88	1.86274426567	25
13245	13245	91437	91437	75.17	76.33	77.55	74.45	74.95	76.72	76.83	76.75	79.15	75.48	76.01	77.81	1.86230004632	25
13270	13270	91412	91412	75.20	76.33	77.67	74.42	75.05	76.67	76.75	76.85	79.03	75.46	76.08	77.79	1.86025579435	25
13295	13295	91387	91387	75.12	76.30	77.50	74.22	75.12	76.65	76.38	76.78	79.05	75.24	76.07	77.73	1.86091157529	25
13320	13320	91362	91362	75.10	76.45	77.62	74.17	74.92	76.67	76.38	76.72	78.95	75.22	76.03	77.75	1.86210308772	25
13345	13345	91337	91337	75.08	76.20	77.55	74.15	74.92	76.58	76.25	76.62	78.85	75.16	75.92	77.66	1.858506448	25
13370	13370	91312	91312	74.95	76.17	77.62	74.10	74.80	76.53	76.33	76.55	78.83	75.12	75.84	77.66	1.85828159514	25
13395	13395	91287	91287	74.75	76.22	77.55	74.03	74.88	76.55	76.20	76.72	78.78	74.99	75.94	77.62	1.85810951753	25
13420	13420	91262	91262	74.72	76.22	77.55	74.12	74.88	76.30	76.20	76.62	78.70	75.02	75.91	77.52	1.85967370876	25
13445	13445	91237	91237	74.58	76.22	77.53	74.17	74.80	76.28	76.08	76.70	78.80	74.94	75.91	77.53	1.85701751349	25
13470	13470	91212	91212	74.65	76.15	77.28	74.17	74.70	76.25	76.05	76.47	78.85	74.96	75.78	77.46	1.85789776318	25
13495	13495	91187	91187	74.58	76.15	77.35	73.97	74.65	76.12	76.05	76.45	78.95	74.87	75.75	77.47	1.85718066948	25
13520	13520	91162	91162	74.58	76.42	77.45	74.12	74.65	76.20	76.00	76.35	78.75	74.90	75.81	77.47	1.85504077091	25
13545	13545	91137	91137	74.55	76.28	77.38	74.10	74.55	76.12	75.83	76.42	78.72	74.83	75.75	77.41	1.8569947876	25
13570	13570	91112	91112	74.45	76.15	77.40	74.10	74.40	75.95	76.03	76.30	78.72	74.86	75.62	77.36	1.85753618211	25
13595	13595	91087	91087	74.45	76.15	77.28	74.10	74.35	75.90	76.00	76.20	78.72	74.85	75.57	77.30	1.8560528267	25
13620	13620	91062	91062	74.53	76.03	77.33	74.05	74.70	75.85	75.85	76.30	78.60	74.81	75.67	77.26	1.85781298827	25
13645	13645	91037	91037	74.60	76.10	77.35	74.03	74.72	75.95	75.72	76.38	78.62	74.78	75.73	77.31	1.85400641042	25
13670	13670	91012	91012	74.60	76.17	77.47	73.95	74.72	75.83	75.75	76.25	78.53	74.77	75.72	77.28	1.85617323934	25
13695	13695	90987	90987	74.62	76.00	77.42	73.90	74.58	75.70	75.92	76.15	78.47	74.82	75.58	77.20	1.85612822265	25
13720	13720	90962	90962	74.55	75.95	77.15	73.65	74.60	75.65	75.70	76.03	78.38	74.63	75.53	77.06	1.85694329153	25
13745	13745	90937	90937	74.40	75.88	77.20	73.70	74.42	75.60	75.67	76.05	78.38	74.59	75.45	77.06	1.85620666374	25
13770	13770	90912	90912	74.50	75.90	77.22	73.75	74.50	75.45	75.67	76.20	78.35	74.64	75.53	77.01	1.85207600052	25
13795	13795	90887	90887	74.38	75.90	77.25	73.65	74.58	75.45	75.78	76.30	78.22	74.60	75.59	76.97	1.85186861065	25
13820	13820	90862	90862	74.30	75.92	77.12	73.47	74.40	75.40	75.65	76.10	78.00	74.47	75.47	76.84	1.85385071998	25
13845	13845	90837	90837	74.30	76.03	77.12	73.40	74.45	75.33	75.80	76.12	78.00	74.50	75.53	76.82	1.85573100577	25
13870	13870	90812	90812	74.42	75.65	77.08	73.35	74.35	75.33	75.80	76.05	77.97	74.53	75.35	76.79	1.85520912545	25
13895	13895	90787	90787	74.38	75.83	76.92	73.35	74.40	75.40	75.80	75.88	77.97	74.51	75.37	76.77	1.85292584269	25
13920	13920	90762	90762	74.22	75.55	76.97	73.42	74.28	75.30	75.67	75.78	78.03	74.44	75.20	76.77	1.85187439766	25
13945	13945	90737	90737	74.28	75.70	77.12	73.42	74.28	75.47	75.85	75.85	77.88	74.52	75.28	76.83	1.85019249737	25
13970	13970	90712	90712	74.30	75.58	77.03	73.55	74.17	75.38	75.65	75.85	77.83	74.50	75.20	76.74	1.8502413763	25
13995	13995	90687	90687	74.17	75.45	76.85	73.42	74.12	75.33	75.50	75.70	77.70	74.37	75.09	76.62	1.85032469918	25
14020	14020	90662	90662	74.03	75.45	76.80	73.22	74.22	75.25	75.45	75.65	77.67	74.23	75.11	76.58	1.85073361297	25
14045	14045	90637	90637	74.08	75.33	76.75	73.22	74.20	75.10	75.53	75.62	77.50	74.28	75.05	76.45	1.84888210608	25
14070	14070	90612	90612	74.08	75.17	76.60	73.12	74.10	75.15	75.53	75.65	77.45	74.24	74.97	76.40	1.84845268681	25
14095	14095	90587	90587	74.10	74.97	76.65	73.05	73.95	75.12	75.58	75.65	77.53	74.24	74.86	76.43	1.84993836546	25
14120	14120	90562	90562	74.20	74.95	76.67	73.10	73.88	75.15	75.55	75.53	77.55	74.28	74.78	76.46	1.84965853759	25
14145	14145	90537	90537	74.28	74.83	76.58	73.08	74.05	75.20	75.65	75.55	77.50	74.33	74.81	76.42	1.84945050534	25
14170	14170	90512	90512	74.12	74.85	76.55	73.08	73.88	75.05	75.58	75.42	77.55	74.26	74.72	76.38	1.85146989191	25
14195	14195	90487	90487	74.17	74.85	76.38	73.15	73.92	75.08	75.55	75.35	77.50	74.29	74.71	76.32	1.84790849171	25
14220	14220	90462	90462	73.92	74.78	76.38	73.25	73.95	74.92	75.53	75.35	77.30	74.23	74.69	76.20	1.84953141509	25
14245	14245	90437	90437	73.85	74.67	76.30	73.17	73.90	74.95	75.40	75.28	77.25	74.14	74.62	76.17	1.84757945802	25
14270	14270	90412	90412	73.88	74.70	76.28	73.17	73.72	74.88	75.30	75.20	77.10	74.12	74.54	76.08	1.84843019199	25
14295	14295	90387	90387	73.97	74.65	76.22	73.20	73.78	74.85	75.38	75.20	77.15	74.18	74.54	76.08	1.84637565544	25
14320	14320	90362	90362	73.83	74.58	76.03	73.05	73.62	74.67	75.28	75.38	77.00	74.05	74.53	75.90	1.84612771437	25
14345	14345	90337	90337	73.97	74.58	75.95	73.08	73.70	74.60	75.05	75.40	76.92	74.03	74.56	75.83	1.84497032594	25
14370	14370	90312	90312	73.90	74.55	76.00	73.05	73.78	74.60	75.17	75.45	76.92	74.04	74.59	75.84	1.84147964017	25
14395	14395	90287	90287	74.00	74.62	76.05	73.03	73.60	74.58	75.10	75.40	76.90	74.04	74.54	75.84	1.83821354954	25
14420	14420	90262	90262	73.83	74.70	76.08	73.03	73.60	74.42	74.90	75.25	77.03	73.92	74.52	75.84	1.83898134533	25
14445	14445	90237	90237	73.72	74.62	76.08	73.00	73.30	74.55	74.75	75.33	76.95	73.83	74.42	75.86	1.84033064131	25
14470	14470	90212	90212	73.70	74.62	75.97	72.83	73.30	74.47	74.72	75.25	76.70	73.75	74.39	75.72	1.83888381885	25
14495	14495	90187	90187	73.65	74.60	75.92	72.90	73.20	74.35	74.78	75.10	76.70	73.78	74.30	75.66	1.8400155854	25
14520	14520	90162	90162	73.55	74.53	75.92	72.78	73.20	74.33	74.53	75.12	76.55	73.62	74.28	75.60	1.83965023994	25
14545	14545	90137	90137	73.67	74.55	75.92	72.75	73.12	74.30	74.70	74.95	76.70	73.71	74.21	75.64	1.83744149132	25
14570	14570	90112	90112	73.62	74.47	75.78	72.67	73.05	74.40	74.60	75.05	76.62	73.63	74.19	75.60	1.83893971275	25
14595	14595	90087	90087	73.65	74.45	75.62	72.58	72.95	74.35	74.60	75.08	76.62	73.61	74.16	75.53	1.83856045464	25
14620	14620	90062	90062	73.60	74.38	75.60	72.53	72.88	74.25	74.70	74.75	76.42	73.61	74.00	75.42	1.83889205088	25
14645	14645	90037	90037	73.40	74.40	75.58	72.42	72.88	74.22	74.50	74.62	76.40	73.44	73.97	75.40	1.83981629163	25
14670	14670	90012	90012	73.55	74.17	75.40	72.50	72.70	74.25	74.45	74.58	76.50	73.50	73.82	75.38	1.84013220187	25
14695	14695	89987	89987	73.45	74.22	75.45	72.60	72.72	74.22	74.40	74.60	76.42	73.48	73.85	75.37	1.84110669642	25
14720	14720	89962	89962	73.40	74.22	75.40	72.53	72.62	74.10	74.40	74.60	76.45	73.44	73.82	75.32	1.84041069773	25
14745	14745	89937	89937	73.45	74.08	75.42	72.55	72.45	74.15	74.42	74.70	76.45	73.47	73.74	75.34	1.84031050236	25
14770	14770	89912	89912	73.30	74.03	75.38	72.45	72.42	73.97	74.30	74.72	76.50	73.35	73.72	75.28	1.83891590224	25
14795	14795	89887	89887	73.30	73.88	75.20	72.42	72.38	73.75	74.30	74.53	76.50	73.34	73.59	75.15	1.83884410873	25
14820	14820	89862	89862	73.38	73.92	75.40	72.17	72.33	73.80	74.38	74.47	76.30	73.31	73.58	75.17	1.8373617024	25
14845	14845	89837	89837	73.12	73.90	75.33	72.12	72.28	73.70	74.30	74.62	76.17	73.18	73.60	75.07	1.84036038469	25
14870	14870	89812	89812	73.28	73.95	75.28	72.08	72.38	73.75	74.35	74.60	76.08	73.23	73.64	75.03	1.83914158773	25
14895	14895	89787	89787	73.22	73.85	75.22	71.95	72.50	73.65	74.30	74.55	76.25	73.16	73.63	75.04	1.83936177845	25
14920	14920	89762	89762	73.22	73.80	75.22	71.90	72.45	73.72	74.35	74.55	76.15	73.16	73.60	75.03	1.84030350285	25
14945	14945	89737	89737	73.28	73.83	75.03	72.00	72.38	73.45	74.35	74.47	76.20	73.21	73.56	74.89	1.84061569431	25
14970	14970	89712	89712	73.25	73.72	75.05	71.97	72.45	73.47	74.33	74.25	76.10	73.18	73.47	74.88	1.84163423544	25
14995	14995	89687	89687	73.22	73.90	75.03	72.05	72.45	73.50	74.30	74.30	76.12	73.19	73.55	74.88	1.8400307336	25
15020	15020	89662	89662	73.10	73.62	74.80	72.00	72.42	73.40	74.25	74.03	76.12	73.12	73.36	74.78	1.8396411235	25
15045	15045	89637	89637	72.92	73.58	74.88	71.97	72.35	73.33	74.20	74.03	76.08	73.03	73.32	74.76	1.8403129544	25
15070	15070	89612	89612	72.85	73.50	74.72	71.85	72.30	73.25	74.15	74.05	76.03	72.95	73.28	74.67	1.83726615911	25
15095	15095	89587	89587	72.75	73.47	74.67	71.90	72.10	73.12	74.17	73.85	75.97	72.94	73.14	74.59	1.83886250842	25
15120	15120	89562	89562	72.95	73.50	74.60	71.88	71.92	73.10	74.20	73.67	75.88	73.01	73.03	74.53	1.83823790524	25
15145	15145	89537	89537	73.00	73.58	74.62	71.78	71.88	73.00	74.03	73.67	75.80	72.93	73.04	74.47	1.83842910932	25
15170	15170	89512	89512	72.92	73.50	74.50	71.88	71.92	73.08	73.92	73.72	75.83	72.91	73.05	74.47	1.83628041689	25
15195	15195	89487	89487	72.88	73.53	74.47	71.83	71.92	73.03	73.78	73.85	75.78	72.83	73.10	74.42	1.83660603672	25
15220	15220	89462	89462	72.95	73.47	74.42	71.97	71.85	73.03	73.75	73.83	75.70	72.89	73.05	74.38	1.83603951943	25
15245	15245	89437	89437	72.85	73.53	74.38	71.70	71.90	73.05	73.72	73.85	75.72	72.76	73.09	74.38	1.83625954694	25
15270	15270	89412	89412	72.65	73.53	74.17	71.75	71.83	72.92	73.90	73.90	75.83	72.77	73.08	74.31	1.83862213752	25
15295	15295	89387	89387	72.72	73.42	74.17	71.62	71.67	72.78	73.80	73.75	75.72	72.72	72.95	74.22	1.83815967759	25
15320	15320	89362	89362	72.58	73.30	73.95	71.58	71.83	72.67	73.78	73.78	75.70	72.64	72.97	74.11	1.83573453954	25
15345	15345	89337	89337	72.72	73.33	73.97	71.58	71.72	72.75	73.75	73.62	75.60	72.68	72.89	74.11	1.83735450372	25
15370	15370	89312	89312	72.58	73.17	73.95	71.40	71.78	72.80	73.80	73.67	75.67	72.59	72.88	74.14	1.83894906906	25
15395	15395	89287	89287	72.83	73.00	73.88	71.38	71.72	72.78	73.80	73.72	75.53	72.67	72.82	74.06	1.83762697031	25
15420	15420	89262	89262	72.70	72.88	73.90	71.28	71.70	72.72	73.85	73.50	75.38	72.61	72.69	74.00	1.83756187617	25
15445	15445	89237	89237	72.55	73.10	73.92	71.38	71.72	72.62	73.70	73.70	75.30	72.54	72.84	73.95	1.83728975132	25
15470	15470	89212	89212	72.42	73.05	73.78	71.17	71.60	72.65	73.62	73.62	75.25	72.41	72.76	73.89	1.83736658985	25
15495	15495	89187	89187	72.33	73.03	73.72	71.22	71.50	72.62	73.58	73.55	75.22	72.38	72.69	73.86	1.8371072367	25
15520	15520	89162	89162	72.28	72.95	73.72	71.25	71.40	72.53	73.70	73.42	75.25	72.41	72.59	73.83	1.83633611108	25
15545	15545	89137	89137	72.30	73.00	73.65	71.25	71.38	72.53	73.53	73.45	75.20	72.36	72.61	73.79	1.83559616814	25
15570	15570	89112	89112	72.28	72.95	73.60	71.20	71.28	72.50	73.47	73.35	75.20	72.32	72.53	73.77	1.83543969958	25
15595	15595	89087	89087	72.28	72.90	73.55	71.10	71.28	72.47	73.38	73.38	75.10	72.25	72.52	73.71	1.83676902672	25
15620	15620	89062	89062	72.22	72.90	73.58	71.03	71.35	72.45	73.20	73.45	75.17	72.15	72.57	73.73	1.83467714345	25
15645	15645	89037	89037	72.12	72.72	73.42	70.95	71.30	72.40	73.15	73.35	74.92	72.08	72.46	73.58	1.83721322003	25
15670	15670	89012	89012	72.17	72.83	73.30	70.95	71.28	72.28	73.22	73.38	74.90	72.12	72.49	73.49	1.8358345204	25
15695	15695	88987	88987	71.90	72.67	73.28	70.88	71.30	72.15	73.15	73.17	74.85	71.97	72.38	73.42	1.83527149586	25
15720	15720	88962	88962	71.90	72.78	73.25	70.72	71.25	72.10	73.05	73.20	74.70	71.89	72.41	73.35	1.83442534159	25
15745	15745	88937	88937	71.97	72.80	73.12	70.60	71.25	72.08	72.85	73.20	74.70	71.81	72.42	73.30	1.83357460259	25
15770	15770	88912	88912	71.83	72.80	73.17	70.53	71.25	72.12	72.92	73.20	74.70	71.76	72.42	73.33	1.83306466815	25
15795	15795	88887	88887	71.85	72.78	73.10	70.42	71.20	72.03	72.90	73.12	74.47	71.72	72.37	73.20	1.83379145186	25
15820	15820	88862	88862	71.80	72.85	73.10	70.53	71.25	72.03	72.72	73.12	74.53	71.68	72.41	73.22	1.83297809571	25
15845	15845	88837	88837	71.65	72.72	73.17	70.47	71.08	72.03	72.72	73.10	74.38	71.62	72.30	73.19	1.83294172372	25
15870	15870	88812	88812	71.62	72.75	73.12	70.40	71.05	71.97	72.58	73.12	74.40	71.53	72.31	73.17	1.8328749842	25
15895	15895	88787	88787	71.62	72.75	73.05	70.45	71.08	72.03	72.60	73.10	74.33	71.56	72.31	73.13	1.83280457611	25
15920	15920	88762	88762	71.67	72.70	73.03	70.33	71.17	71.90	72.38	73.17	74.22	71.46	72.35	73.05	1.83230106817	25
15945	15945	88737	88737	71.80	72.67	72.88	70.28	71.12	71.85	72.30	73.08	74.15	71.46	72.29	72.96	1.83217030428	25
15970	15970	88712	88712	71.62	72.67	72.75	70.22	71.08	71.88	72.20	73.03	74.15	71.35	72.26	72.92	1.83256121821	25
15995	15995	88687	88687	71.55	72.60	72.72	70.20	70.97	71.85	72.20	72.97	74.17	71.32	72.18	72.92	1.83065800567	25
16020	16020	88662	88662	71.58	72.47	72.60	70.30	70.92	71.83	72.15	72.95	73.95	71.34	72.12	72.79	1.83051674099	25
16045	16045	88637	88637	71.50	72.42	72.67	70.25	70.67	71.67	72.10	72.85	73.95	71.28	71.98	72.77	1.83253760184	25
16070	16070	88612	88612	71.47	72.35	72.60	70.22	70.70	71.60	72.05	72.85	73.75	71.25	71.97	72.65	1.83266771555	25
16095	16095	88587	88587	71.30	72.40	72.60	70.17	70.55	71.53	71.95	72.83	73.72	71.14	71.92	72.62	1.8321641866	25
16120	16120	88562	88562	71.35	72.38	72.55	70.12	70.60	71.50	71.92	72.80	73.70	71.13	71.92	72.58	1.83118159766	25
16145	16145	88537	88537	71.50	72.40	72.58	70.10	70.58	71.58	72.08	72.72	73.62	71.22	71.90	72.59	1.83233499048	25
16170	16170	88512	88512	71.40	72.33	72.47	70.10	70.53	71.53	71.97	72.65	73.60	71.16	71.83	72.53	1.83237423386	25
16195	16195	88487	88487	71.38	72.17	72.40	70.17	70.55	71.45	71.97	72.65	73.53	71.17	71.79	72.46	1.83274006277	25
16220	16220	88462	88462	71.15	72.05	72.33	70.15	70.50	71.40	71.95	72.70	73.38	71.08	71.75	72.37	1.83374058805	25
16245	16245	88437	88437	71.17	72.03	72.33	70.05	70.40	71.45	71.97	72.75	73.40	71.07	71.72	72.39	1.83285352405	25
16270	16270	88412	88412	71.03	71.85	72.33	69.97	70.47	71.47	71.85	72.65	73.38	70.95	71.66	72.39	1.83395550129	25
16295	16295	88387	88387	70.92	71.85	72.35	70.00	70.35	71.47	71.67	72.58	73.25	70.87	71.59	72.36	1.83441384855	25
16320	16320	88362	88362	70.92	71.78	72.35	70.08	70.35	71.45	71.58	72.53	73.35	70.86	71.55	72.38	1.83417168433	25
16345	16345	88337	88337	71.10	71.60	72.42	70.03	70.30	71.40	71.62	72.50	73.20	70.92	71.47	72.34	1.83250883868	25
16370	16370	88312	88312	71.03	71.58	72.33	69.97	70.28	71.42	71.65	72.50	73.20	70.88	71.45	72.32	1.83133114656	25
16395	16395	88287	88287	71.08	71.55	72.42	69.90	70.30	71.25	71.58	72.50	73.12	70.85	71.45	72.27	1.83247788382	25
16420	16420	88262	88262	71.00	71.55	72.33	69.85	70.28	71.15	71.62	72.40	73.05	70.83	71.41	72.17	1.83250229382	25
16445	16445	88237	88237	70.88	71.45	72.22	69.78	70.30	71.12	71.62	72.38	73.03	70.76	71.38	72.12	1.83327683781	25
16470	16470	88212	88212	70.85	71.60	72.33	69.80	70.20	71.12	71.70	72.35	73.03	70.78	71.38	72.16	1.83461848783	25
16495	16495	88187	88187	70.72	71.50	72.15	69.72	70.20	71.08	71.72	72.33	73.03	70.72	71.34	72.08	1.83224208348	25
16520	16520	88162	88162	70.78	71.53	72.20	69.65	70.20	70.92	71.53	72.20	73.05	70.65	71.31	72.06	1.83206598705	25
16545	16545	88137	88137	70.80	71.45	72.20	69.65	70.20	70.85	71.55	72.15	73.03	70.67	71.27	72.03	1.83204198377	25
16570	16570	88112	88112	70.75	71.42	72.12	69.53	70.15	70.83	71.53	72.22	72.97	70.60	71.27	71.97	1.83137702142	25
16595	16595	88087	88087	70.80	71.33	72.22	69.53	70.12	70.75	71.47	72.20	72.85	70.60	71.22	71.94	1.83308568743	25
16620	16620	88062	88062	70.65	71.30	72.05	69.55	70.10	70.83	71.33	72.15	72.83	70.51	71.18	71.90	1.83306342543	25
16645	16645	88037	88037	70.42	71.12	71.92	69.38	69.85	70.75	71.35	72.12	72.72	70.38	71.03	71.80	1.8327587439	25
16670	16670	88012	88012	70.38	71.03	71.88	69.40	69.85	70.67	71.17	72.00	72.62	70.32	70.96	71.72	1.83478413992	25
16695	16695	87987	87987	70.45	71.05	71.90	69.50	69.83	70.58	71.20	72.08	72.55	70.38	70.98	71.67	1.83409860679	25
16720	16720	87962	87962	70.35	71.03	71.78	69.40	69.80	70.53	71.10	72.08	72.72	70.28	70.97	71.67	1.83385759204	25
16745	16745	87937	87937	70.35	70.92	71.72	69.35	69.80	70.53	71.00	72.10	72.45	70.23	70.94	71.57	1.83736159042	25
16770	16770	87912	87912	70.20	70.97	71.65	69.20	69.85	70.47	70.92	72.05	72.30	70.11	70.96	71.47	1.83519202866	25
16795	16795	87887	87887	70.22	70.88	71.70	69.17	69.85	70.47	71.12	72.17	72.30	70.17	70.97	71.49	1.83321863841	25
16820	16820	87862	87862	70.25	70.92	71.55	69.22	69.67	70.47	71.05	71.95	72.35	70.17	70.85	71.46	1.83355164448	25
16845	16845	87837	87837	70.28	70.92	71.38	69.20	69.50	70.47	70.97	71.92	72.47	70.15	70.78	71.44	1.83426658001	25
16870	16870	87812	87812	70.30	70.70	71.40	69.15	69.53	70.33	71.03	71.78	72.47	70.16	70.67	71.40	1.83537362064	25
16895	16895	87787	87787	70.12	70.55	71.28	69.12	69.40	70.28	70.92	71.62	72.33	70.06	70.53	71.29	1.83666289801	25
16920	16920	87762	87762	70.12	70.67	71.22	68.83	69.45	70.22	70.90	71.53	72.35	69.95	70.55	71.27	1.83856182506	25
16945	16945	87737	87737	70.22	70.72	71.22	68.83	69.42	70.22	70.78	71.42	72.17	69.94	70.53	71.21	1.83837165356	25
16970	16970	87712	87712	70.22	70.70	71.25	68.88	69.30	70.03	70.65	71.50	72.10	69.92	70.50	71.12	1.84015719063	25
16995	16995	87687	87687	70.25	70.60	71.28	68.80	69.25	69.97	70.72	71.50	72.15	69.92	70.45	71.13	1.83839665313	25
17020	17020	87662	87662	70.30	70.65	71.17	68.85	69.20	69.95	70.70	71.50	72.17	69.95	70.45	71.10	1.83862173626	25
17045	17045	87637	87637	70.22	70.58	71.17	68.75	69.05	69.85	70.58	71.58	72.15	69.85	70.40	71.06	1.83861555165	25
17070	17070	87612	87612	70.15	70.55	71.15	68.75	69.00	69.83	70.55	71.45	72.03	69.82	70.33	71.00	1.83779631618	25
17095	17095	87587	87587	70.00	70.47	71.05	68.78	68.97	69.78	70.53	71.40	72.00	69.77	70.28	70.94	1.83801673393	25
17120	17120	87562	87562	70.08	70.40	71.00	68.65	68.95	69.70	70.42	71.35	71.88	69.72	70.23	70.86	1.83766836457	25
17145	17145	87537	87537	70.10	70.30	70.95	68.70	68.92	69.70	70.58	71.38	71.88	69.79	70.20	70.84	1.83773667217	25
17170	17170	87512	87512	70.10	70.42	70.95	68.75	68.88	69.60	70.50	71.35	71.75	69.78	70.22	70.77	1.83537921572	25
17195	17195	87487	87487	70.05	70.42	70.95	68.65	68.85	69.47	70.53	71.30	71.78	69.74	70.19	70.73	1.83502939144	25
17220	17220	87462	87462	70.08	70.35	70.88	68.67	68.83	69.47	70.45	71.28	71.83	69.73	70.15	70.72	1.83564370307	25
17245	17245	87437	87437	70.08	70.40	70.85	68.62	68.95	69.50	70.47	71.22	71.67	69.72	70.19	70.67	1.83658771692	25
17270	17270	87412	87412	70.08	70.35	70.62	68.72	68.85	69.45	70.55	71.12	71.60	69.78	70.11	70.56	1.8372600481	25
17295	17295	87387	87387	70.00	70.30	70.65	68.58	68.75	69.42	70.50	71.22	71.55	69.69	70.09	70.54	1.83748174403	25
17320	17320	87362	87362	70.00	70.25	70.60	68.55	68.78	69.33	70.40	71.25	71.55	69.65	70.09	70.49	1.8396859684	25
17345	17345	87337	87337	69.92	70.15	70.55	68.42	68.67	69.30	70.30	71.22	71.38	69.55	70.02	70.41	1.83947811868	25
17370	17370	87312	87312	69.85	70.25	70.38	68.33	68.75	69.22	70.20	71.17	71.42	69.46	70.06	70.34	1.83831937459	25
17395	17395	87287	87287	69.90	70.10	70.30	68.28	68.70	69.08	70.10	71.22	71.33	69.42	70.01	70.23	1.84018045565	25
17420	17420	87262	87262	69.88	70.05	70.28	68.30	68.67	69.00	70.08	71.22	71.33	69.42	69.98	70.20	1.83870308612	25
17445	17445	87237	87237	69.83	70.08	70.20	68.35	68.67	68.88	70.05	71.15	71.25	69.41	69.97	70.11	1.83782490916	25
17470	17470	87212	87212	69.80	70.03	70.25	68.38	68.65	68.92	70.03	71.17	71.33	69.40	69.95	70.17	1.83894302709	25
17495	17495	87187	87187	69.62	70.00	70.20	68.20	68.67	68.95	69.95	71.20	71.35	69.26	69.96	70.17	1.83817741221	25
17520	17520	87162	87162	69.62	69.97	70.12	68.12	68.55	68.95	70.03	71.17	71.33	69.26	69.90	70.13	1.83884583578	25
17545	17545	87137	87137	69.45	69.95	70.08	68.15	68.55	68.92	69.78	71.05	71.12	69.12	69.85	70.04	1.83842869921	25
17570	17570	87112	87112	69.45	69.92	70.08	68.20	68.53	68.90	69.62	71.03	71.05	69.09	69.83	70.01	1.83702701386	25
17595	17595	87087	87087	69.30	69.88	70.10	67.92	68.47	68.90	69.45	71.00	70.95	68.89	69.78	69.98	1.83697516288	25
17620	17620	87062	87062	69.15	69.83	69.95	67.72	68.47	68.75	69.35	71.00	70.97	68.74	69.77	69.89	1.83693305428	25
17645	17645	87037	87037	69.05	69.75	69.92	67.60	68.50	68.72	69.22	71.05	70.88	68.62	69.77	69.84	1.83683058889	25
17670	17670	87012	87012	68.90	69.78	69.85	67.60	68.45	68.65	69.08	71.03	70.88	68.53	69.75	69.79	1.83618781143	25
17695	17695	86987	86987	68.72	69.75	69.80	67.55	68.42	68.58	69.15	70.97	70.85	68.47	69.72	69.74	1.83705331281	25
17720	17720	86962	86962	68.65	69.55	69.78	67.38	68.38	68.50	69.25	70.90	70.70	68.42	69.61	69.66	1.83679372449	25
17745	17745	86937	86937	68.67	69.58	69.78	67.40	68.35	68.53	69.17	70.83	70.58	68.42	69.58	69.62	1.83665678269	25
17770	17770	86912	86912	68.55	69.47	69.75	67.25	68.30	68.45	69.17	70.88	70.60	68.33	69.55	69.60	1.83539441305	25
17795	17795	86887	86887	68.33	69.42	69.60	67.17	68.17	68.47	69.05	70.88	70.53	68.18	69.49	69.53	1.83597651709	25
17820	17820	86862	86862	68.30	69.42	69.60	67.10	68.20	68.45	69.03	70.83	70.45	68.14	69.48	69.50	1.83611644281	25
17845	17845	86837	86837	68.40	69.47	69.60	67.15	68.05	68.30	69.10	70.75	70.28	68.22	69.42	69.39	1.83625223386	25
17870	17870	86812	86812	68.35	69.42	69.47	67.12	67.95	68.28	69.08	70.60	70.22	68.18	69.33	69.33	1.8368114155	25
17895	17895	86787	86787	68.30	69.45	69.33	67.15	68.00	68.25	69.15	70.60	70.15	68.20	69.35	69.24	1.83653953148	25
17920	17920	86762	86762	68.20	69.45	69.33	67.15	67.88	68.17	69.00	70.42	70.10	68.12	69.25	69.20	1.83634169646	25
17945	17945	86737	86737	68.25	69.38	69.25	67.00	67.88	68.12	68.95	70.42	69.95	68.07	69.22	69.11	1.83686801265	25
17970	17970	86712	86712	68.15	69.38	69.22	66.90	67.72	68.08	68.97	70.35	70.00	68.01	69.15	69.10	1.83548532342	25
17995	17995	86687	86687	68.17	69.38	69.22	66.90	67.80	68.03	68.85	70.33	70.05	67.97	69.17	69.10	1.83574586883	25
18020	18020	86662	86662	68.20	69.28	69.17	66.92	67.75	68.08	69.00	70.38	69.92	68.04	69.13	69.06	1.83606346631	25
18045	18045	86637	86637	68.17	69.15	69.15	66.78	67.53	68.00	68.92	70.40	69.85	67.96	69.03	69.00	1.83643876388	25
18070	18070	86612	86612	68.10	69.15	69.08	66.78	67.65	68.03	68.72	70.28	69.78	67.87	69.03	68.96	1.83555879273	25
18095	18095	86587	86587	68.05	69.15	69.12	66.75	67.55	67.90	68.75	70.28	69.70	67.85	68.99	68.91	1.83534321219	25
18120	18120	86562	86562	67.92	69.12	69.05	66.75	67.50	67.72	68.47	70.20	69.65	67.72	68.94	68.81	1.8357254082	25
18145	18145	86537	86537	67.85	68.97	69.05	66.75	67.53	67.65	68.47	70.17	69.58	67.69	68.89	68.76	1.83542623588	25
18170	18170	86512	86512	67.88	69.00	69.03	66.58	67.47	67.62	68.42	70.15	69.53	67.62	68.88	68.72	1.83661241986	25
18195	18195	86487	86487	67.90	69.05	69.03	66.67	67.38	67.60	68.40	70.17	69.40	67.66	68.87	68.67	1.83646422523	25
18220	18220	86462	86462	67.88	69.00	69.05	66.60	67.35	67.62	68.40	69.95	69.40	67.62	68.77	68.69	1.83581302542	25
18245	18245	86437	86437	67.80	69.00	68.92	66.60	67.22	67.58	68.38	69.90	69.47	67.59	68.71	68.66	1.83523416896	25
18270	18270	86412	86412	67.83	69.05	68.92	66.53	67.20	67.55	68.15	69.90	69.33	67.50	68.72	68.60	1.83699859288	25
18295	18295	86387	86387	67.72	69.00	68.88	66.35	67.33	67.47	68.05	69.88	69.20	67.38	68.73	68.52	1.83689995811	25
18320	18320	86362	86362	67.67	68.95	68.85	66.33	67.20	67.47	68.05	69.83	69.10	67.35	68.66	68.47	1.83660491673	25
18345	18345	86337	86337	67.72	68.97	68.75	66.30	67.20	67.42	67.97	69.78	69.10	67.33	68.65	68.42	1.837627123	25
18370	18370	86312	86312	67.55	68.92	68.72	66.22	67.22	67.38	67.90	69.72	69.08	67.22	68.62	68.39	1.83721316499	25
18395	18395	86287	86287	67.62	68.88	68.62	66.22	67.17	67.30	67.85	69.80	69.05	67.23	68.62	68.33	1.83803076456	25
18420	18420	86262	86262	67.50	68.85	68.50	66.25	67.08	67.25	67.83	69.58	68.97	67.19	68.50	68.24	1.83806979302	25
18445	18445	86237	86237	67.47	68.65	68.33	66.15	67.08	67.15	67.75	69.62	68.97	67.12	68.45	68.15	1.83878387228	25
18470	18470	86212	86212	67.40	68.67	68.40	66.12	67.08	67.12	67.70	69.67	69.10	67.08	68.47	68.21	1.83834328854	25
18495	18495	86187	86187	67.35	68.60	68.28	66.12	67.03	67.10	67.75	69.53	69.03	67.08	68.38	68.13	1.83835899725	25
18520	18520	86162	86162	67.35	68.65	68.22	66.05	67.10	67.03	67.62	69.55	69.00	67.01	68.43	68.08	1.8370248839	25
18545	18545	86137	86137	67.38	68.58	68.25	66.05	67.10	67.05	67.58	69.55	69.08	67.00	68.41	68.12	1.83751906276	25
18570	18570	86112	86112	67.38	68.50	68.30	66.05	66.92	67.08	67.62	69.58	68.83	67.02	68.33	68.07	1.8370362094	25
18595	18595	86087	86087	67.40	68.40	68.28	65.92	66.92	67.03	67.58	69.62	68.72	66.97	68.32	68.01	1.83596758011	25
18620	18620	86062	86062	67.40	68.25	68.08	65.97	66.80	66.92	67.50	69.47	68.65	66.96	68.17	67.88	1.83756779184	25
18645	18645	86037	86037	67.33	68.25	67.97	65.90	66.78	66.67	67.45	69.40	68.67	66.89	68.14	67.78	1.83799642678	25
18670	18670	86012	86012	67.20	68.28	67.92	65.88	66.80	66.72	67.38	69.45	68.58	66.82	68.17	67.74	1.83734745046	25
18695	18695	85987	85987	67.12	68.25	67.88	65.88	66.80	66.58	67.38	69.40	68.55	66.79	68.15	67.67	1.83732160461	25
18720	18720	85962	85962	67.12	68.10	67.80	65.88	66.67	66.60	67.30	69.30	68.55	66.77	68.03	67.65	1.83693032464	25
18745	18745	85937	85937	67.03	68.15	67.78	65.70	66.67	66.55	67.25	69.30	68.40	66.66	68.04	67.58	1.83773905673	25
18770	18770	85912	85912	66.92	68.05	67.75	65.65	66.60	66.35	67.25	69.15	68.38	66.61	67.93	67.49	1.83847406677	25
18795	18795	85887	85887	66.95	67.95	67.70	65.67	66.58	66.38	67.30	69.08	68.33	66.64	67.87	67.47	1.83862869408	25
18820	18820	85862	85862	66.90	67.95	67.67	65.65	66.65	66.35	67.30	69.00	68.33	66.62	67.87	67.45	1.83900516498	25
18845	18845	85837	85837	66.90	68.08	67.67	65.60	66.45	66.30	67.28	68.97	68.33	66.59	67.83	67.43	1.8391691444	25
18870	18870	85812	85812	66.80	68.03	67.70	65.65	66.40	66.30	67.25	68.95	68.33	66.57	67.79	67.44	1.83975811884	25
18895	18895	85787	85787	66.80	67.97	67.62	65.47	66.38	66.25	67.15	69.00	68.25	66.47	67.78	67.38	1.84014431212	25
18920	18920	85762	85762	66.75	67.97	67.53	65.42	66.35	66.22	67.22	68.88	68.25	66.47	67.73	67.33	1.83946165323	25
18945	18945	85737	85737	66.67	67.95	67.47	65.58	66.28	66.20	67.08	68.85	68.12	66.44	67.69	67.27	1.84002118776	25
18970	18970	85712	85712	66.60	67.90	67.47	65.55	66.35	66.12	67.08	68.80	68.12	66.41	67.68	67.24	1.84037742497	25
18995	18995	85687	85687	66.67	67.78	67.47	65.50	66.35	66.08	67.10	68.75	68.10	66.42	67.62	67.22	1.8419668014	25
19020	19020	85662	85662	66.60	67.67	67.33	65.42	66.38	66.00	67.05	68.60	67.97	66.36	67.55	67.10	1.84264046852	25
19045	19045	85637	85637	66.50	67.67	67.28	65.42	66.33	66.00	66.95	68.60	68.00	66.29	67.53	67.09	1.84205199643	25
19070	19070	85612	85612	66.55	67.50	67.33	65.35	66.40	65.97	66.85	68.58	67.97	66.25	67.49	67.09	1.84093491721	25
19095	19095	85587	85587	66.45	67.45	67.25	65.40	66.35	66.03	66.78	68.47	67.92	66.21	67.42	67.07	1.84116442463	25
19120	19120	85562	85562	66.42	67.42	67.28	65.42	66.33	65.95	66.83	68.45	67.88	66.22	67.40	67.03	1.84168010939	25
19145	19145	85537	85537	66.47	67.45	67.22	65.35	66.42	65.90	66.72	68.42	67.80	66.18	67.43	66.97	1.84157900778	25
19170	19170	85512	85512	66.35	67.47	67.12	65.35	66.42	65.90	66.75	68.42	67.75	66.15	67.44	66.92	1.83919148614	25
19195	19195	85487	85487	66.40	67.47	67.08	65.38	66.40	65.85	66.65	68.38	67.65	66.14	67.42	66.86	1.83974171671	25
19220	19220	85462	85462	66.20	67.50	67.08	65.30	66.45	65.88	66.72	68.50	67.58	66.08	67.48	66.84	1.84049295108	25
19245	19245	85437	85437	66.15	67.45	67.05	65.30	66.35	65.78	66.62	68.55	67.53	66.03	67.45	66.78	1.84123285415	25
19270	19270	85412	85412	66.17	67.42	67.05	65.22	66.42	65.78	66.70	68.47	67.47	66.03	67.44	66.77	1.84113964199	25
19295	19295	85387	85387	66.20	67.42	67.05	65.20	66.35	65.70	66.62	68.55	67.47	66.01	67.44	66.74	1.84089134976	25
19320	19320	85362	85362	66.12	67.42	67.08	65.12	66.35	65.65	66.55	68.28	67.42	65.93	67.35	66.72	1.84085743102	25
19345	19345	85337	85337	66.15	67.42	67.05	65.03	66.35	65.50	66.58	68.33	67.47	65.92	67.37	66.67	1.84182393424	25
19370	19370	85312	85312	66.08	67.42	66.90	65.00	66.22	65.35	66.50	68.33	67.53	65.86	67.33	66.59	1.84170901454	25
19395	19395	85287	85287	66.08	67.42	66.88	64.92	66.20	65.35	66.30	68.25	67.42	65.77	67.29	66.55	1.84142019216	25
19420	19420	85262	85262	66.05	67.35	66.83	64.90	66.20	65.22	66.25	68.15	67.33	65.73	67.23	66.46	1.84381007248	25
19445	19445	85237	85237	65.95	67.28	66.78	64.85	66.28	65.30	66.15	68.15	67.30	65.65	67.23	66.46	1.84225933507	25
19470	19470	85212	85212	65.92	67.22	66.72	64.90	66.17	65.22	66.10	68.15	67.22	65.64	67.18	66.39	1.8414685397	25
19495	19495	85187	85187	65.90	67.15	66.60	64.83	66.08	65.20	66.08	68.10	67.17	65.60	67.11	66.33	1.84199007289	25
19520	19520	85162	85162	65.70	67.12	66.65	64.85	66.03	65.15	66.03	68.10	67.10	65.53	67.08	66.30	1.84114076732	25
19545	19545	85137	85137	65.75	67.00	66.58	64.80	66.03	65.12	66.05	68.05	67.10	65.53	67.03	66.27	1.84265598119	25
19570	19570	85112	85112	65.80	66.97	66.60	64.80	66.00	65.17	66.10	68.03	67.15	65.57	67.00	66.31	1.84271193293	25
19595	19595	85087	85087	65.70	67.05	66.47	64.83	65.92	65.15	66.03	68.00	67.05	65.52	66.99	66.22	1.84313876785	25
19620	19620	85062	85062	65.62	67.03	66.42	64.88	65.95	65.12	66.03	67.95	67.03	65.51	66.97	66.19	1.84526270035	25
19645	19645	85037	85037	65.47	66.90	66.40	64.92	65.90	65.10	65.92	67.90	66.97	65.44	66.90	66.16	1.8455252442	25
19670	19670	85012	85012	65.55	66.90	66.35	64.83	65.92	64.92	65.80	67.85	66.85	65.39	66.89	66.04	1.84493717956	25
19695	19695	84987	84987	65.53	66.80	66.38	64.85	65.97	64.97	65.80	67.83	66.88	65.39	66.87	66.08	1.84574320067	25
19720	19720	84962	84962	65.50	66.85	66.38	64.80	65.85	65.05	65.70	67.80	66.75	65.33	66.83	66.06	1.84622182184	25
19745	19745	84937	84937	65.35	66.72	66.38	64.80	65.78	65.03	65.65	67.70	66.67	65.27	66.73	66.03	1.84654133855	25
19770	19770	84912	84912	65.42	66.67	66.33	64.85	65.65	65.03	65.58	67.62	66.72	65.28	66.65	66.03	1.84696994236	25
19795	19795	84887	84887	65.33	66.67	66.33	64.80	65.47	65.00	65.67	67.67	66.67	65.27	66.61	66.00	1.84634160192	25
19820	19820	84862	84862	65.28	66.60	66.25	64.70	65.50	65.00	65.67	67.60	66.60	65.22	66.57	65.95	1.84651578376	25
19845	19845	84837	84837	65.25	66.58	66.28	64.70	65.50	65.00	65.65	67.60	66.53	65.20	66.56	65.93	1.84536179865	25
19870	19870	84812	84812	65.28	66.50	66.25	64.70	65.53	65.03	65.60	67.55	66.42	65.19	66.53	65.90	1.84599818424	25
19895	19895	84787	84787	65.25	66.50	66.25	64.60	65.47	65.00	65.55	67.58	66.42	65.13	66.52	65.89	1.84477821217	25
19920	19920	84762	84762	65.22	66.53	66.28	64.67	65.53	65.00	65.42	67.55	66.35	65.11	66.53	65.88	1.84587657195	25
19945	19945	84737	84737	65.20	66.53	66.30	64.65	65.50	64.90	65.42	67.47	66.38	65.09	66.50	65.86	1.84516048717	25
19970	19970	84712	84712	65.10	66.50	66.28	64.60	65.45	64.88	65.42	67.50	66.38	65.04	66.48	65.84	1.84478748641	25
19995	19995	84687	84687	65.10	66.47	66.25	64.50	65.35	64.85	65.33	67.60	66.25	64.97	66.47	65.78	1.84524208541	25
20020	20020	84662	84662	65.12	66.42	66.30	64.42	65.47	64.88	65.38	67.50	66.30	64.97	66.47	65.83	1.84487516765	25
20045	20045	84637	84637	65.17	66.38	66.25	64.47	65.38	64.85	65.30	67.50	66.30	64.98	66.42	65.80	1.84515768066	25
20070	20070	84612	84612	65.03	66.30	66.22	64.40	65.45	64.75	65.30	67.47	66.15	64.91	66.41	65.71	1.8452703501	25
20095	20095	84587	84587	65.03	66.33	66.10	64.33	65.40	64.72	65.35	67.53	66.15	64.90	66.42	65.66	1.8444464894	25
20120	20120	84562	84562	64.92	66.15	66.03	64.38	65.35	64.62	65.28	67.42	66.10	64.86	66.31	65.58	1.84427847899	25
20145	20145	84537	84537	64.97	66.15	66.03	64.40	65.33	64.60	65.30	67.40	66.03	64.89	66.29	65.55	1.84370815517	25
20170	20170	84512	84512	64.95	66.05	66.08	64.30	65.28	64.60	65.30	67.35	65.97	64.85	66.22	65.55	1.84456627517	25
20195	20195	84487	84487	64.95	66.12	65.97	64.20	65.20	64.60	65.17	67.35	65.92	64.78	66.22	65.50	1.84381960723	25
20220	20220	84462	84462	64.97	66.12	65.92	64.25	65.10	64.55	65.20	67.25	65.92	64.81	66.16	65.47	1.84374127505	25
20245	20245	84437	84437	64.85	66.10	65.75	64.30	65.15	64.53	65.22	67.22	66.05	64.79	66.16	65.44	1.84367986078	25
20270	20270	84412	84412	64.88	66.05	65.70	64.28	65.10	64.45	65.20	67.17	65.92	64.78	66.11	65.36	1.8446916301	25
20295	20295	84387	84387	64.80	66.05	65.83	64.15	65.05	64.45	65.08	67.17	65.90	64.67	66.09	65.39	1.84417431626	25
20320	20320	84362	84362	64.75	66.00	65.72	64.17	65.05	64.30	65.15	67.17	65.83	64.69	66.08	65.28	1.84462850016	25
20345	20345	84337	84337	64.70	66.05	65.72	64.05	65.15	64.38	65.17	67.15	65.83	64.64	66.12	65.31	1.84412663491	25
20370	20370	84312	84312	64.67	66.03	65.72	63.98	65.12	64.25	65.08	67.08	65.88	64.58	66.08	65.28	1.84437344754	25
20395	20395	84287	84287	64.60	66.03	65.65	63.90	65.00	64.35	65.08	67.10	65.83	64.53	66.04	65.28	1.84387358535	25
20420	20420	84262	84262	64.67	65.97	65.65	63.73	65.08	64.22	65.05	67.05	65.83	64.48	66.03	65.23	1.84442125706	25
20445	20445	84237	84237	64.62	65.92	65.62	63.77	65.05	64.22	65.00	67.00	65.80	64.47	65.99	65.22	1.84467534566	25
20470	20470	84212	84212	64.55	65.90	65.47	63.73	64.92	64.15	65.03	66.97	65.75	64.43	65.93	65.12	1.8449405219	25
20495	20495	84187	84187	64.55	65.80	65.45	63.70	64.90	64.05	65.10	66.95	65.80	64.45	65.88	65.10	1.84562559739	25
20520	20520	84162	84162	64.42	65.78	65.47	63.60	64.85	64.03	65.00	66.92	65.72	64.34	65.85	65.08	1.84476932539	25
20545	20545	84137	84137	64.38	65.65	65.42	63.48	64.85	63.98	64.90	66.83	65.78	64.25	65.78	65.06	1.84505886501	25
20570	20570	84112	84112	64.35	65.65	65.35	63.45	64.78	63.95	64.90	66.88	65.78	64.23	65.77	65.03	1.84467304348	25
20595	20595	84087	84087	64.17	65.58	65.30	63.45	64.78	64.00	64.88	66.83	65.67	64.17	65.72	64.99	1.84525939127	25
20620	20620	84062	84062	64.15	65.65	65.22	63.50	64.83	63.90	64.78	66.85	65.67	64.14	65.78	64.93	1.84476694413	25
20645	20645	84037	84037	64.12	65.67	65.20	63.42	64.78	63.88	64.85	66.92	65.72	64.13	65.79	64.93	1.84555140311	25
20670	20670	84012	84012	64.12	65.53	65.12	63.45	64.75	63.88	64.75	66.75	65.60	64.11	65.67	64.87	1.84568737224	25
20695	20695	83987	83987	64.12	65.58	65.12	63.40	64.62	63.85	64.83	66.65	65.55	64.12	65.62	64.84	1.8459272279	25
20720	20720	83962	83962	63.98	65.53	65.08	63.38	64.60	63.77	64.70	66.62	65.55	64.02	65.58	64.80	1.84504502633	25
20745	20745	83937	83937	64.00	65.42	65.03	63.40	64.55	63.75	64.78	66.58	65.50	64.06	65.52	64.76	1.84498035986	25
20770	20770	83912	83912	63.90	65.47	65.05	63.38	64.55	63.70	64.75	66.50	65.40	64.01	65.51	64.72	1.84456172154	25
20795	20795	83887	83887	63.88	65.47	65.03	63.35	64.45	63.73	64.65	66.50	65.35	63.96	65.47	64.70	1.84503318931	25
20820	20820	83862	83862	63.95	65.53	65.03	63.35	64.50	63.67	64.72	66.45	65.40	64.01	65.49	64.70	1.84483045056	25
20845	20845	83837	83837	63.88	65.45	64.95	63.30	64.50	63.62	64.70	66.35	65.35	63.96	65.43	64.64	1.84417542165	25
20870	20870	83812	83812	63.80	65.45	64.92	63.30	64.47	63.67	64.58	66.35	65.33	63.89	65.42	64.64	1.84459858908	25
20895	20895	83787	83787	63.80	65.47	64.83	63.08	64.40	63.70	64.47	66.33	65.33	63.78	65.40	64.62	1.84434727334	25
20920	20920	83762	83762	63.83	65.40	64.80	63.23	64.45	63.77	64.53	66.30	65.38	63.86	65.38	64.65	1.84391004738	25
20945	20945	83737	83737	63.75	65.47	64.72	63.17	64.40	63.62	64.58	66.33	65.33	63.83	65.40	64.56	1.84451265759	25
20970	20970	83712	83712	63.73	65.38	64.70	63.15	64.33	63.60	64.53	66.33	65.30	63.80	65.34	64.53	1.84531360309	25
20995	20995	83687	83687	63.60	65.30	64.65	63.15	64.33	63.60	64.58	66.20	65.22	63.77	65.28	64.49	1.84461951974	25
21020	21020	83662	83662	63.65	65.30	64.65	63.20	64.33	63.55	64.53	66.20	65.22	63.79	65.28	64.47	1.84361233375	25
21045	21045	83637	83637	63.58	65.33	64.65	63.08	64.25	63.50	64.50	66.15	65.15	63.72	65.24	64.43	1.84385089776	25
21070	21070	83612	83612	63.58	65.33	64.65	63.12	64.25	63.48	64.47	66.03	65.10	63.73	65.20	64.41	1.84364102626	25
21095	21095	83587	83587	63.60	65.35	64.62	63.12	64.33	63.52	64.42	66.05	65.15	63.72	65.24	64.43	1.84479791632	25
21120	21120	83562	83562	63.62	65.40	64.55	63.02	64.30	63.67	64.45	66.05	65.05	63.70	65.25	64.42	1.84487223863	25
21145	21145	83537	83537	63.65	65.28	64.50	63.12	64.28	63.62	64.40	66.08	64.92	63.73	65.21	64.35	1.84628111649	25
21170	21170	83512	83512	63.65	65.30	64.50	63.08	64.25	63.60	64.35	65.95	64.92	63.69	65.17	64.34	1.84659203532	25
21195	21195	83487	83487	63.62	65.33	64.47	63.10	64.25	63.55	64.40	66.00	64.90	63.71	65.19	64.31	1.84640086523	25
21220	21220	83462	83462	63.70	65.30	64.45	63.02	64.17	63.55	64.30	65.97	64.88	63.67	65.15	64.29	1.84626816816	25
21245	21245	83437	83437	63.62	65.17	64.40	62.92	64.12	63.52	64.28	65.97	64.88	63.61	65.09	64.27	1.84628885439	25
21270	21270	83412	83412	63.62	65.22	64.28	62.85	64.15	63.45	64.22	65.88	64.88	63.57	65.08	64.20	1.84703319023	25
21295	21295	83387	83387	63.62	65.25	64.28	62.83	64.03	63.48	64.17	65.78	64.85	63.54	65.02	64.20	1.84753109976	25
21320	21320	83362	83362	63.60	65.22	64.35	62.83	64.00	63.42	64.20	65.65	64.88	63.54	64.96	64.22	1.84775558686	25
21345	21345	83337	83337	63.52	65.22	64.38	62.90	63.98	63.42	64.08	65.62	64.83	63.50	64.94	64.21	1.84764081568	25
21370	21370	83312	83312	63.52	65.12	64.25	62.83	64.03	63.35	64.12	65.62	64.92	63.49	64.92	64.17	1.84738244886	25
21395	21395	83287	83287	63.45	65.10	64.20	62.80	64.03	63.33	64.05	65.65	64.88	63.43	64.92	64.13	1.84818353666	25
21420	21420	83262	83262	63.45	64.95	64.15	62.83	63.98	63.40	64.08	65.60	64.88	63.45	64.84	64.14	1.8479520421	25
21445	21445	83237	83237	63.38	65.05	64.10	62.77	63.98	63.33	64.05	65.53	64.80	63.40	64.85	64.08	1.8481722738	25
21470	21470	83212	83212	63.38	65.00	64.10	62.73	63.88	63.35	64.00	65.42	64.78	63.37	64.77	64.08	1.84867067072	25
21495	21495	83187	83187	63.35	64.90	64.12	62.73	63.85	63.38	64.12	65.33	64.75	63.40	64.69	64.08	1.84874708465	25
21520	21520	83162	83162	63.38	64.90	64.12	62.67	63.85	63.35	64.12	65.33	64.72	63.39	64.69	64.07	1.84842408977	25
21545	21545	83137	83137	63.33	64.90	64.03	62.65	63.92	63.33	64.08	65.30	64.67	63.35	64.71	64.01	1.84883940189	25
21570	21570	83112	83112	63.35	64.95	64.00	62.62	64.03	63.35	64.00	65.15	64.72	63.33	64.71	64.03	1.84880554323	25
21595	21595	83087	83087	63.33	64.92	64.00	62.62	63.98	63.38	63.98	65.20	64.67	63.31	64.70	64.02	1.84803360879	25
21620	21620	83062	83062	63.27	64.92	63.88	62.62	63.95	63.35	63.90	65.20	64.65	63.27	64.69	63.96	1.8485340128	25
21645	21645	83037	83037	63.33	64.97	63.83	62.62	64.00	63.38	63.90	65.28	64.62	63.28	64.75	63.94	1.84958976063	25
21670	21670	83012	83012	63.27	64.90	63.77	62.62	63.92	63.30	63.90	65.17	64.60	63.27	64.67	63.89	1.848669547	25
21695	21695	82987	82987	63.33	64.88	63.85	62.58	64.00	63.23	63.83	65.22	64.47	63.24	64.70	63.85	1.8492796964	25
21720	21720	82962	82962	63.30	64.85	63.77	62.52	63.95	63.23	63.75	65.15	64.50	63.19	64.65	63.83	1.84925081209	25
21745	21745	82937	82937	63.33	64.83	63.75	62.52	63.95	63.27	63.73	65.10	64.42	63.19	64.62	63.82	1.84958334627	25
21770	21770	82912	82912	63.30	64.80	63.70	62.42	63.88	63.23	63.77	65.08	64.45	63.17	64.58	63.79	1.84920535934	25
21795	21795	82887	82887	63.25	64.78	63.67	62.48	63.85	63.17	63.83	65.08	64.42	63.18	64.57	63.76	1.84976688365	25
21820	21820	82862	82862	63.30	64.80	63.67	62.45	63.83	63.15	63.77	65.05	64.40	63.17	64.56	63.74	1.84978072445	25
21845	21845	82837	82837	63.23	64.78	63.62	62.45	63.85	63.17	63.75	65.12	64.38	63.14	64.58	63.73	1.84945117521	25
21870	21870	82812	82812	63.15	64.70	63.58	62.48	63.88	63.10	63.75	65.05	64.35	63.12	64.54	63.67	1.84947107763	25
21895	21895	82787	82787	63.10	64.80	63.52	62.45	63.83	63.10	63.62	64.97	64.33	63.06	64.53	63.65	1.85068586034	25
21920	21920	82762	82762	63.12	64.78	63.60	62.45	63.83	63.08	63.52	64.97	64.38	63.03	64.53	63.68	1.8496784811	25
21945	21945	82737	82737	63.12	64.65	63.40	62.42	63.83	63.10	63.48	65.00	64.35	63.01	64.49	63.62	1.85046445678	25
21970	21970	82712	82712	63.15	64.70	63.38	62.42	63.77	63.10	63.50	65.03	64.35	63.02	64.50	63.61	1.84959563432	25
21995	21995	82687	82687	63.15	64.72	63.35	62.42	63.75	63.05	63.48	65.00	64.38	63.02	64.49	63.59	1.85127672011	25
22020	22020	82662	82662	63.12	64.75	63.40	62.35	63.75	63.00	63.45	64.95	64.40	62.98	64.48	63.60	1.85100672938	25
22045	22045	82637	82637	63.10	64.75	63.38	62.33	63.75	62.95	63.40	64.95	64.35	62.94	64.48	63.56	1.85078099697	25
22070	22070	82612	82612	63.12	64.70	63.30	62.33	63.75	62.88	63.45	65.03	64.35	62.97	64.49	63.51	1.85128284573	25
22095	22095	82587	82587	63.02	64.65	63.27	62.23	63.62	62.92	63.38	64.97	64.30	62.88	64.42	63.50	1.85099723089	25
22120	22120	82562	82562	62.92	64.55	63.25	62.17	63.77	62.90	63.35	64.97	64.22	62.82	64.43	63.46	1.85101776389	25
22145	22145	82537	82537	62.88	64.60	63.15	62.10	63.73	62.83	63.30	64.97	64.20	62.76	64.43	63.39	1.85147911031	25
22170	22170	82512	82512	62.83	64.58	63.25	62.12	63.58	62.77	63.20	64.97	64.15	62.72	64.38	63.39	1.85154474512	25
22195	22195	82487	82487	62.83	64.53	63.12	62.05	63.55	62.73	63.20	64.83	64.03	62.69	64.30	63.29	1.8519224042	25
22220	22220	82462	82462	62.65	64.50	63.08	62.10	63.52	62.58	63.05	64.85	64.05	62.60	64.29	63.23	1.85245577277	25
22245	22245	82437	82437	62.73	64.47	63.02	62.00	63.45	62.62	63.12	64.75	64.03	62.62	64.22	63.23	1.85178470869	25
22270	22270	82412	82412	62.67	64.35	62.98	62.00	63.50	62.55	63.12	64.80	64.00	62.60	64.22	63.17	1.85195818187	25
22295	22295	82387	82387	62.70	64.38	63.08	61.98	63.50	62.50	63.05	64.80	64.05	62.58	64.22	63.21	1.85201386572	25
22320	22320	82362	82362	62.67	64.35	63.00	61.98	63.45	62.45	63.00	64.78	64.00	62.55	64.19	63.15	1.85302432043	25
22345	22345	82337	82337	62.60	64.28	62.92	61.95	63.48	62.42	62.95	64.80	63.95	62.50	64.18	63.10	1.85250581097	25
22370	22370	82312	82312	62.52	64.28	62.88	61.92	63.42	62.38	63.02	64.78	63.85	62.49	64.16	63.03	1.85279394183	25
22395	22395	82287	82287	62.60	64.17	62.90	61.92	63.40	62.40	62.98	64.72	63.83	62.50	64.10	63.04	1.85341967309	25
22420	22420	82262	82262	62.65	64.22	62.90	61.90	63.42	62.38	63.00	64.72	63.70	62.52	64.12	62.99	1.85318984913	25
22445	22445	82237	82237	62.50	64.33	62.83	61.85	63.42	62.35	62.85	64.62	63.75	62.40	64.12	62.98	1.85284010685	25
22470	22470	82212	82212	62.48	64.28	62.88	61.85	63.35	62.30	62.95	64.58	63.62	62.42	64.07	62.93	1.85336885892	25
22495	22495	82187	82187	62.52	64.25	62.83	61.80	63.27	62.27	62.95	64.58	63.60	62.42	64.03	62.90	1.85288192288	25
22520	22520	82162	82162	62.52	64.20	62.77	61.83	63.27	62.35	62.88	64.60	63.70	62.41	64.03	62.94	1.85345428942	25
22545	22545	82137	82137	62.55	64.17	62.70	61.80	63.25	62.30	62.88	64.65	63.70	62.41	64.03	62.90	1.85282588349	25
22570	22570	82112	82112	62.58	64.12	62.70	61.80	63.10	62.30	62.88	64.60	63.60	62.42	63.94	62.87	1.85207380479	25
22595	22595	82087	82087	62.50	64.03	62.73	61.83	63.10	62.27	62.83	64.72	63.60	62.38	63.95	62.87	1.85243553895	25
22620	22620	82062	82062	62.48	64.00	62.73	61.70	63.23	62.25	62.90	64.70	63.62	62.36	63.98	62.87	1.85146222074	25
22645	22645	82037	82037	62.50	64.10	62.77	61.65	63.12	62.25	62.85	64.75	63.58	62.33	63.99	62.87	1.85234478002	25
22670	22670	82012	82012	62.48	64.05	62.70	61.62	63.02	62.27	62.85	64.53	63.52	62.32	63.87	62.83	1.85298926244	25
22695	22695	81987	81987	62.42	63.98	62.67	61.62	63.08	62.25	62.80	64.55	63.50	62.28	63.87	62.81	1.85312467934	25
22720	22720	81962	81962	62.45	63.98	62.70	61.65	62.98	62.25	62.80	64.58	63.50	62.30	63.84	62.82	1.85221136666	25
22745	22745	81937	81937	62.35	63.88	62.65	61.65	62.90	62.25	62.75	64.58	63.48	62.25	63.78	62.79	1.85227588582	25
22770	22770	81912	81912	62.35	63.90	62.60	61.58	62.85	62.23	62.75	64.65	63.50	62.23	63.80	62.77	1.85278126978	25
22795	22795	81887	81887	62.25	63.92	62.58	61.60	62.75	62.17	62.73	64.55	63.40	62.19	63.74	62.72	1.85320323575	25
22820	22820	81862	81862	62.20	63.92	62.58	61.55	62.83	62.17	62.65	64.50	63.33	62.13	63.75	62.69	1.85202369282	25
22845	22845	81837	81837	62.25	63.92	62.58	61.58	62.83	62.15	62.70	64.47	63.33	62.17	63.74	62.68	1.85202156665	25
22870	22870	81812	81812	62.15	63.85	62.55	61.55	62.77	62.12	62.70	64.47	63.38	62.13	63.70	62.68	1.85194939384	25
22895	22895	81787	81787	62.20	63.73	62.55	61.60	62.73	62.10	62.62	64.47	63.35	62.14	63.64	62.67	1.85109195759	25
22920	22920	81762	81762	62.02	63.83	62.52	61.65	62.70	62.10	62.62	64.53	63.33	62.10	63.68	62.65	1.85092421562	25
22945	22945	81737	81737	62.08	63.77	62.48	61.52	62.70	62.08	62.48	64.55	63.33	62.02	63.67	62.62	1.8507395468	25
22970	22970	81712	81712	62.08	63.73	62.50	61.52	62.70	62.02	62.45	64.65	63.33	62.02	63.69	62.62	1.8515219793	25
22995	22995	81687	81687	61.98	63.73	62.42	61.55	62.65	62.05	62.45	64.60	63.30	61.99	63.66	62.59	1.85218692325	25
23020	23020	81662	81662	62.00	63.70	62.42	61.55	62.65	62.05	62.40	64.58	63.27	61.98	63.64	62.58	1.85266401621	25
23045	23045	81637	81637	62.08	63.58	62.50	61.55	62.65	62.05	62.38	64.50	63.25	62.00	63.58	62.60	1.85232339947	25
23070	23070	81612	81612	61.95	63.55	62.52	61.55	62.60	62.00	62.30	64.45	63.23	61.93	63.53	62.58	1.85260189648	25
23095	23095	81587	81587	61.88	63.60	62.45	61.58	62.62	62.00	62.33	64.38	63.17	61.92	63.53	62.54	1.85367689668	25
23120	23120	81562	81562	61.90	63.58	62.48	61.50	62.67	62.00	62.33	64.40	63.15	61.91	63.55	62.54	1.85509900809	25
23145	23145	81537	81537	61.85	63.60	62.40	61.48	62.65	62.00	62.23	64.28	63.08	61.85	63.51	62.49	1.85529537604	25
23170	23170	81512	81512	61.88	63.60	62.38	61.40	62.62	61.95	62.17	64.28	63.02	61.82	63.50	62.45	1.85641671687	25
23195	23195	81487	81487	61.88	63.55	62.33	61.40	62.62	61.85	62.23	64.20	62.95	61.83	63.46	62.38	1.856929601	25
23220	23220	81462	81462	61.92	63.60	62.35	61.40	62.60	61.88	62.23	64.20	62.90	61.85	63.47	62.38	1.85706727362	25
23245	23245	81437	81437	61.92	63.60	62.27	61.33	62.55	61.83	62.17	64.20	62.98	61.81	63.45	62.36	1.85757086109	25
23270	23270	81412	81412	61.88	63.52	62.25	61.25	62.58	61.80	62.15	64.20	63.00	61.76	63.43	62.35	1.85724212198	25
23295	23295	81387	81387	61.80	63.50	62.15	61.25	62.52	61.75	62.05	64.15	62.88	61.70	63.39	62.26	1.85719037115	25
23320	23320	81362	81362	61.83	63.58	62.15	61.25	62.52	61.70	62.10	64.12	62.85	61.73	63.41	62.23	1.85664668672	25
23345	23345	81337	81337	61.83	63.50	62.15	61.20	62.50	61.70	62.02	64.05	62.83	61.68	63.35	62.23	1.85713093151	25
23370	23370	81312	81312	61.83	63.45	62.15	61.17	62.50	61.70	62.00	64.10	62.85	61.67	63.35	62.23	1.85715540222	25
23395	23395	81287	81287	61.75	63.40	62.15	61.08	62.50	61.67	62.05	64.08	62.83	61.62	63.33	62.22	1.8570845565	25
23420	23420	81262	81262	61.83	63.38	62.10	61.02	62.48	61.73	62.00	64.12	62.73	61.62	63.33	62.18	1.85643082279	25
23445	23445	81237	81237	61.85	63.38	62.10	61.00	62.38	61.73	61.95	64.05	62.70	61.60	63.27	62.17	1.85831079078	25
23470	23470	81212	81212	61.83	63.35	62.12	60.98	62.42	61.73	61.92	64.05	62.77	61.58	63.27	62.21	1.85785435973	25
23495	23495	81187	81187	61.83	63.42	62.15	61.02	62.38	61.73	61.98	64.00	62.73	61.61	63.27	62.20	1.85702438746	25
23520	23520	81162	81162	61.80	63.38	62.08	60.98	62.33	61.70	62.00	63.92	62.67	61.59	63.21	62.15	1.85640491935	25
23545	23545	81137	81137	61.83	63.38	62.12	61.05	62.27	61.70	62.00	63.92	62.67	61.62	63.19	62.17	1.85796556485	25
23570	23570	81112	81112	61.85	63.30	62.08	60.95	62.25	61.67	62.00	63.92	62.62	61.60	63.16	62.12	1.85767184505	25
23595	23595	81087	81087	61.77	63.35	62.05	60.95	62.20	61.62	62.05	63.80	62.62	61.59	63.12	62.10	1.85899652486	25
23620	23620	81062	81062	61.77	63.25	62.05	60.98	62.17	61.60	62.08	63.83	62.60	61.61	63.08	62.08	1.85838539806	25
23645	23645	81037	81037	61.77	63.17	62.05	60.92	62.17	61.60	62.05	63.80	62.60	61.58	63.05	62.08	1.85782359703	25
23670	23670	81012	81012	61.77	63.15	61.92	60.98	62.15	61.58	62.05	63.85	62.58	61.60	63.05	62.02	1.85858208117	25
23695	23695	80987	80987	61.62	63.17	61.92	60.92	62.08	61.50	62.00	63.70	62.48	61.52	62.98	61.97	1.85786052628	25
23720	23720	80962	80962	61.62	63.12	61.88	60.95	62.05	61.45	62.00	63.67	62.42	61.52	62.95	61.92	1.85775946522	25
23745	23745	80937	80937	61.58	63.10	61.88	60.90	62.17	61.45	62.00	63.67	62.40	61.49	62.98	61.91	1.85777851251	25
23770	23770	80912	80912	61.60	63.02	61.85	60.90	62.15	61.42	61.92	63.67	62.42	61.48	62.95	61.90	1.85852849147	25
23795	23795	80887	80887	61.60	63.10	61.85	60.85	62.15	61.42	62.02	63.73	62.40	61.49	62.99	61.89	1.85855557841	25
23820	23820	80862	80862	61.62	62.98	61.80	60.80	62.12	61.42	61.98	63.77	62.38	61.47	62.96	61.87	1.85847972464	25
23845	23845	80837	80837	61.67	63.00	61.85	60.80	62.08	61.42	61.92	63.67	62.33	61.47	62.92	61.87	1.85854905638	25
23870	23870	80812	80812	61.65	62.98	61.80	60.70	62.08	61.40	61.88	63.60	62.35	61.41	62.88	61.85	1.85891681897	25
23895	23895	80787	80787	61.60	63.05	61.85	60.65	62.12	61.35	61.80	63.60	62.30	61.35	62.92	61.83	1.85945188396	25
23920	23920	80762	80762	61.55	63.08	61.83	60.60	62.08	61.33	61.80	63.62	62.20	61.32	62.92	61.78	1.85983845724	25
23945	23945	80737	80737	61.48	63.10	61.85	60.55	62.12	61.33	61.73	63.60	62.23	61.25	62.94	61.80	1.85971446395	25
23970	23970	80712	80712	61.48	63.12	61.80	60.55	62.05	61.35	61.83	63.70	62.23	61.28	62.96	61.79	1.86006656	25
23995	23995	80687	80687	61.38	63.05	61.83	60.50	62.23	61.30	61.80	63.62	62.08	61.23	62.97	61.73	1.85984925629	25
24020	24020	80662	80662	61.40	63.05	61.77	60.48	62.25	61.27	61.75	63.65	62.08	61.21	62.98	61.71	1.8591289778	25
24045	24045	80637	80637	61.33	63.08	61.83	60.40	62.20	61.27	61.73	63.62	62.10	61.15	62.97	61.73	1.8586857907	25
24070	24070	80612	80612	61.30	63.10	61.80	60.50	62.12	61.17	61.65	63.62	62.08	61.15	62.95	61.68	1.85867816166	25
24095	24095	80587	80587	61.25	63.02	61.77	60.52	62.10	61.10	61.55	63.52	62.12	61.11	62.88	61.67	1.85866375718	25
24120	24120	80562	80562	61.30	62.88	61.75	60.50	62.12	61.12	61.52	63.58	62.12	61.11	62.86	61.67	1.8589876341	25
24145	24145	80537	80537	61.27	62.95	61.75	60.50	62.10	61.08	61.50	63.48	62.10	61.09	62.84	61.64	1.85894668591	25
24170	24170	80512	80512	61.25	62.90	61.70	60.42	62.05	61.08	61.45	63.52	62.12	61.04	62.83	61.63	1.85941261995	25
24195	24195	80487	80487	61.27	62.95	61.70	60.45	62.08	61.08	61.38	63.42	62.02	61.03	62.82	61.60	1.85873414508	25
24220	24220	80462	80462	61.17	62.95	61.73	60.38	62.12	61.05	61.38	63.45	62.00	60.98	62.84	61.59	1.85821219365	25
24245	24245	80437	80437	61.15	62.90	61.65	60.33	62.02	60.98	61.33	63.38	61.95	60.93	62.77	61.52	1.85833974382	25
24270	24270	80412	80412	61.15	62.88	61.67	60.30	62.15	61.00	61.33	63.33	61.92	60.92	62.78	61.53	1.85825315731	25
24295	24295	80387	80387	61.05	62.90	61.73	60.33	62.12	60.98	61.27	63.33	61.90	60.88	62.78	61.53	1.85823247552	25
24320	24320	80362	80362	61.08	62.88	61.70	60.30	62.10	60.95	61.23	63.27	61.77	60.87	62.75	61.48	1.85846104342	25
24345	24345	80337	80337	60.95	62.83	61.70	60.25	62.08	60.98	61.20	63.38	61.80	60.80	62.76	61.49	1.85848081641	25
24370	24370	80312	80312	60.90	62.92	61.67	60.23	62.08	60.98	61.17	63.25	61.83	60.77	62.75	61.49	1.85786279602	25
24395	24395	80287	80287	60.88	62.85	61.65	60.20	62.00	60.98	61.10	63.15	61.75	60.73	62.67	61.46	1.85764399089	25
24420	24420	80262	80262	60.77	62.95	61.62	60.27	62.00	60.92	61.05	63.17	61.80	60.70	62.71	61.45	1.85860481581	25
24445	24445	80237	80237	60.70	62.83	61.55	60.25	61.98	60.92	61.05	63.20	61.75	60.67	62.67	61.41	1.8587876054	25
24470	24470	80212	80212	60.60	62.80	61.52	60.17	61.98	60.85	60.98	63.23	61.70	60.58	62.67	61.36	1.85922565597	25
24495	24495	80187	80187	60.55	62.80	61.55	60.12	61.98	60.88	60.98	63.23	61.67	60.55	62.67	61.37	1.85846407297	25
24520	24520	80162	80162	60.65	62.75	61.55	60.05	61.95	60.80	61.00	63.17	61.73	60.57	62.62	61.36	1.85934214193	25
24545	24545	80137	80137	60.62	62.70	61.48	60.08	62.00	60.73	61.02	63.12	61.73	60.58	62.61	61.31	1.85983807419	25
24570	24570	80112	80112	60.62	62.77	61.42	60.05	62.00	60.65	60.98	63.15	61.70	60.55	62.64	61.26	1.85943460247	25
24595	24595	80087	80087	60.55	62.75	61.45	60.02	62.00	60.60	60.98	63.08	61.70	60.52	62.61	61.25	1.86027201907	25
24620	24620	80062	80062	60.62	62.75	61.42	60.05	62.08	60.67	60.95	63.10	61.70	60.54	62.64	61.27	1.8610878218	25
24645	24645	80037	80037	60.62	62.67	61.45	60.05	62.00	60.70	61.00	63.08	61.67	60.56	62.58	61.27	1.85988872653	25
24670	24670	80012	80012	60.50	62.65	61.38	60.02	62.02	60.70	60.92	63.10	61.67	60.48	62.59	61.25	1.86004936776	25
24695	24695	79987	79987	60.52	62.60	61.35	60.02	61.92	60.65	60.92	63.05	61.62	60.49	62.52	61.21	1.86087173889	25
24720	24720	79962	79962	60.60	62.60	61.35	60.00	61.85	60.70	60.88	62.92	61.62	60.49	62.46	61.23	1.8603605328	25
24745	24745	79937	79937	60.60	62.58	61.33	60.02	61.85	60.70	60.85	62.83	61.65	60.49	62.42	61.23	1.86012281934	25
24770	24770	79912	79912	60.58	62.48	61.30	59.98	61.88	60.60	60.80	62.67	61.60	60.45	62.34	61.17	1.86078861089	25
24795	24795	79887	79887	60.52	62.42	61.35	59.98	61.88	60.55	60.80	62.60	61.55	60.43	62.30	61.15	1.86057076117	25
24820	24820	79862	79862	60.58	62.38	61.30	59.95	61.90	60.58	60.85	62.62	61.65	60.46	62.30	61.17	1.85915515397	25
24845	24845	79837	79837	60.40	62.45	61.30	59.95	61.88	60.55	60.83	62.58	61.58	60.39	62.30	61.14	1.86096926571	25
24870	24870	79812	79812	60.45	62.42	61.27	59.95	61.90	60.55	60.83	62.67	61.65	60.41	62.33	61.16	1.86061828162	25
24895	24895	79787	79787	60.45	62.42	61.40	59.95	61.98	60.52	60.83	62.67	61.58	60.41	62.36	61.17	1.86020999144	25
24920	24920	79762	79762	60.33	62.48	61.33	59.92	61.92	60.50	60.77	62.70	61.48	60.34	62.37	61.10	1.86083782964	25
24945	24945	79737	79737	60.45	62.45	61.27	59.92	61.92	60.45	60.75	62.65	61.45	60.38	62.34	61.06	1.86167815154	25
24970	24970	79712	79712	60.50	62.52	61.15	59.92	61.92	60.48	60.77	62.60	61.50	60.40	62.35	61.04	1.86136898544	25
24995	24995	79687	79687	60.52	62.48	61.15	59.90	61.98	60.45	60.83	62.55	61.45	60.42	62.33	61.02	1.86197265211	25
25020	25020	79662	79662	60.50	62.52	61.15	59.95	61.98	60.45	60.80	62.48	61.40	60.42	62.33	61.00	1.86263388214	25
25045	25045	79637	79637	60.40	62.45	61.05	59.88	61.98	60.45	60.77	62.52	61.42	60.35	62.32	60.98	1.86189540757	25
25070	25070	79612	79612	60.33	62.42	60.98	59.88	61.88	60.48	60.77	62.50	61.35	60.33	62.27	60.93	1.86238257177	25
25095	25095	79587	79587	60.33	62.42	61.02	59.85	61.92	60.45	60.75	62.50	61.35	60.31	62.28	60.94	1.86210360393	25
25120	25120	79562	79562	60.33	62.48	61.08	59.83	61.90	60.40	60.67	62.48	61.20	60.27	62.28	60.89	1.8620608546	25
25145	25145	79537	79537	60.30	62.50	60.95	59.77	61.83	60.38	60.67	62.52	61.27	60.25	62.28	60.87	1.86214290071	25
25170	25170	79512	79512	60.27	62.45	61.08	59.77	61.80	60.40	60.65	62.58	61.33	60.23	62.27	60.93	1.86203850599	25
25195	25195	79487	79487	60.25	62.48	60.98	59.85	61.83	60.33	60.62	62.52	61.27	60.24	62.27	60.86	1.86136936742	25
25220	25220	79462	79462	60.23	62.40	60.95	59.80	61.80	60.30	60.62	62.38	61.23	60.22	62.19	60.83	1.86103210594	25
25245	25245	79437	79437	60.15	62.38	60.95	59.73	61.70	60.30	60.60	62.40	61.20	60.16	62.16	60.82	1.86089522836	25
25270	25270	79412	79412	60.12	62.33	60.98	59.70	61.60	60.27	60.62	62.38	61.30	60.15	62.10	60.85	1.86118019699	25
25295	25295	79387	79387	60.08	62.38	60.92	59.62	61.70	60.30	60.60	62.40	61.38	60.10	62.16	60.87	1.8613373283	25
25320	25320	79362	79362	60.05	62.30	60.80	59.62	61.67	60.30	60.58	62.33	61.33	60.08	62.10	60.81	1.86247572958	25
25345	25345	79337	79337	60.05	62.25	60.80	59.60	61.67	60.25	60.58	62.30	61.27	60.08	62.08	60.77	1.8621094216	25
25370	25370	79312	79312	60.05	62.25	60.80	59.67	61.65	60.23	60.58	62.30	61.25	60.10	62.07	60.76	1.86198185887	25
25395	25395	79287	79287	60.05	62.20	60.77	59.70	61.67	60.23	60.52	62.23	61.23	60.09	62.03	60.74	1.86273715854	25
25420	25420	79262	79262	60.02	62.20	60.83	59.62	61.70	60.20	60.52	62.23	61.20	60.06	62.04	60.74	1.86234534752	25
25445	25445	79237	79237	60.08	62.23	60.85	59.62	61.65	60.23	60.52	62.23	61.25	60.08	62.03	60.77	1.86215817206	25
25470	25470	79212	79212	60.00	62.20	60.80	59.62	61.62	60.15	60.48	62.23	61.23	60.03	62.02	60.73	1.86276891692	25
25495	25495	79187	79187	59.95	62.20	60.77	59.60	61.62	60.15	60.52	62.23	61.12	60.02	62.02	60.68	1.8617029178	25
25520	25520	79162	79162	59.98	62.08	60.75	59.58	61.55	60.05	60.48	62.23	61.12	60.01	61.95	60.64	1.8617779598	25
25545	25545	79137	79137	59.98	62.15	60.67	59.55	61.55	60.02	60.48	62.20	61.10	60.00	61.97	60.60	1.86168525137	25
25570	25570	79112	79112	59.92	62.02	60.67	59.48	61.50	60.08	60.42	62.25	61.00	59.94	61.92	60.58	1.86230969784	25
25595	25595	79087	79087	59.83	62.02	60.60	59.50	61.48	60.02	60.42	62.23	60.98	59.92	61.91	60.53	1.86249648005	25
25620	25620	79062	79062	59.80	62.00	60.58	59.48	61.42	59.98	60.38	62.23	60.92	59.88	61.88	60.49	1.86280021436	25
25645	25645	79037	79037	59.70	62.02	60.58	59.42	61.42	59.95	60.38	62.15	60.90	59.83	61.87	60.48	1.86212790145	25
25670	25670	79012	79012	59.62	61.98	60.48	59.35	61.40	59.92	60.30	62.02	60.92	59.76	61.80	60.44	1.8616921364	25
25695	25695	78987	78987	59.60	61.95	60.48	59.33	61.35	59.90	60.30	62.05	60.95	59.74	61.78	60.44	1.86154346796	25
25720	25720	78962	78962	59.55	61.95	60.45	59.30	61.40	59.85	60.25	62.05	60.92	59.70	61.80	60.41	1.86169669819	25
25745	25745	78937	78937	59.52	61.95	60.45	59.30	61.40	59.85	60.25	62.05	60.92	59.69	61.80	60.41	1.86137771966	25
25770	25770	78912	78912	59.50	61.83	60.42	59.25	61.35	59.85	60.23	62.12	60.92	59.66	61.77	60.40	1.86236770462	25
25795	25795	78887	78887	59.45	61.83	60.38	59.25	61.27	59.85	60.17	62.10	60.92	59.62	61.73	60.38	1.86324115132	25
25820	25820	78862	78862	59.50	61.85	60.38	59.20	61.27	59.83	60.10	62.08	60.85	59.60	61.73	60.35	1.86297701357	25
25845	25845	78837	78837	59.52	61.92	60.38	59.20	61.25	59.85	60.12	61.98	60.83	59.62	61.72	60.35	1.86246396306	25
25870	25870	78812	78812	59.52	61.92	60.35	59.15	61.23	59.85	60.12	61.98	60.80	59.60	61.71	60.33	1.86247875879	25
25895	25895	78787	78787	59.48	61.77	60.33	59.25	61.20	59.77	60.02	61.95	60.75	59.58	61.64	60.28	1.86244189088	25
25920	25920	78762	78762	59.45	61.77	60.23	59.25	61.20	59.83	59.98	62.00	60.83	59.56	61.66	60.29	1.86196434831	25
25945	25945	78737	78737	59.48	61.67	60.17	59.23	61.20	59.83	60.00	61.95	60.80	59.57	61.61	60.27	1.86182817274	25
25970	25970	78712	78712	59.42	61.62	60.20	59.17	61.17	59.80	60.00	61.95	60.77	59.53	61.58	60.26	1.86226758506	25
25995	25995	78687	78687	59.38	61.60	60.10	59.17	61.17	59.80	59.95	61.92	60.75	59.50	61.57	60.22	1.86177823802	25
26020	26020	78662	78662	59.35	61.55	60.08	59.20	61.12	59.80	60.00	61.90	60.70	59.52	61.52	60.19	1.86144007622	25
26045	26045	78637	78637	59.40	61.55	60.02	59.25	61.12	59.77	59.95	61.92	60.73	59.53	61.53	60.17	1.86103031126	25
26070	26070	78612	78612	59.38	61.55	60.05	59.17	61.10	59.83	60.02	61.90	60.75	59.52	61.52	60.21	1.86150244239	25
26095	26095	78587	78587	59.35	61.55	60.02	59.23	61.10	59.75	59.95	61.85	60.65	59.51	61.50	60.14	1.86121476291	25
26120	26120	78562	78562	59.35	61.58	60.05	59.17	61.02	59.73	59.95	61.83	60.62	59.49	61.48	60.13	1.8612503512	25
26145	26145	78537	78537	59.35	61.52	60.05	59.20	61.00	59.73	59.98	61.75	60.55	59.51	61.42	60.11	1.86158743999	25
26170	26170	78512	78512	59.38	61.48	60.02	59.17	61.08	59.70	59.95	61.73	60.55	59.50	61.42	60.09	1.86163155498	25
26195	26195	78487	78487	59.33	61.50	60.05	59.12	61.08	59.70	59.95	61.70	60.52	59.47	61.42	60.09	1.86202172999	25
26220	26220	78462	78462	59.33	61.48	60.02	59.15	61.10	59.67	59.92	61.73	60.60	59.47	61.43	60.10	1.86147547526	25
26245	26245	78437	78437	59.30	61.45	60.05	59.12	61.00	59.67	59.92	61.70	60.58	59.45	61.38	60.10	1.86232044795	25
26270	26270	78412	78412	59.33	61.42	60.00	59.12	60.95	59.70	59.83	61.65	60.60	59.42	61.34	60.10	1.86244321408	25
26295	26295	78387	78387	59.27	61.48	60.00	59.12	60.90	59.65	59.77	61.62	60.60	59.39	61.33	60.08	1.86238541306	25
26320	26320	78362	78362	59.23	61.40	59.98	59.05	60.90	59.67	59.80	61.67	60.52	59.36	61.33	60.06	1.86291023171	25
26345	26345	78337	78337	59.23	61.38	59.90	59.02	60.88	59.62	59.80	61.55	60.48	59.35	61.27	60.00	1.8629217357	25
26370	26370	78312	78312	59.20	61.40	59.88	59.08	60.85	59.60	59.75	61.50	60.35	59.34	61.25	59.94	1.8633841521	25
26395	26395	78287	78287	59.15	61.40	59.85	58.98	60.77	59.58	59.70	61.42	60.38	59.27	61.20	59.93	1.86403828773	25
26420	26420	78262	78262	59.20	61.35	59.73	58.95	60.77	59.55	59.65	61.42	60.33	59.27	61.18	59.87	1.86443461398	25
26445	26445	78237	78237	59.17	61.25	59.73	58.95	60.73	59.55	59.55	61.45	60.27	59.23	61.14	59.85	1.86525349874	25
26470	26470	78212	78212	59.20	61.25	59.67	58.95	60.70	59.45	59.48	61.40	60.25	59.21	61.12	59.79	1.86435043032	25
26495	26495	78187	78187	59.12	61.23	59.58	58.98	60.70	59.42	59.48	61.38	60.27	59.19	61.10	59.76	1.86362639831	25
26520	26520	78162	78162	59.15	61.30	59.58	58.90	60.65	59.38	59.50	61.30	60.20	59.18	61.08	59.72	1.86309878507	25
26545	26545	78137	78137	59.12	61.23	59.55	58.88	60.62	59.33	59.40	61.35	60.17	59.13	61.07	59.68	1.86364282837	25
26570	26570	78112	78112	59.08	61.23	59.55	58.88	60.62	59.30	59.48	61.35	60.17	59.14	61.07	59.67	1.86417721675	25
26595	26595	78087	78087	59.10	61.12	59.50	58.90	60.58	59.27	59.40	61.27	60.15	59.13	60.99	59.64	1.86381327979	25
26620	26620	78062	78062	59.05	61.17	59.48	58.85	60.58	59.23	59.38	61.30	60.10	59.09	61.02	59.60	1.86469890149	25
26645	26645	78037	78037	59.05	61.15	59.48	58.83	60.52	59.17	59.40	61.30	60.08	59.09	60.99	59.58	1.86348482255	25
26670	26670	78012	78012	58.95	61.05	59.42	58.80	60.55	59.17	59.40	61.30	60.10	59.05	60.97	59.57	1.86329706224	25
26695	26695	77987	77987	58.95	61.12	59.38	58.80	60.52	59.12	59.40	61.35	60.10	59.05	61.00	59.53	1.86319496787	25
26720	26720	77962	77962	59.00	61.08	59.35	58.75	60.45	59.12	59.33	61.38	60.02	59.02	60.97	59.50	1.86322437518	25
26745	26745	77937	77937	59.00	61.10	59.30	58.73	60.40	59.10	59.35	61.35	60.00	59.02	60.95	59.47	1.86339004802	25
26770	26770	77912	77912	59.05	61.10	59.35	58.75	60.38	59.12	59.23	61.25	59.98	59.01	60.91	59.48	1.86286584127	25
26795	26795	77887	77887	59.05	61.02	59.33	58.75	60.38	59.12	59.27	61.25	60.02	59.02	60.88	59.49	1.86304621127	25
26820	26820	77862	77862	59.05	61.02	59.33	58.67	60.38	59.12	59.23	61.27	59.98	58.98	60.89	59.48	1.86388369237	25
26845	26845	77837	77837	59.00	61.00	59.33	58.70	60.35	59.10	59.23	61.25	59.98	58.98	60.87	59.47	1.86400559935	25
26870	26870	77812	77812	59.05	60.98	59.23	58.60	60.38	59.08	59.17	61.17	59.98	58.94	60.84	59.42	1.86393742803	25
26895	26895	77787	77787	59.02	61.08	59.27	58.65	60.33	59.08	59.12	61.20	59.85	58.93	60.87	59.40	1.8643290486	25
26920	26920	77762	77762	59.05	61.02	59.20	58.62	60.25	59.05	59.08	61.12	59.85	58.92	60.80	59.37	1.86451472822	25
26945	26945	77737	77737	58.98	61.08	59.23	58.60	60.27	59.12	59.08	61.10	59.83	58.88	60.82	59.39	1.86441377351	25
26970	26970	77712	77712	58.95	61.02	59.20	58.62	60.23	59.08	59.10	61.10	59.77	58.89	60.78	59.35	1.86401336486	25
26995	26995	77687	77687	58.95	61.00	59.12	58.65	60.25	59.05	59.02	61.12	59.80	58.88	60.79	59.33	1.86452672278	25
27020	27020	77662	77662	58.95	60.98	59.15	58.65	60.23	59.02	59.10	61.15	59.80	58.90	60.78	59.33	1.86481728298	25
27045	27045	77637	77637	59.02	60.98	59.15	58.58	60.20	59.00	58.98	61.15	59.80	58.86	60.77	59.32	1.8648897086	25
27070	27070	77612	77612	58.98	61.00	59.08	58.58	60.20	59.02	58.95	61.20	59.80	58.83	60.80	59.30	1.86484726104	25
27095	27095	77587	77587	58.98	60.95	59.05	58.55	60.25	59.00	58.85	61.10	59.80	58.79	60.77	59.28	1.86514265001	25
27120	27120	77562	77562	58.95	60.88	59.08	58.58	60.23	59.00	58.85	61.15	59.80	58.79	60.75	59.29	1.86465276771	25
27145	27145	77537	77537	58.98	60.88	59.08	58.55	60.20	58.95	58.85	61.12	59.80	58.79	60.73	59.27	1.86542696829	25
27170	27170	77512	77512	58.98	60.85	59.02	58.52	60.23	58.88	58.85	61.20	59.80	58.78	60.76	59.23	1.86485871205	25
27195	27195	77487	77487	58.98	60.80	59.02	58.52	60.15	58.85	58.88	61.12	59.77	58.79	60.69	59.22	1.86447960646	25
27220	27220	77462	77462	58.95	60.77	58.98	58.55	60.17	58.85	58.75	61.12	59.70	58.75	60.69	59.17	1.8641063735	25
27245	27245	77437	77437	58.92	60.77	58.98	58.50	60.10	58.77	58.75	61.10	59.73	58.73	60.66	59.16	1.86453473925	25
27270	27270	77412	77412	58.88	60.80	59.02	58.50	60.15	58.75	58.85	61.05	59.73	58.74	60.67	59.17	1.8650958074	25
27295	27295	77387	77387	58.85	60.70	59.02	58.50	60.10	58.75	58.75	61.08	59.70	58.70	60.62	59.16	1.86454122305	25
27320	27320	77362	77362	58.80	60.65	58.95	58.45	60.12	58.70	58.75	61.10	59.73	58.67	60.62	59.12	1.86524517454	25
27345	27345	77337	77337	58.77	60.60	58.98	58.38	60.10	58.73	58.80	61.05	59.75	58.65	60.58	59.15	1.86580427251	25
27370	27370	77312	77312	58.70	60.67	58.98	58.35	60.05	58.77	58.77	61.10	59.55	58.61	60.61	59.10	1.86536461383	25
27395	27395	77287	77287	58.70	60.65	59.02	58.38	60.08	58.80	58.85	61.12	59.52	58.64	60.62	59.12	1.86476257415	25
27420	27420	77262	77262	58.73	60.65	59.00	58.33	60.00	58.80	58.80	61.10	59.48	58.62	60.58	59.09	1.865140497	25
27445	27445	77237	77237	58.70	60.62	58.98	58.30	60.02	58.77	58.80	61.10	59.45	58.60	60.58	59.07	1.86481286143	25
27470	27470	77212	77212	58.67	60.60	58.98	58.30	60.05	58.75	58.80	61.08	59.40	58.59	60.58	59.04	1.8655165044	25
27495	27495	77187	77187	58.70	60.60	58.95	58.30	60.05	58.77	58.80	61.02	59.38	58.60	60.56	59.03	1.86461959632	25
27520	27520	77162	77162	58.70	60.58	59.00	58.25	59.98	58.70	58.73	60.95	59.33	58.56	60.50	59.01	1.86461172983	25
27545	27545	77137	77137	58.70	60.60	59.00	58.25	59.98	58.70	58.73	60.90	59.33	58.56	60.49	59.01	1.86473594644	25
27570	27570	77112	77112	58.73	60.52	58.92	58.20	59.98	58.62	58.65	60.83	59.27	58.52	60.44	58.94	1.86507228048	25
27595	27595	77087	77087	58.67	60.48	58.85	58.08	59.95	58.62	58.65	60.90	59.25	58.47	60.44	58.91	1.8655398057	25
27620	27620	77062	77062	58.67	60.42	58.85	58.08	59.88	58.58	58.67	60.83	59.20	58.48	60.38	58.88	1.8659041846	25
27645	27645	77037	77037	58.67	60.42	58.83	58.02	59.83	58.58	58.58	60.73	59.15	58.42	60.33	58.85	1.86701308062	25
27670	27670	77012	77012	58.62	60.33	58.83	58.02	59.83	58.55	58.55	60.73	59.20	58.40	60.29	58.86	1.86739892914	25
27695	27695	76987	76987	58.55	60.33	58.77	58.05	59.73	58.52	58.60	60.73	59.23	58.40	60.26	58.84	1.86753431303	25
27720	27720	76962	76962	58.50	60.30	58.70	57.98	59.70	58.50	58.50	60.67	59.08	58.33	60.23	58.76	1.86772318756	25
27745	27745	76937	76937	58.45	60.23	58.62	57.92	59.67	58.55	58.45	60.70	59.10	58.27	60.20	58.76	1.86686189007	25
27770	27770	76912	76912	58.48	60.15	58.58	57.98	59.73	58.48	58.40	60.65	59.08	58.28	60.17	58.71	1.86646863163	25
27795	27795	76887	76887	58.42	60.17	58.62	57.92	59.70	58.48	58.35	60.65	59.05	58.23	60.17	58.72	1.86715928915	25
27820	27820	76862	76862	58.40	60.12	58.60	57.92	59.73	58.45	58.27	60.65	58.95	58.20	60.17	58.67	1.86744940688	25
27845	27845	76837	76837	58.35	60.10	58.58	57.80	59.67	58.45	58.23	60.65	58.90	58.12	60.14	58.64	1.86720114433	25
27870	27870	76812	76812	58.33	60.08	58.58	57.77	59.62	58.42	58.20	60.62	58.85	58.10	60.11	58.62	1.86725622892	25
27895	27895	76787	76787	58.33	60.05	58.55	57.75	59.62	58.45	58.25	60.58	58.90	58.11	60.08	58.63	1.86697484324	25
27920	27920	76762	76762	58.27	60.05	58.58	57.77	59.62	58.45	58.23	60.60	58.90	58.09	60.09	58.64	1.86676244997	25
27945	27945	76737	76737	58.27	60.00	58.52	57.77	59.62	58.42	58.20	60.55	58.88	58.08	60.06	58.61	1.86630684363	25
27970	27970	76712	76712	58.27	60.02	58.52	57.80	59.55	58.42	58.25	60.52	58.88	58.11	60.03	58.61	1.8668771787	25
27995	27995	76687	76687	58.27	60.08	58.48	57.80	59.52	58.45	58.20	60.42	58.83	58.09	60.01	58.58	1.86702189038	25
28020	28020	76662	76662	58.27	60.10	58.48	57.83	59.58	58.42	58.15	60.40	58.85	58.08	60.02	58.58	1.8660269028	25
28045	28045	76637	76637	58.25	60.05	58.48	57.80	59.55	58.38	58.17	60.38	58.80	58.08	59.99	58.55	1.86717213301	25
28070	28070	76612	76612	58.23	60.02	58.48	57.75	59.52	58.33	58.15	60.35	58.75	58.04	59.97	58.52	1.86689762923	25
28095	28095	76587	76587	58.25	59.98	58.48	57.75	59.52	58.35	58.12	60.38	58.77	58.04	59.96	58.53	1.86706445287	25
28120	28120	76562	76562	58.17	59.92	58.45	57.75	59.48	58.33	58.15	60.40	58.75	58.02	59.93	58.51	1.86713276428	25
28145	28145	76537	76537	58.15	59.95	58.45	57.73	59.42	58.30	58.08	60.33	58.73	57.98	59.90	58.49	1.86708039406	25
