12120	12120	94562	94562	75.08	77.75	79.85	74.55	77.65	79.25	75.30	78.53	79.90	74.97	77.97	79.67	2.21374190732
12120	12120	93962	93962	75.08	77.75	79.85	74.55	77.65	79.25	75.28	78.53	79.88	74.97	77.97	79.66	2.19820754713	25
12145	12145	93937	93937	75.05	77.58	79.70	74.75	77.55	79.10	75.28	78.47	79.65	75.03	77.87	79.48	2.1473082491	25
12170	12170	93912	93912	75.22	77.70	79.78	74.60	77.45	79.03	75.25	78.33	79.65	75.03	77.83	79.48	2.1038690382	25
12195	12195	93887	93887	75.45	77.55	79.83	74.70	77.62	79.03	75.30	78.40	79.70	75.15	77.86	79.52	2.07051853663	25
12220	12220	93862	93862	75.12	77.45	79.95	74.72	77.50	79.03	75.33	78.25	79.75	75.06	77.73	79.58	2.03673002117	25
12245	12245	93837	93837	75.22	77.40	79.78	74.65	77.62	79.15	75.38	78.33	79.90	75.08	77.78	79.61	2.0193062798	25
12270	12270	93812	93812	75.28	76.88	79.60	74.85	77.62	79.10	75.50	78.38	79.62	75.21	77.62	79.44	1.99797197989	25
12295	12295	93787	93787	75.33	76.88	79.62	74.92	77.65	79.28	75.62	78.38	79.80	75.29	77.63	79.57	1.9846316311	25
12320	12320	93762	93762	75.33	76.95	79.53	75.03	77.62	79.20	75.80	78.28	79.85	75.38	77.62	79.53	1.97508413629	25
12345	12345	93737	93737	75.50	76.88	79.53	75.05	77.78	79.20	76.05	78.15	79.78	75.53	77.60	79.50	1.96338028671	25
12370	12370	93712	93712	75.58	76.90	79.53	75.25	77.47	79.22	75.92	78.17	79.80	75.58	77.52	79.52	1.94227290142	25
12395	12395	93687	93687	75.53	76.90	79.65	75.20	77.60	79.22	76.03	78.12	79.95	75.58	77.54	79.61	1.93130286944	25
12420	12420	93662	93662	75.50	77.20	79.65	75.20	77.60	79.45	75.95	78.17	79.80	75.55	77.66	79.63	1.92484709102	25
12445	12445	93637	93637	75.42	77.40	79.62	75.12	77.30	79.25	76.00	78.17	79.90	75.52	77.62	79.59	1.91681338588	25
12470	12470	93612	93612	75.55	77.20	79.62	75.08	77.03	79.22	76.10	77.97	79.80	75.58	77.40	79.55	1.90492278609	25
12495	12495	93587	93587	75.50	77.00	79.72	75.15	77.25	78.95	76.05	77.83	79.80	75.57	77.36	79.49	1.90188535686	25
12520	12520	93562	93562	75.75	76.80	79.80	75.28	77.17	79.00	75.92	77.85	79.70	75.65	77.28	79.50	1.90286867437	25
12545	12545	93537	93537	75.70	77.15	79.60	75.10	76.95	78.88	76.03	77.92	79.70	75.61	77.34	79.39	1.89638694097	25
12570	12570	93512	93512	75.67	77.35	79.72	75.20	76.92	79.00	76.12	78.22	79.85	75.67	77.50	79.53	1.8965160861	25
12595	12595	93487	93487	75.88	77.20	79.53	75.33	77.08	78.92	76.22	78.20	79.75	75.81	77.49	79.40	1.89226987427	25
12620	12620	93462	93462	75.85	77.35	79.47	75.33	77.05	78.78	76.08	78.20	79.85	75.75	77.53	79.37	1.88311478963	25
12645	12645	93437	93437	75.85	77.22	79.50	75.20	77.20	78.70	75.88	78.33	79.83	75.64	77.58	79.34	1.88438510827	25
12670	12670	93412	93412	75.85	77.22	79.58	75.20	76.85	78.80	76.15	78.25	79.70	75.73	77.44	79.36	1.88486705917	25
12695	12695	93387	93387	75.72	77.25	79.62	75.25	77.10	78.78	76.25	78.33	79.67	75.74	77.56	79.36	1.87811374156	25
12720	12720	93362	93362	75.83	77.22	79.38	75.35	77.15	78.80	76.22	78.30	79.62	75.80	77.56	79.27	1.87027876425	25
12745	12745	93337	93337	75.75	77.12	79.53	75.20	77.22	78.90	76.40	78.17	79.75	75.78	77.51	79.39	1.86976998535	25
12770	12770	93312	93312	75.92	77.45	79.45	75.22	77.25	78.88	76.40	78.38	79.78	75.85	77.69	79.37	1.86462880836	25
12795	12795	93287	93287	75.92	77.45	79.45	75.12	77.40	78.95	76.35	78.50	79.78	75.80	77.78	79.39	1.87186819687	25
12820	12820	93262	93262	75.88	77.58	79.60	75.10	77.47	78.95	76.47	78.62	79.90	75.82	77.89	79.48	1.87214947847	25
12845	12845	93237	93237	75.90	77.47	79.67	75.25	77.67	79.00	76.60	78.53	79.88	75.92	77.89	79.52	1.86943257446	25
12870	12870	93212	93212	75.83	77.50	79.60	75.22	77.70	79.17	76.55	78.70	79.88	75.87	77.97	79.55	1.86879409144	25
12895	12895	93187	93187	75.92	77.65	79.58	75.17	77.75	79.17	76.62	78.70	79.95	75.91	78.03	79.57	1.864829895	25
12920	12920	93162	93162	76.08	77.67	79.67	75.08	77.47	79.08	76.45	78.70	79.83	75.87	77.95	79.53	1.8616726952	25
12945	12945	93137	93137	76.10	77.72	79.80	75.45	77.72	79.17	76.53	78.70	79.90	76.03	78.05	79.62	1.86383908043	25
12970	12970	93112	93112	76.30	77.65	79.90	75.50	77.47	79.12	76.50	78.83	79.85	76.10	77.98	79.62	1.85470878778	25
12995	12995	93087	93087	76.42	77.65	79.97	75.40	77.40	78.97	76.67	78.85	79.85	76.17	77.97	79.60	1.84973179927	25
13020	13020	93062	93062	76.38	77.58	79.88	75.10	77.30	78.95	76.60	78.70	79.78	76.03	77.86	79.53	1.85304193893	25
13045	13045	93037	93037	76.35	77.78	80.05	75.08	77.22	78.90	76.40	78.72	79.83	75.94	77.91	79.59	1.84545519366	25
13070	13070	93012	93012	76.25	77.67	80.15	75.22	77.22	79.03	76.45	78.97	79.83	75.97	77.96	79.67	1.84489568558	25
13095	13095	92987	92987	76.20	78.15	80.08	75.25	77.22	78.92	76.47	78.88	79.85	75.97	78.08	79.62	1.84386100369	25
13120	13120	92962	92962	76.17	78.12	80.15	75.28	77.28	78.88	76.60	79.10	79.90	76.02	78.17	79.64	1.84347528519	25
13145	13145	92937	92937	76.35	78.10	80.05	75.50	76.90	78.85	76.75	78.83	79.95	76.20	77.94	79.62	1.84417145787	25
13170	13170	92912	92912	76.30	77.97	80.03	75.42	77.03	78.88	76.62	78.75	80.03	76.12	77.92	79.64	1.84216639509	25
13195	13195	92887	92887	76.25	77.95	79.90	75.28	76.88	78.75	76.70	78.70	79.95	76.08	77.84	79.53	1.84079190004	25
13220	13220	92862	92862	76.15	78.00	79.83	75.42	76.90	78.60	76.70	78.60	79.92	76.09	77.83	79.45	1.83649775816	25
13245	13245	92837	92837	76.28	78.08	79.75	75.25	77.12	78.78	76.67	78.70	79.92	76.07	77.97	79.48	1.83922088628	25
13270	13270	92812	92812	76.20	78.00	79.72	75.15	77.10	78.55	76.60	78.75	79.90	75.98	77.95	79.39	1.83470306474	25
13295	13295	92787	92787	76.20	77.92	79.75	75.05	77.08	78.67	76.67	78.65	79.80	75.97	77.88	79.41	1.83345143195	25
13320	13320	92762	92762	76.22	77.83	79.62	75.12	76.88	78.78	76.62	78.58	79.78	75.99	77.76	79.39	1.83554591657	25
13345	13345	92737	92737	76.17	77.88	79.67	74.90	76.83	78.62	76.70	78.62	79.78	75.92	77.78	79.36	1.83460968983	25
13370	13370	92712	92712	76.03	77.95	79.72	74.80	77.00	78.45	76.72	78.95	79.72	75.85	77.97	79.30	1.83227061861	25
13395	13395	92687	92687	75.88	78.12	79.78	74.80	76.92	78.50	76.70	78.80	79.70	75.79	77.95	79.33	1.82849256474	25
13420	13420	92662	92662	76.00	78.15	79.80	74.67	76.88	78.40	76.67	78.50	79.83	75.78	77.84	79.34	1.83092082709	25
13445	13445	92637	92637	75.97	77.83	79.72	74.38	77.00	78.42	76.88	78.50	79.90	75.74	77.78	79.35	1.83394532168	25
13470	13470	92612	92612	76.03	77.97	79.70	74.47	77.00	78.45	76.78	78.50	79.97	75.76	77.83	79.38	1.82981410387	25
13495	13495	92587	92587	76.08	77.85	79.67	74.55	76.80	78.40	76.88	78.30	79.90	75.83	77.65	79.33	1.82771531298	25
13520	13520	92562	92562	76.05	77.85	79.78	74.60	76.75	78.33	76.92	78.33	79.80	75.86	77.64	79.30	1.82716173627	25
13545	13545	92537	92537	76.00	77.85	79.62	74.62	76.72	78.28	76.88	78.42	79.58	75.83	77.67	79.16	1.82147362929	25
13570	13570	92512	92512	76.15	77.80	79.72	74.80	76.75	78.38	77.00	78.53	79.65	75.98	77.69	79.25	1.82222566996	25
13595	13595	92487	92487	76.20	77.55	79.53	74.65	76.60	78.25	76.88	78.38	79.62	75.91	77.51	79.13	1.82472343474	25
13620	13620	92462	92462	76.05	77.62	79.65	74.67	76.45	78.35	76.65	78.10	79.55	75.79	77.39	79.18	1.82424522703	25
13645	13645	92437	92437	76.22	77.55	79.50	74.67	76.38	78.30	76.70	78.10	79.38	75.87	77.34	79.06	1.81792860941	25
13670	13670	92412	92412	76.28	77.35	79.62	74.70	76.40	78.05	76.70	78.17	79.55	75.89	77.31	79.08	1.81712190172	25
13695	13695	92387	92387	76.22	77.20	79.53	74.47	76.38	78.00	76.85	78.20	79.58	75.85	77.26	79.03	1.81591031372	25
13720	13720	92362	92362	76.33	77.33	79.45	74.47	76.35	77.92	76.75	78.20	79.33	75.85	77.29	78.90	1.81606522197	25
13745	13745	92337	92337	76.20	77.12	79.30	74.22	76.25	77.90	76.75	78.12	79.33	75.72	77.17	78.84	1.81610667955	25
13770	13770	92312	92312	76.20	77.17	79.25	74.17	76.30	77.92	76.80	78.10	79.35	75.72	77.19	78.84	1.81967215064	25
13795	13795	92287	92287	76.25	77.10	79.35	74.12	76.17	77.83	76.80	78.08	79.25	75.72	77.12	78.81	1.81742936477	25
13820	13820	92262	92262	76.28	77.15	79.28	74.12	76.17	77.65	76.78	77.92	79.15	75.72	77.08	78.69	1.81788701127	25
13845	13845	92237	92237	76.20	77.22	79.35	74.22	75.92	77.62	76.85	77.75	79.28	75.76	76.97	78.75	1.81414297087	25
13870	13870	92212	92212	76.25	77.30	79.35	74.28	75.83	77.70	76.70	77.72	79.22	75.74	76.95	78.76	1.81433169296	25
13895	13895	92187	92187	76.20	77.33	79.20	74.38	75.90	77.55	76.75	77.62	79.17	75.78	76.95	78.64	1.81352392684	25
13920	13920	92162	92162	76.15	77.33	79.00	74.45	75.88	77.58	76.83	77.50	79.33	75.81	76.90	78.63	1.81396354486	25
13945	13945	92137	92137	76.12	77.15	78.95	74.53	75.65	77.50	76.78	77.35	79.22	75.81	76.72	78.56	1.81185696296	25
13970	13970	92112	92112	76.08	77.10	78.97	74.42	75.65	77.45	76.72	77.42	79.22	75.74	76.72	78.55	1.8095202242	25
13995	13995	92087	92087	76.22	76.83	78.92	74.47	75.75	77.22	76.62	77.25	79.20	75.78	76.61	78.45	1.80870078757	25
14020	14020	92062	92062	76.17	76.92	78.97	74.62	75.55	77.03	76.55	77.22	79.28	75.78	76.57	78.42	1.80876365974	25
14045	14045	92037	92037	76.22	76.70	78.75	74.58	75.53	76.95	76.55	77.15	79.25	75.78	76.46	78.32	1.80729550267	25
14070	14070	92012	92012	76.17	76.72	78.70	74.50	75.38	76.85	76.65	77.17	79.25	75.78	76.42	78.27	1.80868690482	25
14095	14095	91987	91987	76.08	76.92	78.75	74.53	75.55	76.85	76.55	77.22	79.22	75.72	76.57	78.28	1.8073457537	25
14120	14120	91962	91962	75.95	76.78	78.80	74.45	75.33	76.72	76.62	77.28	79.10	75.67	76.46	78.21	1.80963323843	25
14145	14145	91937	91937	76.10	76.67	78.78	74.65	75.28	76.85	76.75	77.33	79.20	75.83	76.42	78.28	1.8074400591	25
14170	14170	91912	91912	75.97	76.62	78.67	74.55	75.28	76.80	76.75	77.12	79.17	75.76	76.34	78.22	1.80575188189	25
14195	14195	91887	91887	75.92	76.72	78.60	74.53	75.25	76.80	76.70	76.97	79.12	75.72	76.32	78.17	1.80608979392	25
14220	14220	91862	91862	75.92	76.60	78.67	74.45	75.40	76.55	76.80	76.83	79.20	75.72	76.28	78.14	1.80311463378	25
14245	14245	91837	91837	75.70	76.33	78.47	74.47	75.40	76.45	76.88	76.72	79.10	75.68	76.15	78.01	1.80103319276	25
14270	14270	91812	91812	75.60	76.33	78.65	74.38	75.05	76.50	76.72	76.70	79.12	75.57	76.03	78.09	1.80319976267	25
14295	14295	91787	91787	75.53	76.17	78.60	74.53	75.10	76.53	76.65	76.80	79.22	75.57	76.03	78.12	1.80253473586	25
14320	14320	91762	91762	75.58	76.30	78.60	74.60	75.00	76.35	76.60	76.75	79.17	75.59	76.02	78.04	1.80165516533	25
14345	14345	91737	91737	75.42	76.15	78.62	74.53	74.97	76.35	76.67	76.75	79.03	75.54	75.96	78.00	1.7997169559	25
14370	14370	91712	91712	75.45	76.17	78.60	74.47	74.88	76.22	76.53	76.67	78.95	75.48	75.91	77.92	1.79983682095	25
14395	14395	91687	91687	75.50	76.05	78.50	74.38	74.97	76.20	76.47	76.53	78.90	75.45	75.85	77.87	1.79660670297	25
14420	14420	91662	91662	75.60	76.03	78.35	74.38	74.97	76.08	76.53	76.55	78.83	75.50	75.85	77.75	1.79385500299	25
14445	14445	91637	91637	75.65	76.00	78.30	74.33	74.97	76.12	76.67	76.50	78.88	75.55	75.83	77.77	1.79687088368	25
14470	14470	91612	91612	75.60	76.12	78.20	74.28	75.05	76.03	76.55	76.58	78.75	75.47	75.92	77.66	1.79704322744	25
14495	14495	91587	91587	75.62	76.15	78.20	74.22	74.95	76.00	76.62	76.55	78.75	75.49	75.88	77.65	1.7974103473	25
14520	14520	91562	91562	75.62	76.05	78.12	74.03	74.90	76.03	76.45	76.50	78.75	75.37	75.82	77.63	1.79717851413	25
14545	14545	91537	91537	75.55	76.10	78.08	74.00	74.88	76.15	76.50	76.47	78.72	75.35	75.82	77.65	1.79671369403	25
14570	14570	91512	91512	75.72	76.10	77.90	74.00	74.65	75.90	76.55	76.50	78.67	75.42	75.75	77.49	1.79889756663	25
14595	14595	91487	91487	75.72	76.20	77.75	73.83	74.65	75.97	76.35	76.38	78.65	75.30	75.74	77.46	1.79743009584	25
14620	14620	91462	91462	75.75	76.08	77.75	73.83	74.70	75.85	76.47	76.33	78.42	75.35	75.70	77.34	1.79922855702	25
14645	14645	91437	91437	75.80	76.10	77.75	73.83	74.67	75.75	76.50	76.38	78.50	75.38	75.72	77.33	1.80040812523	25
14670	14670	91412	91412	75.67	75.95	77.60	73.67	74.42	75.60	76.38	76.42	78.42	75.24	75.60	77.21	1.7982951366	25
14695	14695	91387	91387	75.58	75.92	77.35	73.62	74.47	75.60	76.35	76.40	78.28	75.18	75.60	77.08	1.79682653029	25
14720	14720	91362	91362	75.38	76.03	77.35	73.55	74.45	75.58	76.38	76.40	78.38	75.10	75.62	77.10	1.79676739937	25
14745	14745	91337	91337	75.30	76.05	77.35	73.58	74.42	75.42	76.28	76.53	78.35	75.05	75.67	77.04	1.79611639793	25
14770	14770	91312	91312	75.28	75.90	77.30	73.53	74.35	75.42	76.10	76.38	78.17	74.97	75.54	76.97	1.79986976108	25
14795	14795	91287	91287	75.15	75.53	77.17	73.50	74.20	75.25	76.10	76.15	78.08	74.92	75.29	76.83	1.80134728427	25
14820	14820	91262	91262	74.85	75.58	77.00	73.55	74.17	75.20	76.10	76.08	78.08	74.83	75.28	76.76	1.80319808237	25
14845	14845	91237	91237	74.85	75.55	76.97	73.53	74.20	75.25	75.90	75.92	77.92	74.76	75.22	76.72	1.80269614242	25
14870	14870	91212	91212	74.80	75.58	76.85	73.38	74.20	75.30	75.75	75.83	77.83	74.64	75.20	76.66	1.80253259766	25
14895	14895	91187	91187	74.72	75.60	76.72	73.50	74.10	75.35	75.88	75.83	77.85	74.70	75.17	76.64	1.80318096986	25
14920	14920	91162	91162	74.55	75.40	76.83	73.40	74.08	75.30	75.70	75.50	77.80	74.55	74.99	76.64	1.8020402381	25
14945	14945	91137	91137	74.72	75.30	76.67	73.50	74.22	75.30	75.83	75.62	77.70	74.68	75.05	76.56	1.80212203978	25
14970	14970	91112	91112	74.67	75.33	76.60	73.45	74.08	75.25	75.85	75.60	77.75	74.66	75.00	76.53	1.79913805693	25
14995	14995	91087	91087	74.33	75.28	76.45	73.35	74.05	75.28	75.95	75.55	77.88	74.54	74.96	76.53	1.80052808796	25
15020	15020	91062	91062	74.47	75.12	76.47	73.35	74.08	75.25	75.72	75.45	77.78	74.52	74.88	76.50	1.80319020085	25
15045	15045	91037	91037	74.30	75.05	76.42	73.42	73.95	75.30	75.58	75.33	77.60	74.43	74.78	76.44	1.80294582234	25
15070	15070	91012	91012	74.38	75.03	76.28	73.35	74.03	75.33	75.60	75.28	77.40	74.44	74.78	76.33	1.80376394175	25
15095	15095	90987	90987	74.28	74.95	76.05	73.28	73.90	75.30	75.60	75.30	77.35	74.38	74.72	76.23	1.80517707008	25
15120	15120	90962	90962	74.28	74.90	75.92	73.20	73.75	75.35	75.50	75.20	77.38	74.33	74.62	76.22	1.80670693091	25
15145	15145	90937	90937	74.30	74.90	75.97	73.17	73.67	75.20	75.38	75.20	77.30	74.28	74.59	76.16	1.80567804113	25
15170	15170	90912	90912	74.42	74.83	75.95	73.20	73.72	75.12	75.40	75.15	77.17	74.34	74.57	76.08	1.80427466174	25
15195	15195	90887	90887	74.40	74.75	76.00	73.10	73.67	75.15	75.40	75.22	77.12	74.30	74.55	76.09	1.80390595198	25
15220	15220	90862	90862	74.17	74.65	75.97	72.95	73.53	74.90	75.55	75.15	77.08	74.22	74.44	75.98	1.8043096709	25
15245	15245	90837	90837	74.10	74.45	75.83	72.97	73.45	74.85	75.50	75.05	76.95	74.19	74.32	75.88	1.80692968431	25
15270	15270	90812	90812	73.97	74.50	75.85	72.92	73.42	74.90	75.35	75.05	76.97	74.08	74.33	75.91	1.80633300522	25
15295	15295	90787	90787	73.80	74.40	75.75	72.80	73.35	74.88	75.33	75.00	76.95	73.97	74.25	75.86	1.80989023142	25
15320	15320	90762	90762	74.00	74.38	75.92	72.75	73.45	74.95	75.30	75.03	76.95	74.02	74.28	75.94	1.80822582721	25
15345	15345	90737	90737	73.92	74.40	75.80	72.40	73.40	74.95	75.28	75.03	77.00	73.87	74.28	75.92	1.80711985464	25
15370	15370	90712	90712	73.78	74.30	75.75	72.55	73.33	74.92	75.35	75.08	76.83	73.89	74.23	75.83	1.80826496571	25
15395	15395	90687	90687	73.85	74.25	75.67	72.47	73.25	74.75	75.35	74.85	76.83	73.89	74.12	75.75	1.80781176104	25
15420	15420	90662	90662	73.70	74.30	75.53	72.47	73.08	74.65	75.28	74.75	76.65	73.82	74.04	75.61	1.81031068566	25
15445	15445	90637	90637	73.70	74.15	75.50	72.38	73.10	74.67	75.33	74.75	76.62	73.80	74.00	75.60	1.81495818622	25
15470	15470	90612	90612	73.58	74.12	75.42	72.35	73.03	74.67	75.28	74.75	76.62	73.73	73.97	75.58	1.81071877911	25
15495	15495	90587	90587	73.55	74.00	75.35	72.35	72.95	74.62	75.00	74.80	76.75	73.63	73.92	75.58	1.8101423446	25
15520	15520	90562	90562	73.55	74.00	75.30	72.30	73.03	74.47	74.83	74.72	76.55	73.56	73.92	75.44	1.80908204358	25
15545	15545	90537	90537	73.33	73.95	75.12	72.22	72.90	74.45	74.85	74.62	76.38	73.47	73.83	75.32	1.80873907253	25
15570	15570	90512	90512	73.40	73.97	74.97	72.30	72.80	74.38	74.92	74.65	76.30	73.54	73.81	75.22	1.81018383187	25
15595	15595	90487	90487	73.30	73.90	74.97	72.22	72.83	74.30	74.83	74.70	76.30	73.45	73.81	75.19	1.80988788923	25
15620	15620	90462	90462	73.40	73.90	74.85	72.30	72.78	74.28	75.00	74.65	76.28	73.57	73.78	75.13	1.80757175642	25
15645	15645	90437	90437	73.40	73.72	74.83	72.25	72.72	74.20	74.92	74.58	76.40	73.53	73.67	75.14	1.80843740167	25
15670	15670	90412	90412	73.45	73.65	75.00	72.25	72.62	74.22	74.88	74.58	76.42	73.53	73.62	75.22	1.8085134971	25
15695	15695	90387	90387	73.30	73.67	74.92	72.28	72.65	74.15	74.80	74.53	76.47	73.46	73.62	75.18	1.8067595679	25
15720	15720	90362	90362	73.42	73.58	74.88	72.12	72.58	74.08	74.67	74.62	76.33	73.41	73.59	75.09	1.8074962321	25
15745	15745	90337	90337	73.38	73.53	74.75	72.17	72.55	74.25	74.62	74.53	76.25	73.39	73.53	75.08	1.80753114708	25
15770	15770	90312	90312	73.33	73.38	74.85	71.95	72.50	74.20	74.53	74.53	76.35	73.27	73.47	75.13	1.80814427027	25
15795	15795	90287	90287	73.33	73.30	74.70	71.88	72.38	74.10	74.55	74.50	76.25	73.25	73.39	75.02	1.80956592	25
15820	15820	90262	90262	73.35	73.28	74.62	71.88	72.42	74.15	74.50	74.53	76.17	73.24	73.41	74.98	1.8100046732	25
15845	15845	90237	90237	73.25	73.20	74.50	71.90	72.35	74.15	74.53	74.53	76.08	73.22	73.36	74.91	1.80827986469	25
15870	15870	90212	90212	73.22	73.25	74.45	71.80	72.20	74.03	74.47	74.53	75.92	73.17	73.33	74.80	1.81039929971	25
15895	15895	90187	90187	73.28	73.20	74.53	71.78	72.22	74.03	74.45	74.53	75.90	73.17	73.32	74.82	1.81175387544	25
15920	15920	90162	90162	73.15	73.17	74.42	71.62	72.33	73.97	74.28	74.47	75.85	73.02	73.33	74.75	1.81092244836	25
15945	15945	90137	90137	73.22	73.17	74.50	71.78	72.28	73.97	74.25	74.62	75.83	73.08	73.36	74.77	1.81348152354	25
15970	15970	90112	90112	73.20	73.05	74.40	71.72	72.28	73.95	74.20	74.58	75.62	73.04	73.30	74.66	1.81229614148	25
15995	15995	90087	90087	73.28	73.10	74.47	71.67	72.33	73.85	73.92	74.58	75.55	72.96	73.33	74.62	1.81197362372	25
16020	16020	90062	90062	73.20	73.17	74.42	71.62	72.33	73.83	73.97	74.45	75.53	72.93	73.32	74.59	1.81219206572	25
16045	16045	90037	90037	73.28	73.25	74.45	71.60	72.45	73.83	73.95	74.45	75.53	72.94	73.38	74.60	1.81216789823	25
16070	16070	90012	90012	73.22	73.20	74.42	71.58	72.25	73.65	73.85	74.50	75.50	72.88	73.32	74.53	1.81333482089	25
16095	16095	89987	89987	73.17	73.17	74.30	71.50	72.28	73.50	73.78	74.47	75.45	72.82	73.31	74.42	1.81208146829	25
16120	16120	89962	89962	73.30	73.25	74.25	71.47	72.15	73.42	73.72	74.30	75.47	72.83	73.23	74.38	1.81192207457	25
16145	16145	89937	89937	73.25	73.22	74.30	71.45	72.08	73.38	73.70	74.28	75.38	72.80	73.19	74.35	1.81257902577	25
16170	16170	89912	89912	73.20	73.10	74.12	71.60	72.15	73.25	73.65	74.17	75.45	72.82	73.14	74.28	1.81314906082	25
16195	16195	89887	89887	73.17	73.03	74.12	71.67	71.90	73.30	73.65	74.10	75.42	72.83	73.01	74.28	1.81324124795	25
16220	16220	89862	89862	73.10	72.97	74.10	71.55	71.85	73.25	73.75	74.10	75.33	72.80	72.97	74.22	1.8159029279	25
16245	16245	89837	89837	73.05	72.88	74.08	71.47	71.80	73.10	73.78	74.15	75.25	72.77	72.94	74.14	1.81359205042	25
16270	16270	89812	89812	73.10	72.92	74.08	71.50	71.75	73.03	73.62	73.97	75.15	72.74	72.88	74.08	1.81185242222	25
16295	16295	89787	89787	73.03	72.90	74.15	71.45	71.72	73.05	73.60	73.85	75.03	72.69	72.83	74.08	1.81221670022	25
16320	16320	89762	89762	73.03	72.97	74.05	71.50	71.62	73.03	73.47	73.72	74.95	72.67	72.78	74.01	1.8136998271	25
16345	16345	89737	89737	73.03	72.88	73.90	71.53	71.62	73.00	73.42	73.83	74.88	72.66	72.78	73.92	1.81325783597	25
16370	16370	89712	89712	72.92	72.70	73.95	71.55	71.60	72.92	73.33	73.67	74.88	72.60	72.66	73.92	1.81339041474	25
16395	16395	89687	89687	72.90	72.62	73.92	71.55	71.55	72.85	73.45	73.72	74.92	72.63	72.63	73.90	1.81326031467	25
16420	16420	89662	89662	72.83	72.47	73.90	71.55	71.53	72.95	73.30	73.75	74.80	72.56	72.58	73.88	1.81434281312	25
16445	16445	89637	89637	72.72	72.60	73.78	71.38	71.47	72.85	73.17	73.70	74.70	72.42	72.59	73.78	1.81478203903	25
16470	16470	89612	89612	72.65	72.58	73.70	71.35	71.35	72.83	73.15	73.83	74.65	72.38	72.58	73.72	1.81693977525	25
16495	16495	89587	89587	72.67	72.55	73.67	71.33	71.38	72.80	73.12	73.72	74.70	72.38	72.55	73.72	1.81863578295	25
16520	16520	89562	89562	72.58	72.38	73.58	71.30	71.28	72.75	73.25	73.67	74.60	72.38	72.44	73.64	1.8180039841	25
16545	16545	89537	89537	72.47	72.38	73.47	71.35	71.28	72.75	73.28	73.67	74.58	72.37	72.44	73.60	1.81874893524	25
16570	16570	89512	89512	72.50	72.40	73.40	71.28	71.28	72.80	73.17	73.65	74.58	72.32	72.44	73.59	1.81785121881	25
16595	16595	89487	89487	72.45	72.47	73.50	71.33	71.17	72.72	73.10	73.70	74.53	72.29	72.45	73.58	1.81849950015	25
16620	16620	89462	89462	72.35	72.38	73.33	71.33	70.97	72.67	73.00	73.62	74.55	72.22	72.33	73.52	1.81751339669	25
16645	16645	89437	89437	72.20	72.35	73.22	71.20	70.92	72.70	72.92	73.55	74.50	72.11	72.28	73.47	1.81823238264	25
16670	16670	89412	89412	72.15	72.22	73.22	71.03	70.88	72.65	72.85	73.60	74.35	72.01	72.23	73.41	1.81936525284	25
16695	16695	89387	89387	72.03	72.17	73.28	70.95	70.83	72.62	72.83	73.55	74.28	71.93	72.18	73.39	1.8183551409	25
16720	16720	89362	89362	72.08	72.20	73.20	71.03	70.90	72.53	72.78	73.50	74.30	71.96	72.20	73.34	1.81800270344	25
16745	16745	89337	89337	71.88	72.12	73.28	70.92	70.90	72.50	72.78	73.40	74.25	71.86	72.14	73.34	1.81901257511	25
16770	16770	89312	89312	71.78	72.08	73.15	70.95	70.85	72.60	72.83	73.38	74.28	71.85	72.10	73.34	1.82140163303	25
16795	16795	89287	89287	71.80	72.03	73.12	70.97	70.90	72.55	72.88	73.40	74.22	71.88	72.11	73.30	1.8212328658	25
16820	16820	89262	89262	71.85	71.92	73.08	70.97	70.88	72.53	72.85	73.42	74.20	71.89	72.08	73.27	1.82230104082	25
16845	16845	89237	89237	71.58	71.78	72.97	71.03	70.80	72.47	72.90	73.40	74.33	71.83	71.99	73.26	1.82152821607	25
16870	16870	89212	89212	71.65	71.78	72.95	70.97	70.70	72.47	72.80	73.42	74.20	71.81	71.97	73.21	1.82135652184	25
16895	16895	89187	89187	71.55	71.67	72.92	71.15	70.53	72.38	72.70	73.45	74.17	71.80	71.88	73.16	1.82189637828	25
16920	16920	89162	89162	71.45	71.58	72.83	71.10	70.47	72.38	72.60	73.28	74.12	71.72	71.78	73.11	1.82396224702	25
16945	16945	89137	89137	71.53	71.53	72.75	71.15	70.25	72.17	72.58	73.17	74.00	71.75	71.65	72.97	1.82223084679	25
16970	16970	89112	89112	71.60	71.45	72.65	70.95	70.05	72.15	72.62	73.00	74.08	71.72	71.50	72.96	1.82263022351	25
16995	16995	89087	89087	71.50	71.42	72.58	70.95	70.03	72.05	72.45	72.90	74.10	71.63	71.45	72.91	1.82179585389	25
17020	17020	89062	89062	71.58	71.38	72.58	70.90	69.88	71.97	72.50	72.90	74.12	71.66	71.38	72.89	1.82229345429	25
17045	17045	89037	89037	71.42	71.58	72.58	70.95	69.92	71.85	72.55	72.83	74.08	71.64	71.44	72.83	1.82456240434	25
17070	17070	89012	89012	71.35	71.42	72.53	70.90	69.88	71.97	72.53	72.65	74.03	71.59	71.32	72.84	1.82304446971	25
17095	17095	88987	88987	71.30	71.40	72.55	70.75	69.83	71.85	72.30	72.72	73.97	71.45	71.32	72.79	1.82267144481	25
17120	17120	88962	88962	71.30	71.28	72.38	70.67	69.78	71.95	72.33	72.85	74.00	71.43	71.30	72.78	1.82252720131	25
17145	17145	88937	88937	71.38	71.33	72.25	70.78	69.75	71.88	72.33	72.70	73.92	71.49	71.26	72.68	1.82330668023	25
17170	17170	88912	88912	71.35	71.28	72.20	70.75	69.78	71.90	72.35	72.80	73.83	71.48	71.28	72.64	1.82586339953	25
17195	17195	88887	88887	71.33	71.20	72.15	70.65	69.75	71.83	72.30	72.80	73.78	71.42	71.25	72.58	1.82830050699	25
17220	17220	88862	88862	71.25	71.20	72.15	70.67	69.75	71.78	72.25	72.72	73.67	71.39	71.22	72.53	1.8268597111	25
17245	17245	88837	88837	71.25	71.10	72.22	70.65	69.72	71.83	72.17	72.72	73.62	71.36	71.18	72.56	1.82544937895	25
17270	17270	88812	88812	71.08	71.00	72.15	70.42	69.75	71.80	72.08	72.65	73.70	71.19	71.13	72.55	1.82383028842	25
17295	17295	88787	88787	71.05	70.88	72.17	70.45	69.78	71.83	72.15	72.58	73.65	71.22	71.08	72.55	1.82348828591	25
17320	17320	88762	88762	70.92	70.80	72.10	70.45	69.53	71.50	72.10	72.45	73.55	71.16	70.92	72.38	1.82306674459	25
17345	17345	88737	88737	70.88	70.83	72.15	70.25	69.65	71.62	72.20	72.40	73.47	71.11	70.96	72.42	1.8231369277	25
17370	17370	88712	88712	70.83	70.72	72.03	70.28	69.62	71.62	72.10	72.47	73.45	71.07	70.94	72.37	1.82194208831	25
17395	17395	88687	88687	70.78	70.83	71.97	70.12	69.55	71.55	72.00	72.47	73.47	70.97	70.95	72.33	1.82219585754	25
17420	17420	88662	88662	70.75	70.83	71.88	70.15	69.47	71.45	72.00	72.40	73.38	70.97	70.90	72.23	1.82134792697	25
17445	17445	88637	88637	70.70	70.67	71.92	70.15	69.42	71.38	71.92	72.42	73.45	70.92	70.84	72.25	1.8215209805	25
17470	17470	88612	88612	70.65	70.78	71.72	70.22	69.45	71.42	71.95	72.50	73.25	70.94	70.91	72.13	1.82162451461	25
17495	17495	88587	88587	70.75	70.65	71.70	70.08	69.33	71.38	71.80	72.30	73.25	70.88	70.76	72.11	1.82243228459	25
17520	17520	88562	88562	70.65	70.50	71.70	70.05	69.28	71.28	71.78	72.42	73.20	70.83	70.73	72.06	1.82140841515	25
17545	17545	88537	88537	70.58	70.38	71.65	70.00	69.25	71.28	71.75	72.38	73.05	70.78	70.67	71.99	1.8237298543	25
17570	17570	88512	88512	70.65	70.25	71.58	69.95	69.40	71.22	71.78	72.20	72.88	70.79	70.62	71.89	1.82396702533	25
17595	17595	88487	88487	70.70	70.22	71.53	70.03	69.33	71.20	71.78	72.17	72.90	70.83	70.58	71.88	1.82385818669	25
17620	17620	88462	88462	70.62	70.20	71.50	70.00	69.33	71.22	71.60	72.10	72.88	70.74	70.54	71.87	1.82373541984	25
17645	17645	88437	88437	70.53	70.05	71.38	69.97	69.22	71.10	71.50	72.00	72.75	70.67	70.42	71.74	1.8242043904	25
17670	17670	88412	88412	70.42	70.10	71.30	69.92	69.17	71.10	71.55	72.05	72.75	70.63	70.44	71.72	1.82564583749	25
17695	17695	88387	88387	70.42	69.97	71.22	69.95	69.10	71.05	71.47	72.03	72.58	70.62	70.37	71.62	1.82591592602	25
17720	17720	88362	88362	70.38	69.95	71.15	69.90	69.03	71.00	71.45	71.90	72.65	70.58	70.29	71.60	1.82576393838	25
17745	17745	88337	88337	70.28	69.90	71.20	69.88	69.05	71.00	71.42	72.00	72.62	70.53	70.32	71.61	1.82483097755	25
17770	17770	88312	88312	70.25	69.90	71.12	69.85	68.97	70.85	71.28	71.83	72.62	70.46	70.23	71.53	1.82549319828	25
17795	17795	88287	88287	70.17	69.78	70.97	69.83	68.92	70.83	71.35	71.85	72.53	70.45	70.18	71.44	1.82542995013	25
17820	17820	88262	88262	70.10	69.60	70.85	69.72	68.92	70.72	71.25	71.80	72.42	70.36	70.11	71.33	1.82607529344	25
17845	17845	88237	88237	69.97	69.53	70.80	69.70	68.92	70.72	71.22	71.75	72.45	70.30	70.07	71.33	1.82600123697	25
17870	17870	88212	88212	69.97	69.45	70.83	69.60	68.85	70.58	71.25	71.67	72.42	70.28	69.99	71.28	1.82444770369	25
17895	17895	88187	88187	69.95	69.45	70.80	69.53	68.92	70.55	71.12	71.62	72.38	70.20	70.00	71.24	1.82438718535	25
17920	17920	88162	88162	69.88	69.33	70.83	69.47	68.85	70.42	71.12	71.62	72.30	70.16	69.93	71.18	1.82478860413	25
17945	17945	88137	88137	69.88	69.28	70.75	69.40	68.90	70.28	70.97	71.58	72.25	70.08	69.92	71.09	1.82456217399	25
17970	17970	88112	88112	69.83	69.30	70.70	69.28	68.80	70.30	70.97	71.42	72.22	70.03	69.84	71.08	1.82490834034	25
17995	17995	88087	88087	69.67	69.17	70.65	69.33	68.72	70.20	71.00	71.45	72.15	70.00	69.78	71.00	1.82658926935	25
18020	18020	88062	88062	69.67	69.25	70.55	69.38	68.78	70.10	70.90	71.30	72.05	69.98	69.78	70.90	1.82645349659	25
18045	18045	88037	88037	69.67	69.25	70.40	69.17	68.78	69.95	70.85	71.25	72.08	69.90	69.76	70.81	1.82707459563	25
18070	18070	88012	88012	69.60	69.22	70.40	69.22	68.70	69.90	70.88	71.28	72.00	69.90	69.73	70.77	1.82856434982	25
18095	18095	87987	87987	69.70	69.03	70.30	69.15	68.62	69.80	70.75	71.30	72.12	69.87	69.65	70.74	1.82767259859	25
18120	18120	87962	87962	69.65	69.03	70.30	68.95	68.53	69.78	70.78	71.17	72.00	69.79	69.58	70.69	1.83038619965	25
18145	18145	87937	87937	69.65	69.05	70.17	68.97	68.55	69.70	70.65	71.10	71.97	69.76	69.57	70.62	1.83043682702	25
18170	18170	87912	87912	69.67	68.92	70.20	68.95	68.58	69.75	70.60	71.12	72.00	69.74	69.54	70.65	1.83035396176	25
18195	18195	87887	87887	69.53	68.95	70.10	68.92	68.53	69.80	70.50	71.08	71.97	69.65	69.52	70.62	1.82878142683	25
18220	18220	87862	87862	69.45	68.83	70.15	68.88	68.47	69.70	70.55	70.92	71.97	69.62	69.41	70.61	1.82950161476	25
18245	18245	87837	87837	69.45	68.90	70.15	68.75	68.33	69.67	70.40	70.85	71.75	69.53	69.36	70.53	1.83036847132	25
18270	18270	87812	87812	69.42	68.90	70.08	68.78	68.33	69.58	70.30	70.80	71.67	69.50	69.34	70.44	1.83025580698	25
18295	18295	87787	87787	69.50	68.92	69.95	68.78	68.28	69.60	70.30	70.78	71.62	69.53	69.33	70.39	1.83108304914	25
18320	18320	87762	87762	69.53	68.83	69.90	68.72	68.42	69.58	70.28	70.75	71.50	69.51	69.33	70.33	1.83251191264	25
18345	18345	87737	87737	69.45	68.70	69.72	68.83	68.42	69.53	70.25	70.60	71.47	69.51	69.24	70.24	1.83343156836	25
18370	18370	87712	87712	69.47	68.67	69.70	68.75	68.35	69.42	70.33	70.67	71.50	69.52	69.23	70.21	1.83358189075	25
18395	18395	87687	87687	69.47	68.58	69.72	68.60	68.22	69.28	70.30	70.62	71.42	69.46	69.14	70.14	1.83335913753	25
18420	18420	87662	87662	69.22	68.50	69.70	68.47	68.22	69.33	70.22	70.67	71.45	69.31	69.13	70.16	1.83395875182	25
18445	18445	87637	87637	69.17	68.60	69.67	68.50	68.20	69.15	70.20	70.70	71.30	69.29	69.17	70.04	1.83386585382	25
18470	18470	87612	87612	69.17	68.65	69.72	68.42	68.17	69.03	70.17	70.67	71.25	69.26	69.17	70.00	1.83363007483	25
18495	18495	87587	87587	69.08	68.60	69.70	68.33	68.12	69.03	70.20	70.58	71.22	69.20	69.10	69.98	1.83303312939	25
18520	18520	87562	87562	69.12	68.60	69.70	68.25	68.12	69.05	70.25	70.55	71.20	69.21	69.09	69.98	1.83400145887	25
18545	18545	87537	87537	68.90	68.55	69.53	68.38	68.12	68.97	70.10	70.47	71.20	69.12	69.05	69.90	1.83424574318	25
18570	18570	87512	87512	68.83	68.53	69.45	68.38	68.22	68.92	70.10	70.45	71.03	69.10	69.07	69.80	1.83528230308	25
18595	18595	87487	87487	68.78	68.53	69.42	68.17	68.22	68.85	70.05	70.47	71.20	69.00	69.08	69.83	1.83450064653	25
18620	18620	87462	87462	68.83	68.53	69.35	68.28	68.15	68.83	70.08	70.50	71.12	69.06	69.06	69.77	1.83462429577	25
18645	18645	87437	87437	68.85	68.55	69.38	68.30	68.15	68.75	70.00	70.47	71.15	69.05	69.06	69.76	1.83418526163	25
18670	18670	87412	87412	68.70	68.50	69.38	68.12	68.10	68.78	69.95	70.35	71.05	68.92	68.98	69.73	1.83391114591	25
18695	18695	87387	87387	68.70	68.53	69.30	68.22	68.12	68.83	69.85	70.40	71.10	68.92	69.02	69.74	1.83502863539	25
18720	18720	87362	87362	68.80	68.38	69.35	68.28	68.15	68.78	69.90	70.30	71.08	68.99	68.94	69.73	1.83559577261	25
18745	18745	87337	87337	68.42	68.40	69.22	68.12	68.10	68.80	69.83	70.22	71.00	68.79	68.91	69.67	1.83432109685	25
18770	18770	87312	87312	68.42	68.38	69.20	68.12	68.03	68.72	69.85	70.33	70.92	68.80	68.91	69.62	1.83517185443	25
18795	18795	87287	87287	68.42	68.33	69.10	68.05	67.92	68.65	69.75	70.15	70.88	68.74	68.80	69.54	1.83603509013	25
18820	18820	87262	87262	68.38	68.22	69.00	68.03	67.83	68.58	69.62	70.15	70.78	68.67	68.73	69.45	1.83553816512	25
18845	18845	87237	87237	68.30	68.12	68.97	67.97	67.67	68.53	69.65	70.20	70.70	68.64	68.67	69.40	1.83563632815	25
18870	18870	87212	87212	68.25	68.05	68.95	67.95	67.62	68.50	69.58	70.03	70.67	68.59	68.57	69.38	1.83494794943	25
18895	18895	87187	87187	68.12	68.08	68.88	67.75	67.62	68.47	69.60	69.90	70.58	68.49	68.53	69.31	1.83644985399	25
18920	18920	87162	87162	68.15	68.12	68.90	67.78	67.58	68.47	69.60	69.85	70.60	68.51	68.52	69.33	1.83607282795	25
18945	18945	87137	87137	68.12	68.05	68.90	67.75	67.58	68.40	69.60	69.78	70.55	68.49	68.47	69.28	1.83724574085	25
18970	18970	87112	87112	68.10	68.08	68.83	67.60	67.50	68.33	69.58	69.78	70.47	68.42	68.45	69.21	1.83770545992	25
18995	18995	87087	87087	68.05	68.08	68.78	67.60	67.42	68.28	69.47	69.80	70.38	68.38	68.43	69.14	1.83778839815	25
19020	19020	87062	87062	68.08	67.97	68.83	67.58	67.42	68.20	69.30	69.80	70.38	68.32	68.40	69.13	1.83871280662	25
19045	19045	87037	87037	67.95	68.03	68.75	67.47	67.45	68.10	69.22	69.72	70.30	68.22	68.40	69.05	1.83859017358	25
19070	19070	87012	87012	67.80	67.97	68.70	67.38	67.38	68.00	69.10	69.72	70.17	68.09	68.36	68.96	1.83867524625	25
19095	19095	86987	86987	67.80	67.85	68.62	67.40	67.50	67.85	69.10	69.53	70.15	68.10	68.29	68.88	1.83907315456	25
19120	19120	86962	86962	67.75	67.75	68.53	67.35	67.50	67.85	69.12	69.45	70.10	68.08	68.23	68.83	1.83910567812	25
19145	19145	86937	86937	67.72	67.75	68.53	67.33	67.42	67.83	69.12	69.50	70.10	68.06	68.22	68.82	1.83948396345	25
19170	19170	86912	86912	67.60	67.62	68.45	67.30	67.30	67.72	69.05	69.33	70.03	67.98	68.08	68.73	1.83910664018	25
19195	19195	86887	86887	67.53	67.65	68.42	67.25	67.12	67.80	69.08	69.35	69.90	67.95	68.04	68.71	1.8387380417	25
19220	19220	86862	86862	67.47	67.62	68.38	67.25	67.12	67.67	69.03	69.35	69.75	67.92	68.03	68.60	1.83883156854	25
19245	19245	86837	86837	67.50	67.58	68.35	67.12	67.22	67.67	69.03	69.30	69.67	67.88	68.03	68.57	1.83944957695	25
19270	19270	86812	86812	67.45	67.55	68.28	67.15	67.25	67.67	68.95	69.42	69.62	67.85	68.08	68.53	1.83906912771	25
19295	19295	86787	86787	67.50	67.60	68.22	67.20	67.17	67.67	68.80	69.47	69.58	67.83	68.08	68.49	1.83967286056	25
19320	19320	86762	86762	67.55	67.53	68.22	67.17	67.17	67.67	68.85	69.40	69.53	67.86	68.03	68.47	1.83926210625	25
19345	19345	86737	86737	67.42	67.58	68.25	67.12	67.22	67.62	68.80	69.33	69.58	67.78	68.04	68.48	1.83924972617	25
19370	19370	86712	86712	67.45	67.53	68.28	67.12	67.28	67.47	68.80	69.38	69.53	67.79	68.06	68.42	1.83919858047	25
19395	19395	86687	86687	67.42	67.42	68.30	66.95	67.35	67.40	68.75	69.30	69.45	67.71	68.03	68.38	1.83988258991	25
19420	19420	86662	86662	67.47	67.53	68.25	66.90	67.35	67.35	68.80	69.40	69.30	67.72	68.09	68.30	1.83966362516	25
19445	19445	86637	86637	67.35	67.47	68.17	66.83	67.20	67.25	68.67	69.42	69.30	67.62	68.03	68.24	1.84065367792	25
19470	19470	86612	86612	67.25	67.53	68.15	66.80	67.12	67.22	68.72	69.30	69.30	67.59	67.98	68.22	1.84148474818	25
19495	19495	86587	86587	67.35	67.42	68.12	66.70	67.12	67.22	68.70	69.25	69.28	67.58	67.93	68.21	1.84031022127	25
19520	19520	86562	86562	67.35	67.38	68.03	66.60	67.10	67.22	68.65	69.12	69.22	67.53	67.87	68.16	1.84047373898	25
19545	19545	86537	86537	67.40	67.38	68.03	66.53	67.05	67.17	68.62	69.10	69.25	67.52	67.84	68.15	1.83993652211	25
19570	19570	86512	86512	67.28	67.20	67.92	66.53	66.88	67.08	68.65	69.05	69.15	67.48	67.71	68.05	1.84285134053	25
19595	19595	86487	86487	67.25	67.33	67.92	66.50	66.92	67.03	68.53	68.95	69.05	67.42	67.73	68.00	1.84184279059	25
19620	19620	86462	86462	67.28	67.35	67.83	66.38	66.92	66.88	68.45	68.85	69.08	67.37	67.71	67.92	1.84155905704	25
19645	19645	86437	86437	67.15	67.22	67.72	66.42	66.88	66.88	68.40	68.83	69.05	67.33	67.64	67.88	1.84211567631	25
19670	19670	86412	86412	67.12	67.33	67.67	66.42	66.88	66.88	68.38	68.92	69.00	67.31	67.71	67.85	1.8429172372	25
19695	19695	86387	86387	67.12	67.25	67.72	66.33	66.83	66.85	68.30	68.95	68.97	67.25	67.67	67.85	1.84206014148	25
19720	19720	86362	86362	66.97	67.22	67.70	66.25	66.83	66.78	68.22	68.92	68.92	67.15	67.66	67.80	1.84346466287	25
19745	19745	86337	86337	66.95	67.17	67.72	66.25	66.78	66.72	68.15	68.88	68.90	67.12	67.61	67.78	1.84336557678	25
19770	19770	86312	86312	66.90	67.17	67.65	66.17	66.80	66.72	67.97	68.80	68.80	67.02	67.59	67.72	1.84391933474	25
19795	19795	86287	86287	66.83	67.15	67.62	66.10	66.83	66.70	67.90	68.75	68.72	66.94	67.58	67.68	1.84411566548	25
19820	19820	86262	86262	66.78	67.00	67.60	66.00	66.90	66.67	67.85	68.70	68.70	66.88	67.53	67.66	1.84383668729	25
19845	19845	86237	86237	66.85	67.10	67.50	65.95	66.88	66.50	67.85	68.70	68.70	66.88	67.56	67.57	1.84386642932	25
19870	19870	86212	86212	66.88	67.05	67.45	65.97	66.92	66.47	67.85	68.62	68.65	66.90	67.53	67.53	1.84329488762	25
19895	19895	86187	86187	66.72	67.03	67.50	65.92	66.75	66.47	67.85	68.53	68.55	66.83	67.43	67.51	1.84323868188	25
19920	19920	86162	86162	66.67	66.97	67.40	65.85	66.80	66.42	67.88	68.55	68.47	66.80	67.44	67.43	1.84336037809	25
19945	19945	86137	86137	66.65	66.90	67.35	65.80	66.78	66.35	67.90	68.40	68.45	66.78	67.36	67.38	1.84321100175	25
19970	19970	86112	86112	66.55	67.00	67.35	65.80	66.75	66.28	67.88	68.47	68.35	66.74	67.41	67.33	1.84308844318	25
19995	19995	86087	86087	66.50	67.00	67.30	65.65	66.67	66.15	67.75	68.40	68.30	66.63	67.36	67.25	1.84429042371	25
20020	20020	86062	86062	66.47	67.00	67.25	65.67	66.67	66.12	67.70	68.40	68.28	66.62	67.36	67.22	1.84640345235	25
20045	20045	86037	86037	66.47	67.00	67.25	65.78	66.72	66.22	67.65	68.30	68.30	66.63	67.34	67.26	1.84489783474	25
20070	20070	86012	86012	66.45	66.97	67.15	65.90	66.65	66.08	67.65	68.22	68.28	66.67	67.28	67.17	1.84417641628	25
20095	20095	85987	85987	66.45	67.00	67.17	65.70	66.47	66.12	67.67	68.20	68.30	66.61	67.22	67.20	1.84647339913	25
20120	20120	85962	85962	66.47	66.97	67.17	65.65	66.45	66.17	67.53	68.12	68.22	66.55	67.18	67.19	1.84573088194	25
20145	20145	85937	85937	66.45	66.92	67.03	65.53	66.45	66.10	67.58	68.10	68.28	66.52	67.16	67.13	1.84560661556	25
20170	20170	85912	85912	66.38	66.80	67.00	65.50	66.50	66.03	67.55	68.15	68.10	66.47	67.15	67.04	1.84473689453	25
20195	20195	85887	85887	66.42	66.88	67.03	65.50	66.50	65.97	67.53	68.08	68.12	66.48	67.15	67.04	1.84486243157	25
20220	20220	85862	85862	66.42	66.80	66.97	65.50	66.47	65.97	67.58	68.08	68.12	66.50	67.12	67.03	1.84569955527	25
20245	20245	85837	85837	66.33	66.75	66.92	65.50	66.58	65.90	67.67	68.12	68.08	66.50	67.15	66.97	1.84513152	25
20270	20270	85812	85812	66.20	66.70	66.88	65.47	66.53	65.88	67.62	68.03	68.08	66.43	67.08	66.94	1.84503284711	25
20295	20295	85787	85787	66.20	66.67	66.78	65.40	66.45	65.90	67.50	67.85	67.97	66.37	66.99	66.88	1.84501525686	25
20320	20320	85762	85762	66.08	66.65	66.72	65.35	66.45	65.85	67.40	67.88	67.92	66.28	66.99	66.83	1.84575382216	25
20345	20345	85737	85737	66.03	66.65	66.62	65.35	66.42	65.83	67.38	67.85	67.97	66.25	66.97	66.81	1.84610232646	25
20370	20370	85712	85712	65.97	66.60	66.60	65.30	66.42	65.83	67.40	67.83	67.85	66.22	66.95	66.76	1.8453122928	25
20395	20395	85687	85687	65.97	66.53	66.58	65.28	66.45	65.83	67.35	67.78	67.78	66.20	66.92	66.72	1.84592859796	25
20420	20420	85662	85662	66.00	66.53	66.62	65.33	66.40	65.92	67.22	67.80	67.78	66.18	66.91	66.78	1.84633405914	25
20445	20445	85637	85637	65.92	66.47	66.60	65.28	66.42	65.85	67.17	67.83	67.75	66.12	66.91	66.73	1.84654126542	25
20470	20470	85612	85612	65.97	66.38	66.58	65.22	66.45	65.83	67.30	67.75	67.70	66.17	66.86	66.70	1.84689462982	25
20495	20495	85587	85587	65.92	66.35	66.47	65.15	66.40	65.80	67.28	67.75	67.70	66.12	66.83	66.66	1.84794897836	25
20520	20520	85562	85562	65.97	66.33	66.42	65.12	66.38	65.67	67.25	67.70	67.70	66.12	66.80	66.60	1.84764369323	25
20545	20545	85537	85537	65.95	66.38	66.42	65.00	66.38	65.67	67.12	67.70	67.62	66.03	66.82	66.58	1.84743690572	25
20570	20570	85512	85512	65.95	66.38	66.38	65.00	66.38	65.65	67.10	67.67	67.53	66.02	66.81	66.52	1.84792199696	25
20595	20595	85487	85487	65.97	66.33	66.33	65.10	66.33	65.55	67.00	67.60	67.53	66.03	66.75	66.47	1.84871950485	25
20620	20620	85462	85462	65.97	66.35	66.22	65.03	66.33	65.53	67.00	67.58	67.45	66.00	66.75	66.40	1.85005352977	25
20645	20645	85437	85437	66.00	66.22	66.20	65.05	66.40	65.55	66.90	67.55	67.45	65.98	66.72	66.40	1.84991729565	25
20670	20670	85412	85412	65.92	66.20	66.10	65.03	66.38	65.50	66.95	67.47	67.38	65.97	66.68	66.33	1.84877615781	25
20695	20695	85387	85387	65.90	66.22	66.15	64.90	66.30	65.47	66.88	67.42	67.38	65.89	66.65	66.33	1.84815053108	25
20720	20720	85362	85362	65.83	66.22	66.12	64.88	66.33	65.50	66.92	67.45	67.33	65.88	66.67	66.32	1.84840048533	25
20745	20745	85337	85337	65.83	66.15	66.12	64.90	66.25	65.53	66.92	67.42	67.30	65.88	66.61	66.32	1.84811927603	25
20770	20770	85312	85312	65.78	66.12	66.10	64.85	66.15	65.35	66.88	67.47	67.22	65.83	66.58	66.22	1.84767268395	25
20795	20795	85287	85287	65.78	65.95	66.03	64.83	66.12	65.33	66.88	67.35	67.10	65.83	66.47	66.15	1.84858623065	25
20820	20820	85262	85262	65.78	66.00	66.03	64.83	66.12	65.38	66.78	67.38	67.12	65.79	66.50	66.17	1.84859364457	25
20845	20845	85237	85237	65.65	66.00	66.05	64.78	66.08	65.15	66.78	67.30	67.08	65.73	66.46	66.09	1.84842269659	25
20870	20870	85212	85212	65.62	66.10	66.00	64.67	66.05	65.20	66.70	67.28	67.00	65.67	66.47	66.07	1.84879308431	25
20895	20895	85187	85187	65.60	66.05	65.90	64.60	66.08	65.10	66.60	67.25	67.00	65.60	66.46	66.00	1.84901173889	25
20920	20920	85162	85162	65.45	66.15	65.90	64.60	66.08	65.03	66.60	67.12	67.03	65.55	66.45	65.98	1.85000294038	25
20945	20945	85137	85137	65.38	65.92	65.85	64.60	65.95	65.03	66.62	67.00	66.97	65.53	66.29	65.95	1.85063943491	25
20970	20970	85112	85112	65.28	66.00	65.75	64.60	65.90	64.95	66.55	67.05	66.92	65.47	66.32	65.88	1.85101425772	25
20995	20995	85087	85087	65.17	65.97	65.70	64.55	65.80	64.83	66.50	66.95	66.92	65.41	66.24	65.82	1.85144765109	25
21020	21020	85062	85062	65.15	65.83	65.72	64.53	65.75	64.83	66.50	67.03	66.85	65.39	66.20	65.80	1.85187120371	25
21045	21045	85037	85037	65.22	65.75	65.72	64.47	65.60	64.78	66.42	66.95	66.78	65.38	66.10	65.76	1.84991066406	25
21070	21070	85012	85012	65.17	65.70	65.67	64.45	65.62	64.80	66.40	66.88	66.72	65.34	66.07	65.73	1.84937213882	25
21095	21095	84987	84987	65.20	65.72	65.65	64.33	65.60	64.78	66.28	66.83	66.70	65.27	66.05	65.71	1.84942785938	25
21120	21120	84962	84962	65.10	65.72	65.55	64.33	65.53	64.78	66.17	66.80	66.70	65.20	66.02	65.67	1.84954748479	25
21145	21145	84937	84937	65.12	65.78	65.47	64.35	65.50	64.78	66.20	66.83	66.67	65.22	66.03	65.64	1.84947062816	25
21170	21170	84912	84912	65.00	65.78	65.40	64.22	65.50	64.72	66.17	66.83	66.67	65.13	66.03	65.60	1.84983950397	25
21195	21195	84887	84887	64.95	65.67	65.42	64.17	65.50	64.70	66.10	66.88	66.65	65.08	66.02	65.59	1.84898821534	25
21220	21220	84862	84862	65.00	65.60	65.35	64.20	65.50	64.67	66.08	66.90	66.60	65.09	66.00	65.54	1.84963343192	25
21245	21245	84837	84837	64.78	65.60	65.38	64.22	65.50	64.62	65.97	66.88	66.58	64.99	65.99	65.53	1.85033954732	25
21270	21270	84812	84812	64.80	65.62	65.33	64.28	65.55	64.65	65.97	66.88	66.62	65.02	66.02	65.53	1.85027692638	25
21295	21295	84787	84787	64.80	65.62	65.35	64.20	65.53	64.62	65.90	66.90	66.62	64.97	66.02	65.53	1.84957329054	25
21320	21320	84762	84762	64.72	65.60	65.35	64.12	65.55	64.60	65.88	66.97	66.58	64.91	66.04	65.51	1.84908380025	25
21345	21345	84737	84737	64.75	65.50	65.28	64.05	65.53	64.60	65.83	66.92	66.58	64.88	65.98	65.48	1.85018649562	25
21370	21370	84712	84712	64.70	65.53	65.22	64.08	65.40	64.60	65.75	66.95	66.42	64.84	65.96	65.42	1.85039144496	25
21395	21395	84687	84687	64.62	65.45	65.15	64.03	65.33	64.58	65.75	66.83	66.47	64.80	65.87	65.40	1.84961765183	25
21420	21420	84662	84662	64.53	65.38	65.20	64.03	65.25	64.53	65.67	66.92	66.40	64.74	65.85	65.38	1.8506162787	25
21445	21445	84637	84637	64.53	65.38	65.15	63.88	65.33	64.47	65.62	66.90	66.35	64.67	65.87	65.33	1.85012490588	25
21470	21470	84612	84612	64.50	65.35	65.15	63.88	65.38	64.40	65.55	66.80	66.35	64.64	65.84	65.30	1.85009529565	25
21495	21495	84587	84587	64.45	65.25	65.03	63.92	65.33	64.38	65.53	66.80	66.28	64.63	65.79	65.22	1.8495922769	25
21520	21520	84562	84562	64.40	65.22	64.90	63.92	65.25	64.35	65.50	66.75	66.22	64.61	65.74	65.16	1.85052512926	25
21545	21545	84537	84537	64.50	65.30	64.90	63.85	65.20	64.35	65.47	66.75	66.25	64.61	65.75	65.17	1.85136344254	25
21570	21570	84512	84512	64.42	65.33	64.85	63.90	65.12	64.38	65.40	66.83	66.25	64.58	65.76	65.16	1.85114494271	25
21595	21595	84487	84487	64.50	65.17	64.72	63.83	65.15	64.33	65.45	66.67	66.20	64.59	65.67	65.08	1.85113213643	25
21620	21620	84462	84462	64.38	65.20	64.80	63.65	65.10	64.28	65.40	66.65	66.12	64.47	65.65	65.07	1.85139020373	25
21645	21645	84437	84437	64.33	65.17	64.85	63.77	65.03	64.28	65.45	66.65	66.08	64.52	65.62	65.07	1.85204022274	25
21670	21670	84412	84412	64.25	65.17	64.88	63.70	64.92	64.17	65.40	66.65	66.12	64.45	65.58	65.06	1.85186460563	25
21695	21695	84387	84387	64.25	65.15	64.90	63.77	64.95	64.22	65.38	66.62	66.10	64.47	65.58	65.08	1.85184349882	25
21720	21720	84362	84362	64.25	65.12	64.90	63.83	65.00	64.20	65.35	66.67	66.10	64.47	65.60	65.07	1.85128057317	25
21745	21745	84337	84337	64.22	65.17	64.78	63.83	64.95	64.12	65.35	66.65	66.10	64.47	65.59	65.00	1.85132191362	25
21770	21770	84312	84312	64.20	65.12	64.75	63.70	65.00	64.05	65.22	66.53	65.97	64.38	65.55	64.92	1.85266936138	25
21795	21795	84287	84287	64.20	65.12	64.78	63.65	64.92	64.08	65.25	66.45	65.95	64.37	65.50	64.93	1.85206565762	25
21820	21820	84262	84262	64.12	65.08	64.70	63.67	64.92	64.03	65.28	66.50	66.00	64.36	65.50	64.91	1.85241503885	25
21845	21845	84237	84237	64.17	65.08	64.70	63.67	64.85	64.03	65.28	66.47	65.92	64.38	65.47	64.88	1.85218884952	25
21870	21870	84212	84212	64.12	65.00	64.67	63.62	64.88	63.95	65.15	66.42	65.88	64.30	65.43	64.83	1.85289065481	25
21895	21895	84187	84187	64.05	65.05	64.72	63.62	64.78	63.92	65.12	66.30	65.92	64.27	65.38	64.86	1.85168734396	25
21920	21920	84162	84162	63.98	65.00	64.60	63.60	64.67	63.88	65.12	66.25	65.88	64.23	65.31	64.78	1.85216569553	25
21945	21945	84137	84137	63.92	64.92	64.58	63.52	64.75	63.83	65.15	66.42	65.83	64.20	65.37	64.74	1.85272231165	25
21970	21970	84112	84112	63.88	64.97	64.55	63.55	64.78	63.88	65.00	66.38	65.85	64.14	65.38	64.76	1.85282335425	25
21995	21995	84087	84087	63.90	64.88	64.47	63.45	64.70	63.85	65.12	66.22	65.78	64.16	65.27	64.70	1.85371934006	25
22020	22020	84062	84062	63.83	64.88	64.47	63.50	64.78	63.88	65.03	66.25	65.67	64.12	65.30	64.67	1.85366427249	25
22045	22045	84037	84037	63.77	64.90	64.42	63.40	64.75	63.85	65.05	66.25	65.72	64.08	65.30	64.67	1.85513472205	25
22070	22070	84012	84012	63.75	64.95	64.42	63.35	64.62	63.83	65.08	66.20	65.65	64.06	65.26	64.63	1.85663783988	25
22095	22095	83987	83987	63.80	64.90	64.33	63.40	64.60	63.77	65.08	66.05	65.60	64.09	65.18	64.57	1.85606558905	25
22120	22120	83962	83962	63.70	64.90	64.35	63.35	64.62	63.75	65.08	66.08	65.60	64.04	65.20	64.57	1.85477171771	25
22145	22145	83937	83937	63.67	64.88	64.40	63.35	64.65	63.75	65.08	66.10	65.70	64.03	65.21	64.62	1.85466579386	25
22170	22170	83912	83912	63.65	64.92	64.38	63.23	64.65	63.77	65.12	66.03	65.67	64.00	65.20	64.61	1.8547880331	25
22195	22195	83887	83887	63.70	64.88	64.38	63.25	64.60	63.75	65.12	66.05	65.70	64.03	65.17	64.61	1.85577311372	25
22220	22220	83862	83862	63.67	64.85	64.40	63.23	64.55	63.60	65.10	66.00	65.65	64.00	65.13	64.55	1.85648425488	25
22245	22245	83837	83837	63.58	64.85	64.30	63.20	64.50	63.65	65.03	65.85	65.70	63.93	65.07	64.55	1.85555141287	25
22270	22270	83812	83812	63.55	64.83	64.33	63.23	64.45	63.58	65.00	65.95	65.65	63.92	65.08	64.52	1.85632122063	25
22295	22295	83787	83787	63.52	64.88	64.30	63.23	64.35	63.58	65.03	65.80	65.62	63.92	65.01	64.50	1.85579654929	25
22320	22320	83762	83762	63.52	64.83	64.22	63.23	64.38	63.55	65.05	65.83	65.60	63.93	65.01	64.46	1.85504043685	25
22345	22345	83737	83737	63.45	64.80	64.25	63.15	64.38	63.58	64.97	65.75	65.58	63.86	64.97	64.47	1.85457515878	25
22370	22370	83712	83712	63.48	64.80	64.28	63.05	64.30	63.52	64.92	65.75	65.55	63.82	64.95	64.45	1.85462853677	25
22395	22395	83687	83687	63.48	64.72	64.20	63.02	64.38	63.55	64.88	65.75	65.58	63.79	64.95	64.44	1.85562600769	25
22420	22420	83662	83662	63.48	64.75	64.12	63.00	64.33	63.52	64.83	65.62	65.53	63.77	64.90	64.39	1.85647458618	25
22445	22445	83637	83637	63.45	64.75	64.10	62.98	64.30	63.50	64.75	65.67	65.50	63.73	64.91	64.37	1.85572866681	25
22470	22470	83612	83612	63.42	64.72	63.98	62.98	64.28	63.48	64.70	65.80	65.45	63.70	64.93	64.30	1.85600140463	25
22495	22495	83587	83587	63.50	64.67	64.00	63.00	64.30	63.42	64.80	65.80	65.40	63.77	64.92	64.28	1.85585012487	25
22520	22520	83562	83562	63.40	64.65	63.92	62.98	64.25	63.40	64.72	65.75	65.38	63.70	64.88	64.23	1.85597954921	25
22545	22545	83537	83537	63.52	64.72	63.98	62.88	64.20	63.40	64.72	65.72	65.40	63.71	64.88	64.26	1.85524267382	25
22570	22570	83512	83512	63.48	64.72	63.98	62.88	64.17	63.33	64.72	65.70	65.40	63.69	64.87	64.23	1.8549924603	25
22595	22595	83487	83487	63.40	64.62	63.98	62.88	64.15	63.30	64.70	65.62	65.33	63.66	64.80	64.20	1.85499170434	25
22620	22620	83462	83462	63.42	64.67	63.98	62.88	64.17	63.27	64.65	65.62	65.35	63.65	64.83	64.20	1.85473960805	25
22645	22645	83437	83437	63.33	64.67	63.98	62.88	64.10	63.25	64.62	65.50	65.35	63.61	64.76	64.19	1.85525185866	25
22670	22670	83412	83412	63.30	64.65	63.88	62.80	64.05	63.23	64.50	65.55	65.33	63.53	64.75	64.14	1.8551120876	25
22695	22695	83387	83387	63.33	64.60	63.85	62.70	64.00	63.25	64.53	65.58	65.30	63.52	64.72	64.13	1.85615084497	25
22720	22720	83362	83362	63.23	64.55	63.85	62.60	64.03	63.20	64.58	65.55	65.33	63.47	64.71	64.12	1.85525463187	25
22745	22745	83337	83337	63.23	64.53	63.85	62.55	63.98	63.20	64.55	65.53	65.28	63.44	64.67	64.11	1.85475516808	25
22770	22770	83312	83312	63.30	64.47	63.83	62.48	63.95	63.20	64.58	65.55	65.20	63.45	64.66	64.08	1.8541426046	25
22795	22795	83287	83287	63.33	64.53	63.88	62.42	63.95	63.12	64.50	65.55	65.22	63.42	64.67	64.08	1.8553305483	25
22820	22820	83262	83262	63.25	64.58	63.80	62.42	64.00	63.12	64.50	65.53	65.22	63.39	64.70	64.05	1.85546539863	25
22845	22845	83237	83237	63.33	64.62	63.88	62.38	64.05	63.12	64.55	65.55	65.22	63.42	64.74	64.08	1.85464476253	25
22870	22870	83212	83212	63.20	64.55	63.75	62.23	64.05	63.12	64.55	65.55	65.22	63.33	64.72	64.03	1.85567877146	24
22894	22894	83188	83188	63.10	64.60	63.75	62.25	63.95	63.05	64.55	65.50	65.22	63.30	64.68	64.01	1.85624200228	25
22919	22919	83163	83163	63.15	64.53	63.75	62.23	64.08	63.02	64.53	65.47	65.25	63.30	64.69	64.01	1.85571088091	25
22944	22944	83138	83138	63.08	64.47	63.70	62.15	63.95	63.02	64.53	65.45	65.12	63.25	64.62	63.95	1.85574445241	25
22969	22969	83113	83113	63.05	64.42	63.70	62.20	63.98	63.02	64.53	65.50	65.12	63.26	64.63	63.95	1.85604463238	25
22994	22994	83088	83088	62.95	64.45	63.73	62.20	63.95	63.02	64.45	65.42	65.03	63.20	64.61	63.92	1.85486615476	25
23019	23019	83063	83063	62.98	64.42	63.65	62.20	63.95	63.00	64.45	65.40	64.95	63.21	64.59	63.87	1.85496037467	25
23044	23044	83038	83038	62.90	64.40	63.65	62.08	63.95	62.88	64.40	65.38	64.95	63.12	64.58	63.83	1.85507068551	25
23069	23069	83013	83013	62.75	64.45	63.55	61.98	63.95	62.85	64.35	65.30	64.97	63.02	64.57	63.79	1.8554523059	25
23094	23094	82988	82988	62.73	64.40	63.58	62.02	63.90	62.88	64.38	65.22	64.95	63.04	64.51	63.80	1.85530468078	25
23119	23119	82963	82963	62.75	64.47	63.58	62.00	63.90	62.95	64.40	65.28	65.00	63.05	64.55	63.84	1.85553877875	25
23144	23144	82938	82938	62.70	64.50	63.55	61.95	63.88	62.92	64.40	65.20	65.00	63.02	64.53	63.83	1.85535576349	25
23169	23169	82913	82913	62.70	64.47	63.50	61.95	63.80	62.85	64.35	65.22	64.95	63.00	64.50	63.77	1.85553041889	25
23194	23194	82888	82888	62.75	64.33	63.52	61.92	63.77	62.77	64.33	65.22	64.88	63.00	64.44	63.73	1.85514993328	25
23219	23219	82863	82863	62.67	64.40	63.52	61.98	63.75	62.77	64.33	65.15	64.88	62.99	64.43	63.73	1.85567967145	25
23244	23244	82838	82838	62.70	64.35	63.45	61.90	63.73	62.83	64.30	65.10	64.83	62.97	64.39	63.70	1.85573278252	25
23269	23269	82813	82813	62.70	64.25	63.48	61.98	63.75	62.75	64.33	65.05	64.80	63.00	64.35	63.67	1.85558659095	25
23294	23294	82788	82788	62.73	64.25	63.45	61.98	63.73	62.75	64.28	65.08	64.80	62.99	64.35	63.67	1.85590769458	25
23319	23319	82763	82763	62.67	64.12	63.42	61.98	63.67	62.58	64.25	65.08	64.83	62.97	64.29	63.61	1.85643747168	25
23344	23344	82738	82738	62.67	64.17	63.42	61.95	63.65	62.58	64.22	65.15	64.72	62.95	64.33	63.58	1.8575200793	25
23369	23369	82713	82713	62.67	64.15	63.40	61.88	63.65	62.50	64.15	65.08	64.75	62.90	64.29	63.55	1.85816492106	25
23394	23394	82688	82688	62.58	64.15	63.40	61.83	63.62	62.52	64.20	65.05	64.78	62.87	64.28	63.57	1.85724874724	25
23419	23419	82663	82663	62.50	64.12	63.35	61.88	63.70	62.52	64.08	65.17	64.78	62.82	64.33	63.55	1.85727793725	25
23444	23444	82638	82638	62.48	64.15	63.30	61.88	63.65	62.52	64.05	65.10	64.78	62.80	64.30	63.53	1.85750557638	25
23469	23469	82613	82613	62.60	64.15	63.25	61.85	63.65	62.55	63.98	65.05	64.70	62.81	64.28	63.50	1.85816036943	25
23494	23494	82588	82588	62.52	64.20	63.25	61.83	63.65	62.58	64.08	65.03	64.72	62.81	64.29	63.52	1.85774144667	25
23519	23519	82563	82563	62.58	64.12	63.23	61.83	63.62	62.55	64.05	65.08	64.72	62.82	64.28	63.50	1.85763832235	25
23544	23544	82538	82538	62.55	64.12	63.23	61.80	63.62	62.58	63.98	65.00	64.67	62.77	64.25	63.49	1.85715719909	25
23569	23569	82513	82513	62.52	64.12	63.23	61.73	63.55	62.58	63.95	65.08	64.65	62.73	64.25	63.48	1.8577688949	25
23594	23594	82488	82488	62.52	64.10	63.23	61.65	63.58	62.60	63.98	65.05	64.62	62.72	64.24	63.48	1.85851794872	25
23619	23619	82463	82463	62.52	64.05	63.17	61.70	63.60	62.52	63.98	65.05	64.62	62.73	64.23	63.44	1.85879672613	25
23644	23644	82438	82438	62.48	64.00	63.12	61.67	63.58	62.50	63.95	64.95	64.67	62.70	64.17	63.43	1.85849719516	25
23669	23669	82413	82413	62.48	63.98	63.08	61.67	63.58	62.45	63.92	64.92	64.62	62.69	64.16	63.38	1.85856144311	25
23694	23694	82388	82388	62.45	63.98	63.00	61.62	63.60	62.50	63.80	64.88	64.60	62.62	64.15	63.37	1.85862599269	25
23719	23719	82363	82363	62.40	63.95	63.02	61.55	63.60	62.45	63.75	64.85	64.60	62.57	64.13	63.36	1.857962959	25
23744	23744	82338	82338	62.38	63.90	62.98	61.65	63.55	62.48	63.73	64.85	64.58	62.58	64.10	63.34	1.85886284919	25
23769	23769	82313	82313	62.40	63.95	62.98	61.60	63.52	62.50	63.77	64.90	64.50	62.59	64.12	63.33	1.85855200707	25
23794	23794	82288	82288	62.30	63.90	63.00	61.62	63.42	62.42	63.77	64.90	64.53	62.57	64.08	63.32	1.85845436454	25
23819	23819	82263	82263	62.40	63.90	62.98	61.62	63.42	62.35	63.73	64.78	64.55	62.58	64.03	63.29	1.85937318429	25
23844	23844	82238	82238	62.40	63.90	63.02	61.60	63.40	62.38	63.73	64.85	64.55	62.58	64.05	63.32	1.85903290868	25
23869	23869	82213	82213	62.40	63.90	63.00	61.60	63.38	62.38	63.73	64.70	64.50	62.58	63.99	63.29	1.85920872161	25
23894	23894	82188	82188	62.30	63.90	63.00	61.60	63.40	62.38	63.73	64.67	64.50	62.54	63.99	63.29	1.85958876234	25
23919	23919	82163	82163	62.38	63.80	62.92	61.52	63.35	62.38	63.73	64.70	64.47	62.54	63.95	63.26	1.85993944672	25
23944	23944	82138	82138	62.33	63.77	62.98	61.50	63.38	62.35	63.73	64.65	64.53	62.52	63.93	63.28	1.85988069664	25
23969	23969	82113	82113	62.42	63.70	62.95	61.52	63.35	62.33	63.73	64.72	64.47	62.56	63.92	63.25	1.8595527097	25
23994	23994	82088	82088	62.40	63.75	62.98	61.52	63.33	62.27	63.70	64.70	64.45	62.54	63.92	63.23	1.85993479034	25
24019	24019	82063	82063	62.38	63.83	62.95	61.55	63.25	62.30	63.55	64.55	64.42	62.49	63.88	63.23	1.8597703109	25
24044	24044	82038	82038	62.33	63.75	62.95	61.58	63.27	62.35	63.55	64.55	64.35	62.48	63.86	63.22	1.85920976911	25
24069	24069	82013	82013	62.27	63.73	62.88	61.50	63.23	62.33	63.58	64.53	64.22	62.45	63.83	63.14	1.85977167965	25
24094	24094	81988	81988	62.23	63.67	62.80	61.50	63.27	62.30	63.62	64.55	64.17	62.45	63.83	63.09	1.86002189302	25
24119	24119	81963	81963	62.38	63.65	62.88	61.50	63.27	62.33	63.58	64.55	64.25	62.48	63.83	63.15	1.859293543	25
24144	24144	81938	81938	62.23	63.65	62.85	61.50	63.27	62.30	63.58	64.58	64.15	62.43	63.83	63.10	1.86078395077	25
24169	24169	81913	81913	62.23	63.67	62.85	61.50	63.23	62.27	63.58	64.62	64.17	62.43	63.84	63.10	1.86010704714	25
24194	24194	81888	81888	62.20	63.67	62.77	61.48	63.23	62.30	63.62	64.60	64.15	62.43	63.83	63.08	1.8595578797	25
24219	24219	81863	81863	62.25	63.58	62.80	61.48	63.23	62.33	63.55	64.50	64.10	62.42	63.77	63.08	1.85957667068	25
24244	24244	81838	81838	62.20	63.55	62.77	61.45	63.23	62.25	63.62	64.60	64.05	62.42	63.79	63.02	1.85957715028	25
24269	24269	81813	81813	62.17	63.58	62.77	61.38	63.23	62.23	63.55	64.58	64.03	62.37	63.79	63.01	1.85992113388	25
24294	24294	81788	81788	62.15	63.55	62.73	61.35	63.20	62.23	63.50	64.58	63.98	62.33	63.77	62.98	1.86004096874	25
24319	24319	81763	81763	61.98	63.52	62.73	61.40	63.23	62.23	63.45	64.58	63.95	62.27	63.77	62.97	1.86040704021	25
24344	24344	81738	81738	62.02	63.48	62.70	61.40	63.20	62.17	63.42	64.47	63.88	62.28	63.72	62.92	1.86088970927	25
24369	24369	81713	81713	61.92	63.42	62.62	61.35	63.20	62.12	63.27	64.40	63.80	62.18	63.67	62.85	1.8609973612	25
24394	24394	81688	81688	62.02	63.42	62.60	61.30	63.15	62.08	63.30	64.35	63.75	62.21	63.64	62.81	1.86098588259	25
24419	24419	81663	81663	61.98	63.38	62.60	61.27	63.08	62.05	63.17	64.38	63.70	62.14	63.61	62.78	1.86061447209	25
24444	24444	81638	81638	61.92	63.33	62.65	61.23	63.05	62.08	63.12	64.35	63.67	62.09	63.58	62.80	1.86148778937	25
24469	24469	81613	81613	61.90	63.33	62.58	61.23	63.02	62.05	63.12	64.35	63.62	62.08	63.57	62.75	1.86209768609	25
24494	24494	81588	81588	61.98	63.40	62.48	61.15	63.00	62.08	63.08	64.33	63.58	62.07	63.58	62.71	1.86200893104	25
24519	24519	81563	81563	61.90	63.38	62.50	61.12	62.90	62.02	62.98	64.35	63.58	62.00	63.54	62.70	1.86227328976	25
24544	24544	81538	81538	61.85	63.40	62.45	61.20	62.90	62.02	63.00	64.28	63.58	62.02	63.52	62.68	1.86144383061	25
24569	24569	81513	81513	61.90	63.48	62.38	61.20	62.85	62.02	62.95	64.25	63.55	62.02	63.52	62.65	1.86271783344	25
24594	24594	81488	81488	61.88	63.45	62.35	61.23	62.95	62.05	62.90	64.22	63.52	62.00	63.54	62.64	1.8624474392	25
24619	24619	81463	81463	61.88	63.42	62.33	61.08	63.00	62.00	63.02	64.28	63.50	61.99	63.57	62.61	1.86239564444	25
24644	24644	81438	81438	61.83	63.40	62.40	61.15	62.95	62.02	62.92	64.28	63.50	61.97	63.54	62.64	1.8626297007	25
24669	24669	81413	81413	61.90	63.35	62.40	61.10	62.88	62.02	62.83	64.20	63.50	61.94	63.48	62.64	1.86274132516	25
24694	24694	81388	81388	61.83	63.40	62.35	61.10	62.95	61.98	62.88	64.28	63.52	61.93	63.54	62.62	1.86562505421	25
24719	24719	81363	81363	61.85	63.35	62.33	61.15	62.92	62.00	62.85	64.25	63.50	61.95	63.51	62.61	1.86504229882	25
24744	24744	81338	81338	61.75	63.33	62.27	61.05	63.00	61.95	62.80	64.25	63.48	61.87	63.52	62.57	1.86422401569	25
24769	24769	81313	81313	61.77	63.27	62.27	61.00	62.90	61.92	62.77	64.25	63.40	61.85	63.48	62.53	1.86357473872	25
24794	24794	81288	81288	61.75	63.27	62.25	60.98	62.88	61.88	62.83	64.22	63.33	61.85	63.46	62.48	1.86489666053	25
24819	24819	81263	81263	61.62	63.23	62.17	61.05	62.90	61.88	62.83	64.22	63.35	61.83	63.45	62.47	1.86496112244	25
24844	24844	81238	81238	61.62	63.23	62.23	61.00	62.98	61.83	62.73	64.15	63.33	61.78	63.45	62.46	1.86580617251	25
24869	24869	81213	81213	61.48	63.20	62.15	60.92	62.88	61.83	62.65	64.15	63.15	61.68	63.41	62.38	1.86505235616	25
24894	24894	81188	81188	61.50	63.17	62.08	60.92	62.90	61.77	62.58	64.12	63.10	61.67	63.40	62.32	1.86561219755	25
24919	24919	81163	81163	61.48	63.20	62.08	60.88	62.95	61.80	62.55	64.10	63.08	61.63	63.42	62.32	1.8647377288	25
24944	24944	81138	81138	61.52	63.17	62.05	60.90	62.88	61.77	62.58	64.12	63.12	61.67	63.39	62.32	1.86451424918	25
24969	24969	81113	81113	61.48	63.15	62.00	60.83	62.83	61.75	62.60	64.03	63.08	61.63	63.33	62.27	1.8646673878	25
24994	24994	81088	81088	61.42	63.23	62.00	60.77	62.83	61.70	62.62	64.05	63.10	61.61	63.37	62.27	1.86438978469	25
25019	25019	81063	81063	61.40	63.27	61.98	60.77	62.77	61.67	62.65	64.05	63.10	61.61	63.37	62.25	1.86369486887	25
25044	25044	81038	81038	61.38	63.27	61.95	60.77	62.77	61.70	62.58	64.05	63.15	61.58	63.37	62.27	1.86350930542	25
25069	25069	81013	81013	61.33	63.23	61.98	60.75	62.75	61.62	62.58	64.05	63.02	61.55	63.34	62.21	1.86286150348	25
25094	25094	80988	80988	61.30	63.23	61.92	60.67	62.70	61.60	62.55	64.00	63.05	61.51	63.31	62.19	1.86341832155	25
25119	25119	80963	80963	61.33	63.25	61.98	60.70	62.85	61.60	62.50	63.98	63.02	61.51	63.36	62.20	1.86273137331	25
25144	25144	80938	80938	61.33	63.23	61.98	60.62	62.80	61.62	62.48	63.95	63.02	61.48	63.33	62.21	1.86160263285	25
25169	25169	80913	80913	61.27	63.23	61.95	60.55	62.80	61.62	62.50	63.95	63.05	61.44	63.33	62.21	1.86143112762	25
25194	25194	80888	80888	61.23	63.23	62.00	60.62	62.77	61.65	62.50	63.88	63.08	61.45	63.29	62.24	1.86209904184	25
25219	25219	80863	80863	61.27	63.17	61.98	60.60	62.70	61.65	62.50	63.85	63.05	61.46	63.24	62.23	1.86184690832	25
25244	25244	80838	80838	61.25	63.20	61.77	60.55	62.73	61.58	62.50	63.83	62.98	61.43	63.25	62.11	1.86205449838	25
25269	25269	80813	80813	61.27	63.12	61.75	60.55	62.67	61.55	62.52	63.85	62.98	61.45	63.22	62.09	1.86265120172	25
25294	25294	80788	80788	61.27	63.10	61.70	60.50	62.70	61.50	62.40	63.88	62.95	61.39	63.23	62.05	1.86302744136	25
25319	25319	80763	80763	61.20	63.08	61.65	60.52	62.67	61.58	62.35	63.83	62.95	61.36	63.19	62.06	1.86366250678	25
25344	25344	80738	80738	61.17	63.02	61.62	60.52	62.62	61.50	62.25	63.85	62.83	61.32	63.17	61.98	1.86315908083	25
25369	25369	80713	80713	61.05	63.02	61.55	60.50	62.62	61.42	62.27	63.88	62.83	61.27	63.17	61.93	1.86441024964	25
25394	25394	80688	80688	61.10	63.00	61.48	60.45	62.67	61.45	62.20	63.83	62.85	61.25	63.17	61.92	1.86407448001	25
25419	25419	80663	80663	61.15	63.02	61.52	60.38	62.65	61.48	62.15	63.77	62.77	61.23	63.15	61.92	1.86469909912	25
25444	25444	80638	80638	61.10	62.95	61.50	60.35	62.62	61.45	62.17	63.83	62.77	61.21	63.13	61.91	1.8645091561	25
25469	25469	80613	80613	61.08	62.85	61.48	60.25	62.62	61.42	62.15	63.75	62.83	61.16	63.08	61.91	1.86355394445	25
25494	25494	80588	80588	61.02	62.83	61.40	60.25	62.52	61.38	62.15	63.75	62.75	61.14	63.03	61.84	1.86384752576	25
25519	25519	80563	80563	60.98	62.80	61.35	60.23	62.48	61.27	62.15	63.75	62.70	61.12	63.01	61.77	1.86427759346	25
25544	25544	80538	80538	60.92	62.88	61.27	60.20	62.42	61.27	62.05	63.73	62.58	61.06	63.01	61.71	1.86402818301	25
25569	25569	80513	80513	60.88	62.88	61.30	60.08	62.45	61.12	62.05	63.80	62.55	61.00	63.04	61.66	1.864140302	25
25594	25594	80488	80488	60.92	62.95	61.27	60.08	62.42	61.10	62.05	63.73	62.55	61.02	63.03	61.64	1.86449498446	25
25619	25619	80463	80463	60.88	62.80	61.23	60.10	62.42	61.12	62.02	63.75	62.65	61.00	62.99	61.67	1.86479684768	25
25644	25644	80438	80438	60.90	62.77	61.25	60.05	62.42	61.10	61.98	63.75	62.55	60.98	62.98	61.63	1.86433866175	25
25669	25669	80413	80413	60.88	62.80	61.23	60.00	62.38	61.12	61.95	63.67	62.52	60.94	62.95	61.62	1.86406704292	25
25694	25694	80388	80388	60.83	62.80	61.20	60.02	62.33	61.10	61.95	63.67	62.48	60.93	62.93	61.59	1.86487672035	25
25719	25719	80363	80363	60.85	62.75	61.17	59.98	62.20	61.10	61.88	63.67	62.45	60.90	62.88	61.58	1.86433293264	25
25744	25744	80338	80338	60.67	62.65	61.12	59.98	62.12	60.92	61.85	63.62	62.45	60.83	62.80	61.50	1.86444288263	25
25769	25769	80313	80313	60.70	62.60	61.10	59.98	62.12	60.92	61.83	63.52	62.33	60.83	62.75	61.45	1.86601508026	25
25794	25794	80288	80288	60.62	62.58	61.05	60.00	61.98	60.92	61.88	63.52	62.33	60.83	62.69	61.43	1.86563325397	25
25819	25819	80263	80263	60.65	62.45	60.98	59.98	61.95	60.85	61.83	63.48	62.15	60.82	62.62	61.33	1.86587853703	25
25844	25844	80238	80238	60.75	62.48	60.95	59.92	61.92	60.90	61.80	63.48	62.05	60.83	62.62	61.30	1.86535604986	25
25869	25869	80213	80213	60.77	62.48	60.88	59.90	61.95	60.88	61.80	63.50	62.12	60.83	62.64	61.29	1.86534709727	25
25894	25894	80188	80188	60.67	62.48	60.85	59.85	61.88	60.88	61.77	63.45	62.08	60.77	62.60	61.27	1.86582629382	25
25919	25919	80163	80163	60.62	62.45	60.80	59.83	61.88	60.88	61.80	63.42	62.10	60.75	62.58	61.26	1.86558021615	25
25944	25944	80138	80138	60.58	62.40	60.75	59.80	61.83	60.85	61.77	63.38	62.00	60.72	62.53	61.20	1.8657803959	25
25969	25969	80113	80113	60.55	62.35	60.75	59.77	61.88	60.77	61.75	63.38	61.98	60.69	62.53	61.17	1.86618192562	25
25994	25994	80088	80088	60.58	62.33	60.77	59.73	61.88	60.75	61.70	63.33	61.90	60.67	62.51	61.14	1.86596703866	25
26019	26019	80063	80063	60.45	62.33	60.77	59.75	61.85	60.77	61.67	63.27	61.92	60.62	62.48	61.16	1.8657165269	25
26044	26044	80038	80038	60.48	62.30	60.70	59.80	61.83	60.73	61.65	63.25	61.83	60.64	62.46	61.08	1.8657978428	25
26069	26069	80013	80013	60.45	62.35	60.75	59.88	61.73	60.70	61.65	63.27	61.92	60.66	62.45	61.12	1.86667614289	25
26094	26094	79988	79988	60.40	62.38	60.73	59.90	61.73	60.70	61.67	63.23	61.95	60.66	62.44	61.12	1.86639286382	25
26119	26119	79963	79963	60.45	62.40	60.65	59.88	61.77	60.65	61.73	63.27	61.95	60.68	62.48	61.08	1.86588699406	25
26144	26144	79938	79938	60.40	62.35	60.65	59.83	61.75	60.62	61.65	63.20	61.92	60.62	62.43	61.07	1.86592063567	25
26169	26169	79913	79913	60.40	62.35	60.60	59.85	61.75	60.65	61.55	63.15	61.83	60.60	62.42	61.02	1.865087847	25
26194	26194	79888	79888	60.38	62.33	60.58	59.75	61.70	60.55	61.50	63.17	61.77	60.54	62.40	60.97	1.86517114313	25
26219	26219	79863	79863	60.38	62.27	60.58	59.67	61.60	60.52	61.45	63.08	61.80	60.50	62.32	60.97	1.8651977645	25
26244	26244	79838	79838	60.35	62.25	60.62	59.65	61.52	60.50	61.40	63.12	61.77	60.47	62.30	60.97	1.86486254486	25
26269	26269	79813	79813	60.40	62.20	60.55	59.60	61.52	60.48	61.35	63.10	61.67	60.45	62.27	60.90	1.86611739669	25
26294	26294	79788	79788	60.35	62.25	60.55	59.67	61.52	60.45	61.35	63.15	61.73	60.46	62.31	60.91	1.8662902683	25
26319	26319	79763	79763	60.38	62.23	60.50	59.65	61.62	60.40	61.33	63.10	61.73	60.45	62.32	60.88	1.86564760174	25
26344	26344	79738	79738	60.38	62.17	60.50	59.60	61.55	60.40	61.27	63.02	61.73	60.42	62.25	60.88	1.86571172108	25
26369	26369	79713	79713	60.42	62.10	60.45	59.60	61.52	60.40	61.25	63.05	61.67	60.42	62.23	60.84	1.8660609185	25
26394	26394	79688	79688	60.35	62.10	60.42	59.52	61.50	60.40	61.25	62.95	61.67	60.38	62.18	60.83	1.86536495336	25
26419	26419	79663	79663	60.30	62.12	60.42	59.55	61.50	60.38	61.30	62.95	61.62	60.38	62.19	60.81	1.86522147651	25
26444	26444	79638	79638	60.35	62.08	60.42	59.48	61.52	60.35	61.23	62.90	61.65	60.35	62.17	60.81	1.86476948734	25
26469	26469	79613	79613	60.30	62.05	60.38	59.45	61.48	60.42	61.25	62.85	61.67	60.33	62.12	60.83	1.86487013214	25
26494	26494	79588	79588	60.27	62.05	60.40	59.48	61.40	60.35	61.25	62.88	61.65	60.33	62.11	60.80	1.86478533759	25
26519	26519	79563	79563	60.23	62.00	60.38	59.45	61.38	60.33	61.17	62.85	61.62	60.28	62.08	60.77	1.86483982783	25
26544	26544	79538	79538	60.12	61.95	60.38	59.40	61.38	60.33	61.17	62.85	61.62	60.23	62.06	60.77	1.86481804564	25
26569	26569	79513	79513	60.12	61.90	60.33	59.40	61.40	60.30	61.10	62.98	61.62	60.21	62.09	60.75	1.8642918997	25
26594	26594	79488	79488	60.15	61.90	60.30	59.45	61.42	60.33	61.05	62.90	61.65	60.22	62.08	60.76	1.86462534315	25
26619	26619	79463	79463	60.12	61.88	60.27	59.40	61.35	60.30	61.08	62.90	61.67	60.20	62.04	60.75	1.86550007371	25
26644	26644	79438	79438	60.15	61.77	60.15	59.40	61.30	60.27	61.08	62.88	61.65	60.21	61.98	60.69	1.8655831767	25
26669	26669	79413	79413	60.12	61.77	60.15	59.42	61.25	60.23	61.08	62.85	61.62	60.21	61.96	60.67	1.86520204841	25
26694	26694	79388	79388	60.08	61.75	60.05	59.40	61.15	60.20	61.08	62.85	61.55	60.18	61.92	60.60	1.86509936636	25
26719	26719	79363	79363	60.02	61.80	59.98	59.48	61.15	60.15	61.00	62.77	61.42	60.17	61.91	60.52	1.86503745218	25
26744	26744	79338	79338	60.02	61.75	59.98	59.48	61.12	60.15	60.98	62.80	61.40	60.16	61.89	60.51	1.86529704348	25
26769	26769	79313	79313	59.98	61.67	59.95	59.48	61.10	60.10	60.90	62.75	61.35	60.12	61.84	60.47	1.86532931873	25
26794	26794	79288	79288	59.95	61.62	59.88	59.40	61.08	60.10	60.85	62.73	61.35	60.07	61.81	60.44	1.86574246633	25
26819	26819	79263	79263	59.90	61.65	59.90	59.25	61.12	60.12	60.83	62.70	61.30	59.99	61.83	60.44	1.86493500921	25
26844	26844	79238	79238	59.88	61.70	59.83	59.27	61.12	60.12	60.83	62.75	61.25	59.99	61.86	60.40	1.86520123338	25
26869	26869	79213	79213	59.88	61.65	59.83	59.27	61.17	60.08	60.65	62.73	61.25	59.93	61.85	60.38	1.86527826166	25
26894	26894	79188	79188	59.80	61.70	59.80	59.33	61.15	60.15	60.65	62.65	61.15	59.92	61.83	60.37	1.86557624528	25
26919	26919	79163	79163	59.85	61.65	59.77	59.30	61.15	60.10	60.60	62.70	61.17	59.92	61.83	60.35	1.8657223379	25
26944	26944	79138	79138	59.88	61.62	59.77	59.38	61.15	60.05	60.65	62.70	61.15	59.97	61.83	60.33	1.86583646134	25
26969	26969	79113	79113	59.75	61.65	59.73	59.33	61.10	59.98	60.70	62.67	61.17	59.92	61.81	60.29	1.86641207182	25
26994	26994	79088	79088	59.65	61.55	59.75	59.27	61.08	59.98	60.67	62.65	61.17	59.87	61.76	60.30	1.86741223888	25
27019	27019	79063	79063	59.75	61.50	59.80	59.27	61.00	60.02	60.67	62.50	61.10	59.90	61.67	60.31	1.86708972101	25
27044	27044	79038	79038	59.73	61.60	59.77	59.23	61.02	59.98	60.67	62.48	61.08	59.88	61.70	60.27	1.86725036186	25
27069	27069	79013	79013	59.67	61.52	59.67	59.23	61.00	59.92	60.65	62.45	61.12	59.85	61.66	60.24	1.86637700676	25
27094	27094	78988	78988	59.65	61.55	59.67	59.17	60.98	59.92	60.65	62.40	61.05	59.83	61.64	60.22	1.86677799142	25
27119	27119	78963	78963	59.62	61.52	59.70	59.23	60.92	59.95	60.65	62.40	60.92	59.83	61.62	60.19	1.86702603292	25
27144	27144	78938	78938	59.65	61.52	59.70	59.17	60.98	59.88	60.58	62.27	61.00	59.80	61.59	60.19	1.86656928264	25
27169	27169	78913	78913	59.60	61.50	59.62	59.17	60.98	59.80	60.58	62.35	61.00	59.78	61.61	60.14	1.86684371951	25
27194	27194	78888	78888	59.60	61.50	59.70	59.15	60.95	59.88	60.52	62.30	60.95	59.76	61.58	60.17	1.8661566547	25
27219	27219	78863	78863	59.60	61.50	59.73	59.12	60.95	59.88	60.48	62.20	60.95	59.73	61.55	60.18	1.86639318503	25
27244	27244	78838	78838	59.60	61.55	59.62	59.15	61.00	59.85	60.50	62.20	60.92	59.75	61.58	60.13	1.86594877923	25
27269	27269	78813	78813	59.65	61.58	59.65	59.17	60.98	59.83	60.48	62.23	60.92	59.77	61.59	60.13	1.86626179465	25
27294	27294	78788	78788	59.65	61.55	59.73	59.17	61.00	59.83	60.50	62.20	60.88	59.77	61.58	60.14	1.86656452223	25
27319	27319	78763	78763	59.62	61.52	59.70	59.15	60.98	59.92	60.45	62.20	60.92	59.74	61.57	60.18	1.86687293725	25
27344	27344	78738	78738	59.60	61.50	59.67	59.10	60.98	59.90	60.52	62.15	60.88	59.74	61.54	60.15	1.86681099827	25
27369	27369	78713	78713	59.55	61.42	59.65	59.08	60.98	59.85	60.45	62.10	60.90	59.69	61.50	60.13	1.86661101095	25
27394	27394	78688	78688	59.58	61.48	59.65	59.15	60.95	59.83	60.42	62.12	60.88	59.72	61.52	60.12	1.86757181541	25
27419	27419	78663	78663	59.55	61.42	59.52	59.08	60.98	59.85	60.45	62.12	60.85	59.69	61.51	60.08	1.86722596288	25
27444	27444	78638	78638	59.52	61.45	59.55	59.10	60.98	59.80	60.38	62.12	60.83	59.67	61.52	60.06	1.86754902585	25
27469	27469	78613	78613	59.58	61.40	59.60	59.08	60.92	59.77	60.38	62.10	60.83	59.67	61.48	60.07	1.86750942174	25
27494	27494	78588	78588	59.52	61.35	59.60	59.08	60.98	59.77	60.38	62.05	60.83	59.66	61.46	60.07	1.86754252402	25
27519	27519	78563	78563	59.58	61.38	59.58	59.10	60.88	59.75	60.30	62.08	60.83	59.66	61.44	60.05	1.86758106107	25
27544	27544	78538	78538	59.55	61.40	59.58	59.08	61.05	59.70	60.30	62.02	60.85	59.64	61.49	60.04	1.86767899092	25
27569	27569	78513	78513	59.58	61.30	59.58	59.05	60.95	59.65	60.33	62.00	60.83	59.65	61.42	60.02	1.86796562017	25
27594	27594	78488	78488	59.55	61.33	59.55	59.00	60.95	59.65	60.33	61.98	60.83	59.62	61.42	60.01	1.86787373308	25
27619	27619	78463	78463	59.50	61.25	59.55	59.05	61.02	59.65	60.17	62.02	60.80	59.58	61.43	60.00	1.86842260146	25
27644	27644	78438	78438	59.50	61.25	59.52	59.05	60.92	59.60	60.10	62.00	60.75	59.55	61.39	59.96	1.86848146065	25
27669	27669	78413	78413	59.52	61.23	59.52	59.05	60.83	59.58	60.12	62.00	60.73	59.57	61.35	59.94	1.86848019782	25
27694	27694	78388	78388	59.52	61.25	59.45	59.05	60.77	59.45	60.10	62.02	60.70	59.56	61.35	59.87	1.86851584897	25
27719	27719	78363	78363	59.52	61.27	59.45	58.98	60.75	59.50	60.15	62.00	60.70	59.55	61.34	59.88	1.86927328366	25
27744	27744	78338	78338	59.55	61.27	59.52	58.98	60.73	59.48	60.15	62.02	60.60	59.56	61.34	59.87	1.86929533669	25
27769	27769	78313	78313	59.52	61.20	59.50	58.95	60.73	59.38	60.12	62.05	60.60	59.53	61.33	59.83	1.86892164756	25
27794	27794	78288	78288	59.48	61.20	59.42	58.90	60.67	59.40	60.10	61.95	60.58	59.49	61.27	59.80	1.86860313572	25
27819	27819	78263	78263	59.48	61.17	59.45	58.95	60.60	59.38	60.12	61.95	60.62	59.52	61.24	59.82	1.86835838463	25
27844	27844	78238	78238	59.45	61.15	59.48	58.88	60.65	59.33	60.10	61.95	60.62	59.48	61.25	59.81	1.86883538108	25
27869	27869	78213	78213	59.45	61.12	59.40	58.83	60.65	59.23	60.10	61.80	60.58	59.46	61.19	59.73	1.86950235941	25
27894	27894	78188	78188	59.48	61.08	59.40	58.80	60.65	59.25	60.05	61.88	60.48	59.44	61.20	59.71	1.87014235439	25
27919	27919	78163	78163	59.50	61.12	59.40	58.83	60.67	59.27	59.95	61.80	60.42	59.42	61.20	59.70	1.87088192146	25
27944	27944	78138	78138	59.40	61.10	59.40	58.73	60.65	59.17	59.95	61.77	60.40	59.36	61.17	59.66	1.87060510714	25
27969	27969	78113	78113	59.48	61.10	59.45	58.75	60.58	59.15	59.92	61.80	60.35	59.38	61.16	59.65	1.87025691064	25
27994	27994	78088	78088	59.50	61.10	59.48	58.70	60.60	59.10	59.90	61.80	60.33	59.37	61.17	59.63	1.87025217767	25
28019	28019	78063	78063	59.40	61.12	59.45	58.67	60.58	59.10	59.88	61.77	60.30	59.32	61.16	59.62	1.86956233605	25
28044	28044	78038	78038	59.35	61.10	59.38	58.70	60.52	59.10	59.83	61.70	60.30	59.29	61.11	59.59	1.86974107046	25
28069	28069	78013	78013	59.33	61.05	59.35	58.65	60.48	59.02	59.88	61.70	60.30	59.28	61.08	59.56	1.8701065922	25
28094	28094	77988	77988	59.38	61.00	59.35	58.65	60.50	59.02	59.85	61.62	60.30	59.29	61.04	59.56	1.86993476627	25
28119	28119	77963	77963	59.38	60.95	59.35	58.65	60.48	59.05	59.85	61.70	60.23	59.29	61.04	59.54	1.87054422437	25
28144	28144	77938	77938	59.38	60.95	59.35	58.70	60.50	59.08	59.83	61.67	60.23	59.30	61.04	59.55	1.86963903017	25
28169	28169	77913	77913	59.35	60.88	59.35	58.60	60.50	59.00	59.80	61.75	60.20	59.25	61.04	59.52	1.86965510374	25
28194	28194	77888	77888	59.23	60.80	59.38	58.58	60.52	58.95	59.77	61.62	60.17	59.19	60.98	59.50	1.87052688704	25
28219	28219	77863	77863	59.33	60.75	59.33	58.62	60.58	58.92	59.77	61.70	60.15	59.24	61.01	59.47	1.87028358172	25
28244	28244	77838	77838	59.35	60.77	59.30	58.55	60.45	58.90	59.67	61.65	60.17	59.19	60.96	59.46	1.86978446622	25
28269	28269	77813	77813	59.35	60.80	59.23	58.58	60.42	58.83	59.73	61.58	60.17	59.22	60.93	59.41	1.86958348447	25
28294	28294	77788	77788	59.30	60.73	59.20	58.55	60.42	58.77	59.65	61.55	60.10	59.17	60.90	59.36	1.86931128671	25
28319	28319	77763	77763	59.27	60.73	59.10	58.58	60.40	58.77	59.58	61.55	60.15	59.14	60.89	59.34	1.86936043147	25
28344	28344	77738	77738	59.30	60.65	59.12	58.52	60.38	58.83	59.55	61.42	60.15	59.12	60.82	59.37	1.86943372903	25
28369	28369	77713	77713	59.30	60.65	59.12	58.52	60.35	58.77	59.55	61.40	60.15	59.12	60.80	59.35	1.87016099615	25
28394	28394	77688	77688	59.33	60.67	59.15	58.50	60.35	58.80	59.55	61.40	60.10	59.12	60.81	59.35	1.87045911522	25
28419	28419	77663	77663	59.25	60.70	59.12	58.55	60.35	58.80	59.50	61.40	60.10	59.10	60.82	59.34	1.8703811502	25
28444	28444	77638	77638	59.25	60.62	59.10	58.55	60.38	58.73	59.55	61.45	60.08	59.12	60.82	59.30	1.87098933731	25
28469	28469	77613	77613	59.23	60.58	59.05	58.45	60.25	58.77	59.52	61.33	60.08	59.07	60.72	59.30	1.87172552534	25
28494	28494	77588	77588	59.23	60.55	59.00	58.48	60.20	58.75	59.50	61.33	60.05	59.07	60.69	59.27	1.87277698923	25
28519	28519	77563	77563	59.15	60.58	59.02	58.50	60.20	58.70	59.48	61.27	60.02	59.04	60.68	59.25	1.87278117033	25
28544	28544	77538	77538	59.15	60.60	59.05	58.48	60.17	58.73	59.45	61.27	59.92	59.02	60.68	59.23	1.87346248257	25
28569	28569	77513	77513	59.12	60.62	59.02	58.40	60.15	58.70	59.40	61.35	59.90	58.98	60.71	59.21	1.87377325501	25
28594	28594	77488	77488	59.10	60.60	58.98	58.40	60.15	58.67	59.40	61.33	59.85	58.97	60.69	59.17	1.87341804791	25
28619	28619	77463	77463	59.15	60.62	58.98	58.40	60.08	58.73	59.40	61.27	59.88	58.98	60.66	59.19	1.87248218152	25
28644	28644	77438	77438	59.12	60.60	58.98	58.40	60.08	58.73	59.33	61.23	59.88	58.95	60.63	59.19	1.87259039791	25
28669	28669	77413	77413	59.10	60.62	58.98	58.40	60.05	58.73	59.35	61.23	59.83	58.95	60.63	59.17	1.87275507467	25
28694	28694	77388	77388	59.10	60.55	58.98	58.40	60.02	58.70	59.27	61.25	59.77	58.92	60.61	59.15	1.87260712445	25
28719	28719	77363	77363	59.08	60.50	58.98	58.40	60.00	58.67	59.30	61.27	59.80	58.92	60.59	59.15	1.87222793875	25
28744	28744	77338	77338	59.05	60.42	58.95	58.38	60.02	58.65	59.25	61.27	59.80	58.89	60.58	59.13	1.87249849525	25
28769	28769	77313	77313	59.02	60.45	58.90	58.38	60.00	58.70	59.20	61.25	59.75	58.87	60.57	59.12	1.87292743139	25
28794	28794	77288	77288	59.02	60.40	58.90	58.30	60.05	58.67	59.17	61.17	59.77	58.83	60.54	59.12	1.87298449329	25
28819	28819	77263	77263	58.95	60.40	58.85	58.30	60.00	58.65	59.12	61.25	59.73	58.79	60.55	59.08	1.87340406362	25
28844	28844	77238	77238	59.00	60.38	58.85	58.30	60.02	58.60	59.12	61.05	59.70	58.81	60.48	59.05	1.87393981415	25
28869	28869	77213	77213	58.95	60.40	58.88	58.30	60.05	58.55	59.17	60.98	59.73	58.81	60.48	59.05	1.874162407	25
28894	28894	77188	77188	58.90	60.40	58.83	58.25	59.92	58.55	59.17	61.05	59.60	58.77	60.46	58.99	1.8736998837	25
28919	28919	77163	77163	58.90	60.33	58.80	58.23	59.92	58.55	59.17	61.05	59.62	58.77	60.43	58.99	1.87418278058	25
28944	28944	77138	77138	58.90	60.33	58.80	58.23	59.90	58.55	59.12	61.00	59.60	58.75	60.41	58.98	1.87425188927	25
28969	28969	77113	77113	58.88	60.33	58.80	58.20	59.95	58.55	59.20	60.98	59.58	58.76	60.42	58.98	1.87419296789	25
28994	28994	77088	77088	58.88	60.30	58.75	58.20	59.92	58.52	59.17	61.02	59.58	58.75	60.42	58.95	1.87515746888	25
29019	29019	77063	77063	58.88	60.33	58.70	58.10	59.95	58.48	59.15	60.92	59.58	58.71	60.40	58.92	1.87554250214	25
29044	29044	77038	77038	58.83	60.30	58.67	58.08	59.92	58.48	59.15	60.92	59.58	58.68	60.38	58.91	1.87486804317	25
29069	29069	77013	77013	58.77	60.27	58.65	58.05	59.90	58.48	59.17	60.95	59.60	58.67	60.38	58.91	1.87505350084	25
29094	29094	76988	76988	58.77	60.25	58.62	58.05	59.92	58.45	59.10	60.98	59.55	58.64	60.38	58.88	1.87476950167	25
29119	29119	76963	76963	58.77	60.27	58.62	58.02	59.90	58.40	59.12	60.95	59.50	58.64	60.38	58.84	1.87400214368	25
29144	29144	76938	76938	58.75	60.33	58.65	58.00	59.90	58.35	59.12	60.95	59.50	58.62	60.39	58.83	1.87475734813	25
29169	29169	76913	76913	58.70	60.30	58.58	57.95	59.88	58.35	59.10	60.95	59.50	58.58	60.38	58.81	1.87553360195	25
29194	29194	76888	76888	58.60	60.30	58.58	57.90	59.80	58.33	59.17	60.90	59.45	58.56	60.33	58.78	1.87570895781	25
29219	29219	76863	76863	58.67	60.35	58.60	57.90	59.80	58.30	59.10	60.85	59.42	58.56	60.33	58.77	1.87583380168	25
29244	29244	76838	76838	58.62	60.23	58.60	57.92	59.75	58.30	59.08	60.80	59.45	58.54	60.26	58.78	1.87602229297	25
29269	29269	76813	76813	58.70	60.20	58.62	57.90	59.73	58.25	59.05	60.83	59.38	58.55	60.25	58.75	1.87551522623	25
29294	29294	76788	76788	58.70	60.17	58.62	57.85	59.70	58.23	59.05	60.80	59.35	58.53	60.23	58.73	1.87499712493	25
29319	29319	76763	76763	58.70	60.12	58.60	57.83	59.70	58.27	59.10	60.80	59.35	58.54	60.21	58.74	1.8752997224	25
29344	29344	76738	76738	58.70	60.20	58.58	57.80	59.70	58.25	59.10	60.73	59.33	58.53	60.21	58.72	1.87481474009	25
29369	29369	76713	76713	58.67	60.20	58.55	57.77	59.67	58.23	59.02	60.75	59.30	58.49	60.21	58.69	1.8750091176	25
29394	29394	76688	76688	58.62	60.15	58.52	57.77	59.65	58.20	58.95	60.73	59.20	58.45	60.17	58.64	1.87489631192	25
29419	29419	76663	76663	58.62	60.12	58.52	57.75	59.60	58.17	58.92	60.73	59.15	58.43	60.15	58.62	1.8745304715	25
29444	29444	76638	76638	58.60	60.02	58.48	57.75	59.62	58.20	58.88	60.75	59.10	58.41	60.13	58.59	1.87497455914	25
29469	29469	76613	76613	58.55	59.98	58.48	57.73	59.58	58.20	58.90	60.77	59.08	58.39	60.11	58.58	1.87515595709	25
29494	29494	76588	76588	58.60	59.98	58.42	57.70	59.50	58.10	58.90	60.75	59.05	58.40	60.08	58.52	1.87543906457	25
29519	29519	76563	76563	58.60	59.95	58.42	57.67	59.50	58.12	58.85	60.67	59.02	58.38	60.04	58.52	1.8760854078	25
29544	29544	76538	76538	58.58	59.90	58.42	57.70	59.50	58.15	58.85	60.70	59.02	58.38	60.03	58.53	1.8763080575	25
29569	29569	76513	76513	58.60	59.88	58.42	57.73	59.48	58.15	58.77	60.67	59.05	58.37	60.01	58.54	1.87586601394	25
29594	29594	76488	76488	58.55	59.92	58.40	57.75	59.48	58.12	58.77	60.65	59.05	58.36	60.02	58.52	1.87544106071	25
29619	29619	76463	76463	58.60	59.88	58.38	57.73	59.42	58.12	58.77	60.60	59.05	58.37	59.97	58.52	1.87578257573	25
29644	29644	76438	76438	58.58	59.90	58.33	57.75	59.40	58.05	58.73	60.62	59.02	58.35	59.98	58.47	1.87612925207	25
29669	29669	76413	76413	58.55	59.90	58.30	57.77	59.38	58.08	58.65	60.60	59.00	58.33	59.96	58.46	1.87685320828	25
29694	29694	76388	76388	58.52	59.92	58.33	57.80	59.35	58.08	58.70	60.58	59.00	58.34	59.95	58.47	1.87677646239	25
29719	29719	76363	76363	58.52	59.88	58.27	57.77	59.38	58.05	58.70	60.48	58.98	58.33	59.91	58.43	1.8765413112	25
29744	29744	76338	76338	58.52	59.88	58.27	57.77	59.35	58.05	58.70	60.45	59.00	58.33	59.89	58.44	1.87664801558	25
29769	29769	76313	76313	58.52	59.85	58.30	57.75	59.27	58.05	58.65	60.52	58.98	58.31	59.88	58.44	1.87735550016	25
29794	29794	76288	76288	58.48	59.83	58.27	57.73	59.25	58.02	58.70	60.50	58.98	58.30	59.86	58.42	1.87721032671	25
29819	29819	76263	76263	58.48	59.83	58.30	57.75	59.23	58.02	58.65	60.52	58.95	58.29	59.86	58.42	1.87770672273	25
29844	29844	76238	76238	58.42	59.83	58.27	57.70	59.20	58.02	58.58	60.52	58.92	58.23	59.85	58.41	1.87738752256	25
29869	29869	76213	76213	58.48	59.75	58.27	57.73	59.20	58.02	58.55	60.45	58.90	58.25	59.80	58.40	1.87742626186	25
29894	29894	76188	76188	58.48	59.73	58.27	57.75	59.17	58.02	58.52	60.40	58.90	58.25	59.77	58.40	1.8775086685	25
29919	29919	76163	76163	58.45	59.75	58.25	57.73	59.12	58.00	58.48	60.42	58.90	58.22	59.77	58.38	1.87723693882	25
29944	29944	76138	76138	58.45	59.80	58.25	57.73	59.15	57.98	58.45	60.48	58.85	58.21	59.81	58.36	1.87753669592	25
29969	29969	76113	76113	58.40	59.75	58.23	57.75	59.15	57.95	58.42	60.40	58.80	58.19	59.77	58.33	1.87785574227	25
29994	29994	76088	76088	58.38	59.67	58.27	57.75	59.10	57.98	58.35	60.42	58.83	58.16	59.73	58.36	1.87781661045	25
