12120	12120	94562	94562	75.05	77.75	79.88	74.55	77.65	79.25	75.30	78.53	79.88	74.97	77.97	79.67	1.18113734044
12120	12120	86562	86562	75.03	77.75	79.85	74.58	77.65	79.25	75.30	78.53	79.88	74.97	77.97	79.66	1.17642672201	100
12220	12220	86462	86462	75.47	76.65	78.42	74.42	76.45	78.10	75.62	77.58	79.80	75.17	76.89	78.78	1.65548330854	100
12320	12320	86362	86362	74.75	76.75	77.47	73.25	76.50	76.95	75.03	77.35	79.22	74.34	76.87	77.88	1.81320037872	100
12420	12420	86262	86262	74.20	76.50	77.30	73.45	76.03	76.50	75.17	76.88	78.67	74.28	76.47	77.49	1.83168412795	100
12520	12520	86162	86162	74.28	76.47	77.25	73.58	75.97	76.22	75.40	76.55	78.55	74.42	76.33	77.34	1.84558834211	100
12620	12620	86062	86062	74.00	76.25	77.05	73.40	75.53	76.05	75.38	76.45	78.65	74.26	76.08	77.25	1.83572460161	100
12720	12720	85962	85962	73.67	75.72	76.92	72.92	75.55	75.80	75.22	76.22	78.35	73.94	75.83	77.03	1.83128593201	100
12820	12820	85862	85862	73.22	75.47	76.45	72.90	75.08	75.40	75.03	75.83	77.88	73.72	75.46	76.58	1.82736066272	100
12920	12920	85762	85762	73.30	74.85	76.20	72.97	74.80	75.05	74.85	75.58	77.53	73.71	75.08	76.26	1.82307795044	100
13020	13020	85662	85662	73.33	74.45	75.85	72.78	74.45	75.08	75.00	75.20	77.10	73.70	74.70	76.01	1.82451720004	100
13120	13120	85562	85562	72.85	74.12	75.65	72.58	74.00	74.90	74.70	74.85	77.08	73.38	74.33	75.88	1.81892580633	100
13220	13220	85462	85462	72.08	73.50	75.03	72.38	73.35	74.10	74.28	74.45	76.60	72.91	73.77	75.24	1.81409982421	100
13320	13320	85362	85362	71.62	73.30	74.40	71.50	72.75	73.42	73.47	74.12	75.67	72.20	73.39	74.50	1.82726505771	100
13420	13420	85262	85262	71.58	72.88	74.12	71.20	72.22	72.85	72.95	74.00	75.05	71.91	73.03	74.01	1.82719801723	100
13520	13520	85162	85162	71.40	72.62	73.67	70.65	71.92	72.62	72.80	73.47	74.90	71.62	72.67	73.73	1.82560774068	100
13620	13620	85062	85062	71.12	72.35	73.30	70.05	71.38	72.05	72.58	73.20	74.20	71.25	72.31	73.18	1.83222975152	100
13720	13720	84962	84962	70.85	72.20	72.85	69.85	71.17	71.62	71.62	73.05	73.80	70.78	72.14	72.76	1.8421359873	100
13820	13820	84862	84862	70.40	71.92	72.50	69.47	70.92	71.38	70.97	72.97	73.35	70.28	71.94	72.41	1.84684482731	100
13920	13920	84762	84762	70.38	71.72	72.20	69.12	70.55	71.00	70.85	72.75	73.25	70.12	71.67	72.15	1.84742360963	100
14020	14020	84662	84662	69.92	71.53	71.92	68.83	70.50	70.70	70.40	72.40	72.95	69.72	71.47	71.86	1.8542268093	100
14120	14120	84562	84562	69.58	71.20	71.75	68.67	70.30	70.53	70.12	72.53	72.62	69.46	71.34	71.63	1.85325084395	100
14220	14220	84462	84462	69.30	71.25	71.38	68.78	70.25	70.45	69.97	72.47	72.42	69.35	71.33	71.42	1.8522280495	100
14320	14320	84362	84362	69.12	70.97	71.03	68.42	70.20	70.25	69.97	72.33	72.35	69.17	71.17	71.21	1.85727382973	100
14420	14420	84262	84262	69.08	71.00	70.80	68.33	70.20	69.80	69.55	72.15	72.03	68.98	71.12	70.88	1.86337027476	100
14520	14520	84162	84162	68.90	70.78	70.50	68.28	69.67	69.47	69.53	71.97	71.78	68.90	70.81	70.58	1.86258213965	100
14620	14620	84062	84062	68.62	70.70	70.40	67.97	69.45	69.03	69.25	71.85	71.53	68.62	70.67	70.32	1.86559599564	100
14720	14720	83962	83962	68.38	70.40	70.10	68.00	69.15	68.67	69.08	71.65	71.22	68.48	70.40	70.00	1.86590720029	100
14820	14820	83862	83862	68.30	70.22	69.92	67.72	68.97	68.47	68.62	71.55	71.03	68.22	70.25	69.81	1.86405653107	100
14920	14920	83762	83762	68.03	69.95	69.78	67.65	68.90	68.22	68.65	71.28	70.80	68.11	70.04	69.60	1.86268339024	100
15020	15020	83662	83662	67.83	69.95	69.53	67.20	68.50	68.03	68.60	71.08	70.67	67.88	69.84	69.41	1.86206754245	100
15120	15120	83562	83562	67.67	69.65	69.38	67.08	68.60	67.90	68.60	70.92	70.40	67.78	69.72	69.22	1.86232363663	100
15220	15220	83462	83462	67.58	69.67	69.25	66.72	68.38	67.58	68.45	70.88	70.15	67.58	69.64	68.99	1.86193798968	100
15320	15320	83362	83362	67.30	69.67	69.08	66.60	68.28	67.38	68.15	70.75	69.83	67.35	69.57	68.76	1.86152114989	100
15420	15420	83262	83262	67.35	69.55	68.90	66.45	68.10	67.22	68.25	70.70	69.80	67.35	69.45	68.64	1.86098406017	100
15520	15520	83162	83162	67.35	69.20	68.72	66.42	68.05	67.12	67.92	70.53	69.72	67.23	69.26	68.53	1.85939435688	100
15620	15620	83062	83062	67.12	69.00	68.53	66.33	67.62	67.03	67.72	70.30	69.40	67.06	68.97	68.32	1.85980073558	100
15720	15720	82962	82962	66.95	68.80	68.20	66.33	67.38	66.83	67.70	70.00	69.03	66.99	68.72	68.02	1.85936410133	100
15820	15820	82862	82862	66.80	68.78	68.20	66.15	67.10	66.72	67.45	69.62	68.90	66.80	68.50	67.94	1.86001706524	100
15920	15920	82762	82762	66.78	68.58	68.15	66.03	67.17	66.47	67.45	69.60	68.78	66.75	68.45	67.80	1.85916517928	100
16020	16020	82662	82662	66.47	68.70	68.10	65.97	67.10	66.40	67.38	69.67	68.67	66.61	68.49	67.72	1.86108942983	100
16120	16120	82562	82562	66.30	68.60	67.85	65.90	67.03	66.33	67.17	69.53	68.70	66.46	68.38	67.62	1.85896163672	100
16220	16220	82462	82462	66.17	68.40	67.67	65.67	66.97	66.22	67.10	69.17	68.40	66.32	68.18	67.43	1.85891442515	100
16320	16320	82362	82362	65.97	68.35	67.67	65.50	66.92	66.20	66.92	69.17	68.22	66.13	68.15	67.37	1.85689188581	100
16420	16420	82262	82262	65.90	68.28	67.45	65.38	66.83	66.08	66.72	69.22	68.05	66.00	68.11	67.19	1.85816455949	100
16520	16520	82162	82162	65.80	67.95	67.42	65.38	66.67	65.92	66.67	69.17	67.92	65.95	67.93	67.09	1.85835129836	100
16620	16620	82062	82062	65.83	67.85	67.15	65.28	66.45	65.80	66.50	69.08	67.72	65.87	67.79	66.89	1.85717127579	100
16720	16720	81962	81962	65.75	67.80	66.97	65.20	66.53	65.58	66.45	68.85	67.70	65.80	67.72	66.75	1.858361331	100
16820	16820	81862	81862	65.47	67.55	66.75	65.03	66.15	65.20	66.22	68.65	67.58	65.58	67.45	66.51	1.8593050061	100
16920	16920	81762	81762	65.38	67.53	66.45	64.85	66.17	65.05	66.22	68.50	67.28	65.48	67.40	66.26	1.85995904357	100
17020	17020	81662	81662	65.15	67.50	66.28	64.72	66.17	64.97	66.08	68.38	66.97	65.32	67.35	66.08	1.85851558433	100
17120	17120	81562	81562	65.10	67.22	66.15	64.60	66.12	64.90	66.00	68.28	66.83	65.23	67.21	65.96	1.857689132	100
17220	17220	81462	81462	64.90	66.90	66.03	64.65	66.03	64.83	65.90	68.05	66.72	65.15	66.99	65.86	1.85738710022	100
17320	17320	81362	81362	64.92	66.83	65.95	64.47	66.03	64.65	65.90	68.10	66.47	65.10	66.98	65.69	1.8558972876	100
17420	17420	81262	81262	64.88	66.70	65.80	64.45	65.85	64.62	65.75	67.92	66.42	65.03	66.83	65.62	1.85643500654	100
17520	17520	81162	81162	64.70	66.55	65.58	64.25	65.72	64.55	65.72	67.65	66.15	64.89	66.64	65.42	1.85645862642	100
17620	17620	81062	81062	64.42	66.30	65.25	64.20	65.62	64.38	65.75	67.38	65.92	64.79	66.43	65.18	1.85563313767	100
17720	17720	80962	80962	64.25	66.22	64.95	64.08	65.55	64.35	65.62	67.38	65.95	64.65	66.38	65.08	1.85636828625	100
17820	17820	80862	80862	64.15	66.08	65.03	64.00	65.55	64.08	65.55	67.25	65.83	64.57	66.29	64.97	1.85568874629	100
17920	17920	80762	80762	63.98	65.95	64.90	63.77	65.58	64.05	65.35	67.15	65.72	64.37	66.22	64.89	1.85454471857	100
18020	18020	80662	80662	63.85	65.85	64.88	63.67	65.35	63.95	65.05	67.03	65.60	64.19	66.08	64.81	1.85418047511	100
18120	18120	80562	80562	63.88	65.83	64.78	63.50	65.45	63.90	64.72	66.95	65.58	64.03	66.08	64.75	1.85423897632	100
18220	18220	80462	80462	63.65	65.53	64.72	63.42	65.17	63.77	64.70	66.90	65.50	63.92	65.87	64.67	1.85401942529	100
18320	18320	80362	80362	63.70	65.47	64.62	63.20	65.00	63.67	64.53	66.65	65.10	63.81	65.71	64.47	1.85435009901	100
18420	18420	80262	80262	63.52	65.33	64.62	63.02	65.10	63.67	64.47	66.60	65.08	63.67	65.67	64.46	1.85288742657	100
18520	18520	80162	80162	63.38	65.15	64.50	62.92	65.17	63.52	64.30	66.40	64.97	63.53	65.58	64.33	1.85289887323	100
18620	18620	80062	80062	63.35	65.08	64.35	62.75	65.03	63.58	64.22	66.33	64.83	63.44	65.47	64.25	1.85315536346	100
18720	18720	79962	79962	63.23	64.95	64.25	62.70	64.88	63.52	64.10	66.28	64.70	63.34	65.37	64.16	1.85313454446	100
18820	18820	79862	79862	63.08	64.90	64.05	62.62	64.83	63.20	63.95	66.17	64.45	63.22	65.30	63.90	1.85328599703	100
18920	18920	79762	79762	63.08	64.88	63.95	62.50	64.62	62.98	63.95	66.05	64.30	63.17	65.18	63.74	1.85240970759	100
19020	19020	79662	79662	63.02	64.70	63.77	62.35	64.58	62.88	63.83	65.97	64.15	63.07	65.08	63.60	1.85189963875	100
19120	19120	79562	79562	62.80	64.65	63.83	62.33	64.33	62.67	63.70	65.92	64.03	62.94	64.97	63.51	1.85209174885	100
19220	19220	79462	79462	62.73	64.53	63.70	62.20	64.10	62.58	63.70	65.83	63.90	62.88	64.82	63.39	1.85399768017	100
19320	19320	79362	79362	62.67	64.38	63.45	62.10	63.73	62.35	63.38	65.53	63.80	62.72	64.54	63.20	1.85403376671	100
19420	19420	79262	79262	62.75	64.33	63.33	62.05	63.67	62.30	63.40	65.47	63.73	62.73	64.49	63.12	1.85426438957	100
19520	19520	79162	79162	62.60	64.20	63.30	61.98	63.70	62.30	63.27	65.28	63.55	62.62	64.39	63.05	1.85343839294	100
19620	19620	79062	79062	62.38	64.10	63.17	61.90	63.65	62.25	63.12	65.17	63.42	62.47	64.31	62.95	1.85367605637	100
19720	19720	78962	78962	62.25	63.98	63.12	61.60	63.50	62.08	62.77	65.10	63.15	62.21	64.19	62.78	1.85351348001	100
19820	19820	78862	78862	62.17	63.92	62.98	61.48	63.45	62.05	62.55	65.03	63.02	62.07	64.13	62.68	1.85374061212	100
19920	19920	78762	78762	62.12	63.90	62.88	61.35	63.25	62.08	62.42	64.90	62.85	61.97	64.02	62.60	1.85238757558	100
20020	20020	78662	78662	61.88	63.80	62.75	61.17	63.23	61.98	62.23	64.85	62.88	61.76	63.96	62.53	1.85266527375	100
20120	20120	78562	78562	61.85	63.67	62.65	61.05	63.15	61.80	62.17	64.70	62.77	61.69	63.84	62.41	1.85159165618	100
20220	20220	78462	78462	61.73	63.60	62.52	60.95	62.95	61.65	61.92	64.67	62.77	61.53	63.74	62.32	1.85228353009	100
20320	20320	78362	78362	61.60	63.60	62.42	60.95	62.88	61.75	61.98	64.53	62.73	61.51	63.67	62.30	1.85150139849	100
20420	20420	78262	78262	61.58	63.50	62.38	60.85	62.77	61.62	61.80	64.53	62.58	61.41	63.60	62.19	1.85153759029	100
20520	20520	78162	78162	61.52	63.48	62.20	60.83	62.60	61.62	61.73	64.50	62.58	61.36	63.52	62.13	1.85109688246	100
20620	20620	78062	78062	61.45	63.48	62.17	60.83	62.60	61.35	61.65	64.28	62.55	61.31	63.45	62.02	1.85045369847	100
20720	20720	77962	77962	61.35	63.42	62.15	60.65	62.50	61.17	61.38	64.33	62.27	61.12	63.42	61.87	1.85073462601	100
20820	20820	77862	77862	61.30	63.30	62.02	60.50	62.48	61.00	61.30	64.17	62.23	61.03	63.32	61.75	1.84927194484	100
20920	20920	77762	77762	61.20	63.08	61.90	60.30	62.35	61.02	61.17	64.08	62.23	60.89	63.17	61.72	1.84818842393	100
21020	21020	77662	77662	61.20	63.12	61.85	60.20	62.25	60.90	61.08	64.03	62.15	60.83	63.13	61.63	1.84849989065	100
21120	21120	77562	77562	61.10	63.05	61.75	60.12	62.20	60.90	61.02	63.90	62.00	60.75	63.05	61.55	1.84914803781	100
21220	21220	77462	77462	61.05	63.08	61.58	59.95	62.08	60.70	60.95	63.77	62.02	60.65	62.98	61.43	1.84993947397	100
21320	21320	77362	77362	60.75	62.95	61.55	60.00	62.12	60.73	60.95	63.83	61.90	60.57	62.97	61.39	1.85031598078	100
21420	21420	77262	77262	60.60	62.92	61.55	60.02	62.02	60.60	60.88	63.62	61.88	60.50	62.86	61.34	1.85105158287	100
21520	21520	77162	77162	60.58	62.83	61.38	60.05	61.95	60.45	60.77	63.50	61.75	60.47	62.76	61.19	1.85101493898	100
21620	21620	77062	77062	60.45	62.83	61.33	59.98	61.83	60.58	60.42	63.52	61.60	60.28	62.73	61.17	1.85200632075	100
21720	21720	76962	76962	60.25	62.70	61.20	59.70	61.95	60.48	60.35	63.60	61.55	60.10	62.75	61.08	1.85140039989	100
21820	21820	76862	76862	60.20	62.58	61.17	59.60	61.90	60.40	60.35	63.48	61.40	60.05	62.65	60.99	1.85088506015	100
21920	21920	76762	76762	60.15	62.55	61.20	59.38	61.73	60.27	60.30	63.33	61.35	59.94	62.53	60.94	1.85043756511	100
22020	22020	76662	76662	59.98	62.52	61.10	59.30	61.70	60.20	60.05	63.20	61.27	59.77	62.48	60.86	1.85087949446	100
22120	22120	76562	76562	59.80	62.60	61.02	59.33	61.75	60.05	59.83	63.12	61.05	59.65	62.49	60.71	1.85064066717	100
22220	22220	76462	76462	59.73	62.50	60.95	59.30	61.60	59.98	59.77	63.02	60.98	59.60	62.38	60.63	1.85040896983	100
22320	22320	76362	76362	59.80	62.33	60.75	59.08	61.45	59.92	59.65	63.00	60.77	59.51	62.26	60.48	1.85136204125	100
22420	22420	76262	76262	59.65	62.23	60.65	58.98	61.42	59.77	59.55	63.00	60.77	59.39	62.22	60.40	1.8517427997	100
22520	22520	76162	76162	59.58	62.00	60.62	58.90	61.30	59.55	59.38	62.88	60.75	59.28	62.06	60.31	1.85293856042	100
22620	22620	76062	76062	59.50	61.98	60.60	58.65	61.27	59.55	59.30	62.92	60.52	59.15	62.06	60.23	1.85325285817	100
22720	22720	75962	75962	59.42	62.02	60.52	58.62	61.15	59.50	59.35	62.88	60.42	59.13	62.02	60.15	1.85230688291	100
22820	22820	75862	75862	59.42	62.02	60.38	58.60	61.15	59.45	59.17	62.67	60.30	59.07	61.95	60.04	1.85277762689	100
22920	22920	75762	75762	59.40	62.05	60.30	58.50	61.00	59.38	59.05	62.45	60.30	58.98	61.83	59.99	1.85243446537	100
23020	23020	75662	75662	59.35	61.88	60.23	58.42	60.90	59.25	58.80	62.30	60.23	58.86	61.69	59.90	1.85324070792	100
23120	23120	75562	75562	59.23	61.77	60.20	58.35	60.85	59.15	58.75	62.12	60.23	58.77	61.58	59.86	1.85382839781	100
23220	23220	75462	75462	59.23	61.77	60.02	58.30	60.75	59.08	58.62	61.92	60.23	58.72	61.48	59.77	1.85277908787	100
23320	23320	75362	75362	59.00	61.70	59.95	58.17	60.65	59.02	58.60	61.90	60.12	58.59	61.42	59.70	1.85259955536	100
23420	23420	75262	75262	58.95	61.67	59.77	58.15	60.60	58.85	58.58	61.77	60.08	58.56	61.35	59.57	1.85252630394	100
23520	23520	75162	75162	58.88	61.58	59.80	58.10	60.40	58.75	58.35	61.85	59.92	58.44	61.27	59.49	1.85192641642	100
23620	23620	75062	75062	58.85	61.60	59.80	57.98	60.33	58.70	58.23	61.67	59.85	58.35	61.20	59.45	1.85222381734	100
23720	23720	74962	74962	58.73	61.42	59.70	57.83	60.20	58.73	58.27	61.65	59.80	58.27	61.09	59.41	1.85164770144	100
23820	23820	74862	74862	58.70	61.30	59.60	57.83	60.15	58.67	58.20	61.65	59.67	58.24	61.03	59.32	1.85224556975	100
23920	23920	74762	74762	58.73	61.12	59.58	57.62	60.02	58.62	58.17	61.52	59.52	58.17	60.89	59.24	1.85218869629	100
24020	24020	74662	74662	58.73	60.88	59.58	57.67	60.02	58.55	58.10	61.38	59.48	58.17	60.76	59.20	1.85269084126	100
24120	24120	74562	74562	58.67	60.90	59.50	57.55	60.00	58.48	57.98	61.30	59.30	58.07	60.73	59.09	1.85262184518	100
24220	24220	74462	74462	58.58	60.77	59.40	57.58	60.02	58.35	57.90	61.23	59.20	58.02	60.67	58.98	1.85307010415	100
24320	24320	74362	74362	58.48	60.77	59.30	57.50	59.98	58.30	57.75	61.12	59.10	57.91	60.62	58.90	1.85428269631	100
24420	24420	74262	74262	58.35	60.65	59.30	57.40	59.90	58.33	57.58	61.05	59.00	57.77	60.53	58.88	1.85486232791	100
24520	24520	74162	74162	58.15	60.52	59.20	57.25	59.85	58.20	57.58	60.98	58.80	57.66	60.45	58.73	1.85544620234	100
24620	24620	74062	74062	58.17	60.40	59.15	57.25	59.70	58.20	57.42	60.80	58.67	57.62	60.30	58.67	1.85476716102	100
24720	24720	73962	73962	58.10	60.45	59.05	57.15	59.58	58.10	57.38	60.67	58.67	57.54	60.23	58.61	1.8552304555	100
24820	24820	73862	73862	58.02	60.30	59.02	57.12	59.50	58.00	57.23	60.65	58.52	57.46	60.15	58.52	1.85543123448	100
24920	24920	73762	73762	57.95	60.25	58.92	57.02	59.40	57.95	57.10	60.52	58.52	57.36	60.06	58.47	1.8546315676	100
25020	25020	73662	73662	57.90	60.10	58.80	56.92	59.38	57.92	57.05	60.45	58.48	57.29	59.98	58.40	1.85599000423	100
25120	25120	73562	73562	57.83	60.08	58.67	56.83	59.27	57.83	57.05	60.30	58.42	57.23	59.88	58.31	1.85603487773	100
25220	25220	73462	73462	57.85	59.83	58.70	56.77	59.15	57.75	57.05	60.27	58.35	57.23	59.75	58.27	1.85580445515	100
25320	25320	73362	73362	57.83	59.83	58.52	56.77	59.08	57.70	56.92	60.15	58.33	57.17	59.68	58.18	1.85604150453	100
25420	25420	73262	73262	57.75	59.77	58.52	56.73	59.12	57.73	56.88	60.12	58.27	57.12	59.67	58.17	1.85696384534	100
25520	25520	73162	73162	57.75	59.67	58.42	56.60	59.08	57.62	56.77	60.05	58.20	57.04	59.60	58.08	1.85783978528	100
25620	25620	73062	73062	57.77	59.65	58.30	56.55	58.98	57.55	56.70	59.80	58.10	57.01	59.48	57.98	1.85796236133	100
25720	25720	72962	72962	57.73	59.50	58.17	56.33	58.90	57.45	56.65	59.67	58.08	56.90	59.36	57.90	1.85900192773	100
25820	25820	72862	72862	57.67	59.45	58.17	56.27	58.83	57.38	56.65	59.70	57.95	56.87	59.33	57.83	1.8585221229	100
25920	25920	72762	72762	57.67	59.50	58.10	56.23	58.85	57.23	56.60	59.70	57.88	56.83	59.35	57.73	1.85907516397	100
26020	26020	72662	72662	57.58	59.40	58.02	56.15	58.62	57.08	56.45	59.60	57.85	56.73	59.21	57.65	1.86016740625	100
26120	26120	72562	72562	57.42	59.23	58.00	56.17	58.60	57.05	56.42	59.50	57.73	56.67	59.11	57.59	1.85977772078	100
26220	26220	72462	72462	57.23	59.17	57.88	56.10	58.42	57.10	56.35	59.42	57.65	56.56	59.01	57.54	1.85985578511	100
26320	26320	72362	72362	57.25	59.08	57.88	56.00	58.45	57.10	56.27	59.35	57.62	56.51	58.96	57.53	1.8606039857	100
26420	26420	72262	72262	57.23	58.92	57.77	55.98	58.27	57.02	56.25	59.38	57.38	56.48	58.86	57.39	1.86109406156	100
26520	26520	72162	72162	57.10	58.75	57.73	55.77	58.17	56.88	56.25	59.35	57.33	56.38	58.76	57.31	1.86042529571	100
26620	26620	72062	72062	57.08	58.77	57.67	55.80	58.12	56.77	56.25	59.35	57.23	56.38	58.75	57.23	1.86043761047	100
26720	26720	71962	71962	57.08	58.65	57.58	55.73	58.20	56.70	56.17	59.40	57.15	56.33	58.75	57.14	1.86039787901	100
26820	26820	71862	71862	57.02	58.62	57.52	55.67	58.12	56.62	56.10	59.27	57.15	56.27	58.67	57.10	1.86136650972	100
26920	26920	71762	71762	56.90	58.60	57.50	55.58	58.02	56.55	56.10	59.30	57.08	56.19	58.64	57.04	1.86143011266	100
27020	27020	71662	71662	57.00	58.58	57.38	55.48	58.02	56.45	56.05	59.25	57.05	56.17	58.62	56.96	1.861593038	100
27120	27120	71562	71562	56.88	58.52	57.23	55.40	57.95	56.40	55.88	59.20	56.98	56.05	58.56	56.87	1.8620586502	100
27220	27220	71462	71462	56.83	58.50	57.08	55.38	57.92	56.30	55.80	59.25	56.80	56.00	58.56	56.73	1.86131361566	100
27320	27320	71362	71362	56.73	58.50	57.05	55.40	57.88	56.27	55.85	59.25	56.75	55.99	58.54	56.69	1.86108085866	100
27420	27420	71262	71262	56.75	58.48	57.02	55.30	57.85	56.20	55.88	59.08	56.67	55.98	58.47	56.63	1.86126794319	100
27520	27520	71162	71162	56.70	58.48	56.95	55.23	57.88	56.15	55.85	59.05	56.65	55.92	58.47	56.58	1.8612568339	100
27620	27620	71062	71062	56.60	58.50	56.88	55.17	57.88	56.12	55.75	58.98	56.60	55.84	58.45	56.53	1.86210579251	100
27720	27720	70962	70962	56.55	58.40	56.83	55.05	57.83	56.10	55.58	58.83	56.60	55.73	58.35	56.51	1.86210871737	100
27820	27820	70862	70862	56.55	58.38	56.73	55.02	57.75	56.12	55.55	58.75	56.50	55.71	58.29	56.45	1.86125299634	100
27920	27920	70762	70762	56.52	58.12	56.60	54.98	57.70	56.08	55.52	58.60	56.42	55.67	58.14	56.37	1.86146392779	100
28020	28020	70662	70662	56.45	58.08	56.52	54.98	57.73	56.05	55.45	58.60	56.42	55.62	58.13	56.33	1.86094321684	100
28120	28120	70562	70562	56.45	58.02	56.42	54.95	57.65	55.92	55.48	58.58	56.35	55.62	58.08	56.23	1.86110005406	100
28220	28220	70462	70462	56.40	57.98	56.42	54.95	57.55	55.88	55.52	58.55	56.33	55.62	58.02	56.21	1.86144693108	100
28320	28320	70362	70362	56.35	57.95	56.38	54.90	57.58	55.88	55.52	58.42	56.27	55.59	57.98	56.17	1.86179996789	100
28420	28420	70262	70262	56.33	58.00	56.30	54.80	57.50	55.83	55.52	58.48	56.27	55.55	57.99	56.13	1.861644885	100
28520	28520	70162	70162	56.25	58.02	56.25	54.77	57.50	55.75	55.48	58.42	56.20	55.50	57.98	56.07	1.86223157046	100
28620	28620	70062	70062	56.23	57.95	56.25	54.73	57.55	55.67	55.45	58.40	56.23	55.47	57.97	56.05	1.86258213161	100
28720	28720	69962	69962	56.23	57.83	56.20	54.70	57.40	55.67	55.42	58.38	56.12	55.45	57.87	56.00	1.86398719236	100
28820	28820	69862	69862	56.15	57.83	56.23	54.70	57.33	55.62	55.40	58.30	56.08	55.42	57.82	55.98	1.8634046569	100
28920	28920	69762	69762	56.08	57.77	56.10	54.77	57.30	55.55	55.40	58.25	56.02	55.42	57.77	55.89	1.8649495549	100
29020	29020	69662	69662	56.02	57.77	56.02	54.77	57.23	55.52	55.40	58.23	56.05	55.40	57.74	55.87	1.86502116852	100
29120	29120	69562	69562	55.98	57.83	56.05	54.73	57.23	55.52	55.40	58.27	56.02	55.37	57.77	55.87	1.86531322156	100
29220	29220	69462	69462	55.92	57.75	56.08	54.70	57.12	55.52	55.42	58.15	55.95	55.35	57.67	55.85	1.86567631809	100
29320	29320	69362	69362	55.92	57.75	56.05	54.73	57.08	55.45	55.50	58.17	55.92	55.38	57.67	55.81	1.86587776907	100
29420	29420	69262	69262	55.95	57.73	56.00	54.67	57.02	55.42	55.42	58.15	55.85	55.35	57.63	55.76	1.86646326751	100
29520	29520	69162	69162	55.88	57.65	55.92	54.67	57.05	55.45	55.35	58.05	55.85	55.30	57.58	55.74	1.86688531409	100
29620	29620	69062	69062	55.85	57.58	55.98	54.65	57.10	55.38	55.33	57.92	55.80	55.27	57.53	55.72	1.86711547661	100
29720	29720	68962	68962	55.83	57.55	55.98	54.65	57.08	55.40	55.23	57.83	55.77	55.23	57.48	55.72	1.86759464428	100
29820	29820	68862	68862	55.80	57.60	55.85	54.60	57.05	55.38	55.23	57.80	55.70	55.21	57.48	55.64	1.86824936994	100
29920	29920	68762	68762	55.73	57.35	55.90	54.60	57.00	55.30	55.23	57.70	55.65	55.18	57.35	55.62	1.86953398099	100
30020	30020	68662	68662	55.65	57.40	55.80	54.60	56.98	55.30	55.23	57.65	55.62	55.16	57.34	55.58	1.86960646464	100
30120	30120	68562	68562	55.62	57.33	55.80	54.58	56.92	55.23	55.20	57.60	55.58	55.13	57.28	55.53	1.86998840302	100
30220	30220	68462	68462	55.60	57.23	55.83	54.50	56.90	55.17	55.10	57.58	55.50	55.07	57.23	55.50	1.87017243575	100
30320	30320	68362	68362	55.60	57.20	55.73	54.55	56.88	55.15	55.12	57.48	55.48	55.09	57.18	55.45	1.87119099885	100
30420	30420	68262	68262	55.55	57.12	55.67	54.55	56.80	55.17	55.05	57.45	55.48	55.05	57.12	55.44	1.8719813241	100
30520	30520	68162	68162	55.55	57.08	55.58	54.55	56.75	55.15	54.90	57.45	55.38	55.00	57.09	55.37	1.87248048578	100
30620	30620	68062	68062	55.52	57.02	55.58	54.50	56.73	55.15	54.88	57.35	55.33	54.97	57.03	55.35	1.87249676679	100
30720	30720	67962	67962	55.55	57.08	55.58	54.38	56.73	55.10	54.80	57.40	55.35	54.91	57.07	55.34	1.87317622698	100
30820	30820	67862	67862	55.52	57.12	55.58	54.45	56.60	55.12	54.75	57.40	55.35	54.91	57.04	55.35	1.87328078654	100
30920	30920	67762	67762	55.50	57.08	55.52	54.45	56.60	55.12	54.83	57.48	55.35	54.92	57.05	55.33	1.87470999276	100
31020	31020	67662	67662	55.45	57.02	55.52	54.38	56.50	55.08	54.75	57.45	55.30	54.86	56.99	55.30	1.87501658187	100
31120	31120	67562	67562	55.42	56.95	55.48	54.40	56.52	55.10	54.73	57.40	55.33	54.85	56.96	55.30	1.87609205509	100
31220	31220	67462	67462	55.45	56.95	55.48	54.33	56.50	55.10	54.65	57.30	55.20	54.81	56.92	55.26	1.87681126064	100
31320	31320	67362	67362	55.45	57.00	55.40	54.30	56.42	55.08	54.62	57.30	55.17	54.79	56.91	55.22	1.87757920201	100
31420	31420	67262	67262	55.35	56.98	55.33	54.27	56.45	55.05	54.62	57.33	55.23	54.75	56.92	55.20	1.8782644056	100
31520	31520	67162	67162	55.33	56.95	55.33	54.25	56.42	55.08	54.62	57.27	55.20	54.73	56.88	55.20	1.87812387774	100
31620	31620	67062	67062	55.23	56.85	55.33	54.23	56.42	54.98	54.62	57.25	55.20	54.69	56.84	55.17	1.87896033646	100
31720	31720	66962	66962	55.17	56.83	55.33	54.17	56.30	54.95	54.65	57.25	55.17	54.67	56.79	55.15	1.87956096365	100
31820	31820	66862	66862	55.15	56.83	55.33	54.12	56.30	54.90	54.62	57.12	55.17	54.63	56.75	55.13	1.87903941429	100
31920	31920	66762	66762	55.17	56.83	55.33	54.15	56.30	54.90	54.62	57.08	55.15	54.65	56.73	55.12	1.87952716406	100
32020	32020	66662	66662	55.12	56.77	55.30	54.12	56.27	54.88	54.58	57.12	55.17	54.61	56.73	55.12	1.87973703276	100
32120	32120	66562	66562	55.05	56.75	55.25	54.10	56.23	54.83	54.58	57.15	55.15	54.58	56.71	55.08	1.87972186035	100
32220	32220	66462	66462	54.92	56.80	55.30	54.05	56.20	54.83	54.58	57.10	55.15	54.52	56.70	55.09	1.88016330699	100
32320	32320	66362	66362	54.92	56.70	55.25	54.02	56.20	54.75	54.58	57.05	55.10	54.51	56.65	55.03	1.8803452672	100
32420	32420	66262	66262	54.90	56.62	55.25	54.00	56.15	54.77	54.58	57.02	55.10	54.49	56.60	55.04	1.88154904918	100
32520	32520	66162	66162	54.90	56.70	55.17	53.95	56.15	54.77	54.55	56.95	55.08	54.47	56.60	55.01	1.88217325549	100
32620	32620	66062	66062	54.85	56.62	55.17	53.92	56.15	54.77	54.55	56.80	55.02	54.44	56.52	54.99	1.88259880122	100
32720	32720	65962	65962	54.83	56.65	55.15	53.92	56.15	54.77	54.50	56.80	55.02	54.42	56.53	54.98	1.88351805262	100
32820	32820	65862	65862	54.80	56.58	55.08	53.98	56.12	54.77	54.50	56.77	55.00	54.42	56.49	54.95	1.88400328731	100
32920	32920	65762	65762	54.80	56.58	55.08	53.92	56.10	54.80	54.52	56.75	54.98	54.42	56.48	54.95	1.8848960816	100
33020	33020	65662	65662	54.75	56.58	55.05	53.95	56.10	54.77	54.48	56.70	54.98	54.39	56.46	54.93	1.88508924143	100
33120	33120	65562	65562	54.73	56.52	55.08	53.88	56.10	54.75	54.42	56.73	54.90	54.34	56.45	54.91	1.88497202981	100
33220	33220	65462	65462	54.75	56.45	55.02	53.85	56.02	54.73	54.42	56.67	54.90	54.34	56.38	54.88	1.88523200397	100
33320	33320	65362	65362	54.70	56.45	55.00	53.80	56.10	54.73	54.42	56.65	54.77	54.31	56.40	54.83	1.88556157665	100
33420	33420	65262	65262	54.62	56.42	55.02	53.80	56.08	54.67	54.35	56.60	54.77	54.26	56.37	54.83	1.88610028467	100
33520	33520	65162	65162	54.58	56.50	54.95	53.80	56.00	54.65	54.33	56.52	54.70	54.23	56.34	54.77	1.88692314952	100
33620	33620	65062	65062	54.60	56.48	54.95	53.80	56.08	54.62	54.33	56.50	54.65	54.24	56.35	54.74	1.88771800855	100
33720	33720	64962	64962	54.58	56.48	54.90	53.80	56.00	54.58	54.30	56.50	54.62	54.23	56.33	54.70	1.88853231895	100
33820	33820	64862	64862	54.58	56.42	54.90	53.77	55.95	54.65	54.27	56.55	54.62	54.21	56.31	54.73	1.8891118131	100
33920	33920	64762	64762	54.52	56.42	54.88	53.77	55.85	54.62	54.25	56.52	54.62	54.18	56.27	54.71	1.8893102522	100
34020	34020	64662	64662	54.60	56.40	54.88	53.77	55.88	54.60	54.20	56.55	54.60	54.19	56.27	54.69	1.89028044774	100
34120	34120	64562	64562	54.60	56.40	54.90	53.75	55.83	54.50	54.23	56.52	54.58	54.19	56.25	54.66	1.89091354074	100
34220	34220	64462	64462	54.58	56.35	54.85	53.75	55.80	54.50	54.20	56.48	54.58	54.17	56.21	54.64	1.89086527249	100
34320	34320	64362	64362	54.58	56.30	54.85	53.73	55.83	54.50	54.15	56.40	54.60	54.15	56.17	54.65	1.89199574552	100
34420	34420	64262	64262	54.55	56.33	54.85	53.65	55.80	54.50	54.15	56.40	54.58	54.12	56.17	54.64	1.89271874666	100
34520	34520	64162	64162	54.48	56.33	54.85	53.62	55.77	54.45	54.08	56.23	54.58	54.06	56.11	54.62	1.89288490564	100
34620	34620	64062	64062	54.48	56.30	54.83	53.60	55.73	54.45	54.10	56.25	54.55	54.06	56.09	54.61	1.89265656233	100
34720	34720	63962	63962	54.45	56.25	54.85	53.52	55.70	54.42	54.10	56.15	54.55	54.02	56.03	54.61	1.89264998887	100
34820	34820	63862	63862	54.50	56.25	54.83	53.58	55.75	54.40	54.10	56.12	54.62	54.06	56.04	54.62	1.89351484815	100
34920	34920	63762	63762	54.48	56.20	54.85	53.62	55.67	54.42	54.10	56.05	54.60	54.07	55.98	54.62	1.89398803454	100
35020	35020	63662	63662	54.42	56.23	54.85	53.52	55.65	54.42	54.05	56.00	54.60	54.00	55.96	54.62	1.89422062666	100
35120	35120	63562	63562	54.40	56.12	54.88	53.55	55.65	54.42	54.10	55.92	54.60	54.02	55.90	54.63	1.89443309072	100
35220	35220	63462	63462	54.35	56.15	54.88	53.55	55.62	54.40	54.10	55.95	54.60	54.00	55.91	54.62	1.89542056493	100
35320	35320	63362	63362	54.35	56.10	54.85	53.42	55.62	54.40	54.12	55.83	54.55	53.97	55.85	54.60	1.89610071506	100
35420	35420	63262	63262	54.33	56.08	54.80	53.45	55.58	54.40	54.12	55.77	54.55	53.97	55.81	54.58	1.89710374071	100
35520	35520	63162	63162	54.33	56.08	54.80	53.40	55.58	54.33	54.08	55.85	54.58	53.93	55.83	54.57	1.89807074415	100
35620	35620	63062	63062	54.35	56.02	54.77	53.42	55.52	54.30	54.05	55.75	54.52	53.94	55.77	54.53	1.89819454141	100
35720	35720	62962	62962	54.33	56.02	54.77	53.33	55.55	54.27	54.05	55.75	54.58	53.90	55.77	54.54	1.89868473967	100
35820	35820	62862	62862	54.27	56.05	54.77	53.27	55.50	54.23	54.00	55.83	54.58	53.85	55.79	54.52	1.89843257923	100
35920	35920	62762	62762	54.25	56.05	54.73	53.30	55.55	54.25	54.05	55.77	54.55	53.87	55.79	54.51	1.8982511124	100
36020	36020	62662	62662	54.27	56.00	54.70	53.27	55.50	54.25	54.00	55.77	54.52	53.85	55.76	54.49	1.89903111625	100
36120	36120	62562	62562	54.23	55.95	54.70	53.25	55.48	54.23	54.00	55.80	54.52	53.83	55.74	54.48	1.89936188831	100
36220	36220	62462	62462	54.20	55.98	54.70	53.23	55.48	54.23	53.90	55.73	54.52	53.77	55.73	54.48	1.89984858018	100
36320	36320	62362	62362	54.20	55.95	54.70	53.25	55.45	54.25	53.90	55.73	54.52	53.78	55.71	54.49	1.89962402603	100
36420	36420	62262	62262	54.20	55.92	54.70	53.17	55.50	54.20	53.88	55.77	54.50	53.75	55.73	54.47	1.90051948345	100
36520	36520	62162	62162	54.20	55.95	54.73	53.17	55.50	54.17	53.88	55.67	54.55	53.75	55.71	54.48	1.90125714215	100
36620	36620	62062	62062	54.12	55.95	54.73	53.12	55.45	54.15	53.85	55.73	54.52	53.70	55.71	54.47	1.9014847593	100
36720	36720	61962	61962	54.15	55.92	54.73	53.15	55.48	54.20	53.83	55.77	54.50	53.71	55.73	54.48	1.90116549657	100
36820	36820	61862	61862	54.15	55.92	54.73	53.10	55.45	54.17	53.85	55.75	54.48	53.70	55.71	54.46	1.90149843254	100
36920	36920	61762	61762	54.17	55.88	54.67	53.12	55.40	54.17	53.80	55.70	54.48	53.70	55.66	54.44	1.90147149502	100
37020	37020	61662	61662	54.12	55.88	54.65	53.12	55.40	54.12	53.80	55.65	54.42	53.68	55.64	54.40	1.90183926754	100
37120	37120	61562	61562	54.10	55.90	54.60	53.10	55.38	54.15	53.80	55.70	54.42	53.67	55.66	54.39	1.90190897673	100
37220	37220	61462	61462	54.08	55.88	54.58	53.05	55.40	54.12	53.83	55.73	54.42	53.65	55.67	54.38	1.90244567878	100
37320	37320	61362	61362	54.02	55.88	54.60	53.00	55.42	54.10	53.80	55.73	54.42	53.61	55.67	54.38	1.90301327836	100
37420	37420	61262	61262	54.05	55.85	54.55	53.02	55.42	54.08	53.80	55.75	54.42	53.62	55.67	54.35	1.90408095335	100
37520	37520	61162	61162	54.05	55.80	54.58	52.95	55.40	54.05	53.80	55.70	54.38	53.60	55.63	54.33	1.90504367866	100
37620	37620	61062	61062	54.02	55.77	54.58	53.00	55.42	54.05	53.73	55.65	54.35	53.58	55.62	54.33	1.9052172289	100
37720	37720	60962	60962	53.95	55.73	54.58	52.95	55.40	54.05	53.70	55.58	54.30	53.53	55.57	54.31	1.90615994814	100
37820	37820	60862	60862	53.92	55.75	54.50	52.98	55.40	54.05	53.73	55.58	54.30	53.54	55.58	54.28	1.90601520256	100
37920	37920	60762	60762	53.95	55.75	54.50	52.98	55.38	54.05	53.75	55.55	54.30	53.56	55.56	54.28	1.90622631243	100
38020	38020	60662	60662	53.98	55.75	54.45	52.95	55.38	54.08	53.75	55.52	54.30	53.56	55.55	54.27	1.90600463772	100
38120	38120	60562	60562	53.92	55.77	54.48	52.98	55.38	54.05	53.77	55.52	54.30	53.56	55.56	54.27	1.90634770873	100
38220	38220	60462	60462	53.95	55.80	54.45	52.98	55.40	54.02	53.83	55.55	54.33	53.58	55.58	54.27	1.90666719267	100
38320	38320	60362	60362	53.95	55.77	54.40	52.98	55.38	54.08	53.80	55.50	54.27	53.58	55.55	54.25	1.90668022627	100
38420	38420	60262	60262	53.95	55.70	54.38	52.98	55.40	54.10	53.77	55.52	54.33	53.57	55.54	54.27	1.90705523589	100
38520	38520	60162	60162	53.92	55.70	54.40	53.02	55.40	54.12	53.77	55.50	54.30	53.58	55.53	54.27	1.90751784253	100
38620	38620	60062	60062	53.92	55.67	54.42	53.00	55.40	54.10	53.77	55.52	54.30	53.57	55.53	54.27	1.90772849189	100
38720	38720	59962	59962	53.90	55.73	54.42	52.98	55.38	54.12	53.80	55.50	54.27	53.56	55.53	54.27	1.90800323546	100
38820	38820	59862	59862	53.92	55.67	54.42	52.95	55.35	54.12	53.80	55.55	54.30	53.56	55.52	54.28	1.90858323726	100
38920	38920	59762	59762	53.90	55.52	54.42	52.95	55.40	54.08	53.77	55.52	54.27	53.54	55.48	54.26	1.9087614946	100
39020	39020	59662	59662	53.90	55.60	54.40	52.92	55.40	54.10	53.75	55.55	54.25	53.52	55.52	54.25	1.90880442995	100
39120	39120	59562	59562	53.90	55.58	54.38	52.92	55.40	54.08	53.75	55.50	54.25	53.52	55.49	54.23	1.90953609628	100
39220	39220	59462	59462	53.88	55.65	54.40	52.92	55.40	54.08	53.70	55.42	54.23	53.50	55.49	54.23	1.90967527535	100
39320	39320	59362	59362	53.80	55.65	54.42	52.92	55.40	54.08	53.75	55.45	54.23	53.49	55.50	54.24	1.90981199296	100
39420	39420	59262	59262	53.85	55.62	54.40	52.88	55.40	54.12	53.73	55.42	54.23	53.48	55.48	54.25	1.91065608727	100
39520	39520	59162	59162	53.85	55.65	54.40	52.88	55.40	54.12	53.73	55.30	54.23	53.48	55.45	54.25	1.91122020614	100
39620	39620	59062	59062	53.83	55.62	54.38	52.88	55.38	54.12	53.73	55.48	54.20	53.48	55.49	54.23	1.9117379188	100
39720	39720	58962	58962	53.80	55.65	54.35	52.88	55.42	54.12	53.73	55.42	54.23	53.47	55.50	54.23	1.91219006472	100
39820	39820	58862	58862	53.77	55.67	54.35	52.88	55.38	54.10	53.70	55.38	54.20	53.45	55.48	54.22	1.9124734613	100
39920	39920	58762	58762	53.77	55.70	54.35	52.88	55.38	54.10	53.73	55.30	54.20	53.46	55.46	54.22	1.91210493182	100
40020	40020	58662	58662	53.77	55.65	54.33	52.85	55.38	54.08	53.67	55.33	54.17	53.43	55.45	54.19	1.91266616999	100
40120	40120	58562	58562	53.75	55.60	54.33	52.88	55.38	54.05	53.67	55.27	54.10	53.43	55.42	54.16	1.9128968736	100
40220	40220	58462	58462	53.75	55.52	54.27	52.90	55.38	54.05	53.70	55.33	54.12	53.45	55.41	54.15	1.91268640024	100
40320	40320	58362	58362	53.75	55.55	54.25	52.90	55.35	54.05	53.70	55.30	54.10	53.45	55.40	54.13	1.91328240975	100
40420	40420	58262	58262	53.77	55.48	54.23	52.88	55.40	54.05	53.67	55.27	54.10	53.44	55.38	54.12	1.91333244998	100
40520	40520	58162	58162	53.77	55.45	54.17	52.88	55.30	54.02	53.67	55.23	54.10	53.44	55.33	54.10	1.91400107069	100
40620	40620	58062	58062	53.77	55.50	54.20	52.88	55.35	54.02	53.67	55.17	54.10	53.44	55.34	54.11	1.914107869	100
40720	40720	57962	57962	53.77	55.48	54.23	52.88	55.27	53.98	53.67	55.15	54.12	53.44	55.30	54.11	1.91439318679	100
40820	40820	57862	57862	53.75	55.48	54.23	52.90	55.25	53.98	53.67	55.15	54.15	53.44	55.29	54.12	1.91512706364	100
40920	40920	57762	57762	53.75	55.45	54.23	52.90	55.25	53.95	53.65	55.15	54.15	53.43	55.28	54.11	1.91486633904	100
41020	41020	57662	57662	53.77	55.40	54.20	52.90	55.23	53.92	53.67	55.12	54.15	53.45	55.25	54.09	1.91517743874	100
41120	41120	57562	57562	53.75	55.40	54.23	52.88	55.23	53.92	53.70	55.17	54.12	53.44	55.27	54.09	1.91501675188	100
41220	41220	57462	57462	53.77	55.40	54.20	52.85	55.23	53.92	53.67	55.20	54.15	53.43	55.27	54.09	1.91522562817	100
41320	41320	57362	57362	53.75	55.40	54.25	52.85	55.17	53.92	53.70	55.17	54.15	53.43	55.25	54.11	1.91551069872	100
41420	41420	57262	57262	53.73	55.40	54.20	52.85	55.15	53.92	53.67	55.17	54.15	53.42	55.24	54.09	1.91586894445	100
41520	41520	57162	57162	53.73	55.35	54.23	52.88	55.12	53.95	53.65	55.17	54.12	53.42	55.22	54.10	1.91600479197	100
41620	41620	57062	57062	53.70	55.38	54.23	52.85	55.12	53.95	53.62	55.12	54.12	53.39	55.21	54.10	1.91645306007	100
41720	41720	56962	56962	53.70	55.38	54.23	52.85	55.10	53.95	53.62	55.12	54.10	53.39	55.20	54.09	1.91645003852	100
41820	41820	56862	56862	53.70	55.35	54.20	52.85	55.08	53.92	53.62	55.10	54.12	53.39	55.17	54.08	1.91698992528	100
41920	41920	56762	56762	53.73	55.35	54.20	52.88	55.05	53.92	53.58	55.10	54.10	53.39	55.17	54.08	1.91746063172	100
42020	42020	56662	56662	53.77	55.38	54.17	52.90	55.05	53.92	53.55	55.08	54.12	53.41	55.17	54.08	1.91769851506	100
42120	42120	56562	56562	53.75	55.38	54.20	52.88	55.08	53.92	53.58	55.08	54.12	53.40	55.17	54.08	1.91785089465	100
42220	42220	56462	56462	53.77	55.33	54.15	52.90	55.10	53.92	53.55	55.08	54.12	53.41	55.17	54.07	1.91830825918	100
42320	42320	56362	56362	53.80	55.35	54.12	52.85	55.05	53.92	53.58	55.08	54.10	53.41	55.16	54.05	1.91846589799	100
42420	42420	56262	56262	53.77	55.35	54.12	52.85	55.02	53.92	53.55	55.08	54.10	53.39	55.15	54.05	1.91853035096	100
42520	42520	56162	56162	53.77	55.38	54.08	52.88	55.02	53.92	53.58	55.15	54.05	53.41	55.18	54.02	1.91883035743	100
42620	42620	56062	56062	53.70	55.35	54.10	52.88	55.02	53.92	53.55	55.10	54.02	53.38	55.16	54.02	1.91882204946	100
42720	42720	55962	55962	53.73	55.30	54.08	52.90	54.98	53.95	53.55	55.05	54.05	53.39	55.11	54.02	1.91877066197	100
42820	42820	55862	55862	53.75	55.25	54.05	52.85	55.00	53.95	53.58	55.05	54.02	53.39	55.10	54.01	1.91916874144	100
42920	42920	55762	55762	53.73	55.27	54.05	52.83	55.00	53.95	53.58	55.08	54.02	53.38	55.12	54.01	1.91921179466	100
43020	43020	55662	55662	53.67	55.23	54.05	52.88	55.00	53.95	53.58	55.08	54.02	53.38	55.10	54.01	1.91926815698	100
43120	43120	55562	55562	53.70	55.27	54.05	52.85	55.00	53.95	53.58	55.05	54.05	53.38	55.11	54.02	1.9190950396	100
43220	43220	55462	55462	53.73	55.25	54.02	52.85	55.05	53.92	53.60	55.10	54.02	53.39	55.13	53.99	1.91943573046	100
43320	43320	55362	55362	53.70	55.27	54.05	52.83	55.02	53.95	53.60	55.08	54.02	53.38	55.12	54.01	1.92006208154	100
43420	43420	55262	55262	53.67	55.30	54.05	52.80	55.05	53.92	53.60	55.12	54.00	53.36	55.16	53.99	1.92077730421	100
43520	43520	55162	55162	53.67	55.27	54.02	52.80	55.05	53.92	53.60	55.10	54.02	53.36	55.14	53.99	1.92068143627	100
43620	43620	55062	55062	53.70	55.25	54.05	52.80	55.05	53.92	53.60	55.12	54.02	53.37	55.14	54.00	1.92101678824	100
43720	43720	54962	54962	53.73	55.20	54.05	52.77	55.05	53.92	53.60	55.15	54.02	53.37	55.13	54.00	1.92075451799	100
43820	43820	54862	54862	53.73	55.20	54.05	52.77	55.02	53.92	53.58	55.12	53.98	53.36	55.12	53.98	1.92075589222	100
43920	43920	54762	54762	53.75	55.20	54.05	52.75	55.02	53.92	53.58	55.08	53.98	53.36	55.10	53.98	1.9212507257	100
44020	44020	54662	54662	53.73	55.15	54.08	52.77	55.08	53.90	53.58	55.10	54.00	53.36	55.11	53.99	1.92168923373	100
44120	44120	54562	54562	53.70	55.10	54.02	52.77	55.05	53.90	53.58	55.02	54.00	53.35	55.06	53.98	1.92147538045	100
44220	44220	54462	54462	53.70	55.15	54.02	52.83	55.05	53.90	53.60	55.12	54.02	53.38	55.11	53.98	1.92161186267	100
44320	44320	54362	54362	53.67	55.15	54.02	52.77	55.05	53.88	53.55	55.02	53.98	53.33	55.08	53.96	1.92221388644	100
44420	44420	54262	54262	53.65	55.15	54.02	52.77	55.02	53.88	53.52	55.00	53.98	53.32	55.06	53.96	1.921982872	100
44520	44520	54162	54162	53.67	55.12	54.00	52.77	55.02	53.88	53.48	55.00	53.98	53.31	55.05	53.95	1.92274513198	100
44620	44620	54062	54062	53.67	55.10	54.00	52.80	54.98	53.88	53.45	54.98	53.95	53.31	55.02	53.94	1.92270435981	100
44720	44720	53962	53962	53.70	55.12	53.98	52.77	54.98	53.88	53.50	54.98	53.95	53.33	55.02	53.93	1.92266674355	100
44820	44820	53862	53862	53.70	55.05	53.98	52.80	54.95	53.88	53.52	54.95	53.95	53.34	54.98	53.93	1.92327401224	100
44920	44920	53762	53762	53.67	55.05	53.98	52.80	54.92	53.88	53.50	54.90	53.95	53.33	54.96	53.93	1.92365756061	100
45020	45020	53662	53662	53.65	55.05	53.98	52.75	54.92	53.88	53.50	54.92	53.95	53.30	54.97	53.93	1.92380136575	100
45120	45120	53562	53562	53.60	55.05	53.95	52.77	54.90	53.88	53.50	54.90	53.95	53.29	54.95	53.92	1.92464687914	100
45220	45220	53462	53462	53.60	55.02	53.95	52.80	54.90	53.88	53.50	54.90	53.98	53.30	54.94	53.93	1.92463872076	100
45320	45320	53362	53362	53.62	55.02	53.95	52.77	54.90	53.88	53.50	54.88	53.92	53.30	54.93	53.92	1.92496281567	100
45420	45420	53262	53262	53.62	55.02	53.95	52.75	54.92	53.88	53.50	54.92	53.92	53.29	54.96	53.92	1.92508424266	100
45520	45520	53162	53162	53.60	55.05	53.90	52.77	54.92	53.88	53.45	54.90	53.90	53.27	54.96	53.89	1.92567045461	100
45620	45620	53062	53062	53.60	55.02	53.92	52.75	54.90	53.88	53.45	54.88	53.92	53.27	54.93	53.91	1.92597837677	100
45720	45720	52962	52962	53.62	55.02	53.92	52.75	54.88	53.85	53.48	54.85	53.92	53.28	54.92	53.90	1.92565031276	100
45820	45820	52862	52862	53.62	55.00	53.92	52.77	54.85	53.83	53.50	54.83	53.88	53.30	54.89	53.88	1.92588327448	100
45920	45920	52762	52762	53.65	55.00	53.90	52.77	54.88	53.83	53.48	54.83	53.88	53.30	54.90	53.87	1.92618588962	100
46020	46020	52662	52662	53.65	55.02	53.92	52.80	54.88	53.83	53.48	54.85	53.85	53.31	54.92	53.87	1.92671118489	100
46120	46120	52562	52562	53.65	55.00	53.88	52.80	54.88	53.85	53.52	54.85	53.85	53.33	54.91	53.86	1.92707343592	100
46220	46220	52462	52462	53.62	55.00	53.88	52.80	54.95	53.85	53.50	54.85	53.85	53.31	54.93	53.86	1.9272280204	100
46320	46320	52362	52362	53.67	55.00	53.85	52.80	54.95	53.85	53.45	54.90	53.85	53.31	54.95	53.85	1.92767688861	100
46420	46420	52262	52262	53.67	55.00	53.85	52.83	54.98	53.88	53.45	54.92	53.88	53.32	54.97	53.87	1.92769343111	100
46520	46520	52162	52162	53.67	55.00	53.85	52.80	54.95	53.88	53.45	54.90	53.83	53.31	54.95	53.85	1.92811638387	100
46620	46620	52062	52062	53.65	55.00	53.85	52.77	54.98	53.88	53.38	54.90	53.83	53.27	54.96	53.85	1.92852780653	100
46720	46720	51962	51962	53.62	55.00	53.85	52.80	54.95	53.88	53.35	54.88	53.83	53.26	54.94	53.85	1.92901176243	100
46820	46820	51862	51862	53.60	55.02	53.85	52.80	54.95	53.88	53.40	54.88	53.83	53.27	54.95	53.85	1.92889142674	100
46920	46920	51762	51762	53.62	55.02	53.85	52.80	54.95	53.88	53.38	54.92	53.77	53.27	54.97	53.83	1.92942026265	100
47020	47020	51662	51662	53.62	55.00	53.85	52.80	54.98	53.88	53.40	54.88	53.77	53.27	54.95	53.83	1.92940688349	100
47120	47120	51562	51562	53.62	54.98	53.85	52.80	54.98	53.88	53.40	54.88	53.77	53.27	54.94	53.83	1.92979109982	100
47220	47220	51462	51462	53.62	54.98	53.85	52.80	54.95	53.85	53.40	54.90	53.77	53.27	54.94	53.83	1.93015359889	100
47320	47320	51362	51362	53.62	55.00	53.85	52.80	54.92	53.85	53.40	54.83	53.77	53.27	54.92	53.83	1.93019173607	100
47420	47420	51262	51262	53.60	55.02	53.85	52.80	54.95	53.85	53.42	54.85	53.77	53.27	54.94	53.83	1.93056374094	100
47520	47520	51162	51162	53.62	55.02	53.85	52.80	54.95	53.85	53.42	54.83	53.75	53.28	54.93	53.82	1.93063510762	100
47620	47620	51062	51062	53.62	54.98	53.85	52.77	54.92	53.85	53.42	54.83	53.73	53.27	54.91	53.81	1.93095294527	100
47720	47720	50962	50962	53.62	54.98	53.83	52.80	54.95	53.85	53.45	54.83	53.73	53.29	54.92	53.80	1.93108883996	100
47820	47820	50862	50862	53.62	54.95	53.83	52.77	54.98	53.88	53.45	54.75	53.70	53.28	54.89	53.80	1.9311021181	100
47920	47920	50762	50762	53.58	54.98	53.77	52.80	54.98	53.88	53.45	54.80	53.70	53.27	54.92	53.78	1.93119211495	100
48020	48020	50662	50662	53.62	54.98	53.77	52.77	54.98	53.90	53.48	54.75	53.67	53.29	54.90	53.78	1.93140587482	100
48120	48120	50562	50562	53.62	55.00	53.77	52.77	54.95	53.90	53.42	54.80	53.70	53.27	54.92	53.79	1.93190345676	100
48220	48220	50462	50462	53.60	55.00	53.77	52.77	54.95	53.90	53.40	54.77	53.67	53.26	54.91	53.78	1.9319951999	100
48320	48320	50362	50362	53.60	55.02	53.75	52.77	54.95	53.95	53.40	54.77	53.65	53.26	54.92	53.78	1.93251751393	100
48420	48420	50262	50262	53.60	55.02	53.75	52.77	54.95	53.92	53.48	54.80	53.67	53.28	54.92	53.78	1.9325775295	100
48520	48520	50162	50162	53.58	55.02	53.75	52.77	54.95	53.92	53.45	54.77	53.65	53.27	54.92	53.77	1.9329691252	100
48620	48620	50062	50062	53.55	55.02	53.77	52.77	54.98	53.90	53.42	54.83	53.62	53.25	54.94	53.77	1.93371640064	100
48720	48720	49962	49962	53.58	55.00	53.75	52.77	54.98	53.95	53.40	54.85	53.60	53.25	54.94	53.77	1.93381270417	100
48820	48820	49862	49862	53.58	55.00	53.77	52.77	55.00	53.98	53.42	54.83	53.60	53.26	54.94	53.78	1.93386536313	100
48920	48920	49762	49762	53.55	55.05	53.80	52.77	55.00	53.95	53.42	54.85	53.60	53.25	54.97	53.78	1.93405623968	100
49020	49020	49662	49662	53.55	55.05	53.80	52.77	55.00	53.98	53.40	54.85	53.62	53.24	54.97	53.80	1.93442852108	100
49120	49120	49562	49562	53.58	55.05	53.80	52.77	55.00	54.00	53.42	54.77	53.62	53.26	54.94	53.81	1.93428486808	100
49220	49220	49462	49462	53.58	55.08	53.80	52.77	55.00	54.00	53.38	54.83	53.62	53.24	54.97	53.81	1.93494128889	100
49320	49320	49362	49362	53.58	55.10	53.80	52.77	55.00	53.98	53.42	54.83	53.62	53.26	54.98	53.80	1.93523565666	100
49420	49420	49262	49262	53.62	55.15	53.80	52.77	55.00	53.98	53.42	54.80	53.60	53.27	54.98	53.79	1.935378511	100
49520	49520	49162	49162	53.60	55.17	53.80	52.77	54.98	53.98	53.42	54.80	53.62	53.27	54.98	53.80	1.93617043898	100
49620	49620	49062	49062	53.60	55.17	53.77	52.77	54.95	53.98	53.48	54.77	53.60	53.28	54.97	53.78	1.93598714003	100
49720	49720	48962	48962	53.60	55.15	53.77	52.77	54.95	53.95	53.48	54.77	53.60	53.28	54.96	53.77	1.93586096183	100
49820	49820	48862	48862	53.60	55.20	53.77	52.77	54.95	54.00	53.42	54.77	53.60	53.27	54.98	53.79	1.9356979467	100
49920	49920	48762	48762	53.60	55.15	53.77	52.75	54.90	54.00	53.40	54.80	53.60	53.25	54.95	53.79	1.93597835316	100
50020	50020	48662	48662	53.60	55.23	53.77	52.75	54.92	54.02	53.42	54.83	53.60	53.26	54.99	53.80	1.936123267	100
50120	50120	48562	48562	53.60	55.25	53.77	52.75	54.95	54.02	53.40	54.83	53.58	53.25	55.01	53.79	1.9362267271	100
50220	50220	48462	48462	53.62	55.23	53.80	52.75	54.98	54.02	53.40	54.85	53.58	53.26	55.02	53.80	1.93658202335	100
50320	50320	48362	48362	53.62	55.20	53.75	52.75	54.98	54.08	53.40	54.85	53.58	53.26	55.01	53.80	1.9370708142	100
50420	50420	48262	48262	53.62	55.23	53.77	52.77	54.98	54.08	53.42	54.80	53.58	53.27	55.00	53.81	1.93756515236	100
50520	50520	48162	48162	53.62	55.17	53.75	52.80	54.92	54.08	53.48	54.88	53.55	53.30	54.99	53.79	1.93735034403	100
50620	50620	48062	48062	53.62	55.12	53.75	52.80	54.92	54.05	53.48	54.85	53.55	53.30	54.97	53.78	1.93769829677	100
50720	50720	47962	47962	53.62	55.20	53.75	52.80	54.90	54.05	53.45	54.83	53.55	53.29	54.98	53.78	1.9379000133	100
50820	50820	47862	47862	53.55	55.23	53.75	52.80	54.90	54.08	53.48	54.90	53.55	53.27	55.01	53.79	1.93757010746	100
50920	50920	47762	47762	53.52	55.23	53.75	52.80	54.90	54.08	53.48	54.85	53.55	53.27	54.99	53.79	1.93793814231	100
51020	51020	47662	47662	53.52	55.23	53.75	52.77	54.92	54.08	53.48	54.83	53.55	53.26	54.99	53.79	1.93800778956	100
51120	51120	47562	47562	53.52	55.17	53.77	52.83	54.92	54.08	53.48	54.80	53.55	53.27	54.97	53.80	1.93831057815	100
51220	51220	47462	47462	53.52	55.20	53.75	52.83	54.92	54.08	53.52	54.83	53.55	53.29	54.98	53.79	1.93876751427	100
51320	51320	47362	47362	53.50	55.23	53.77	52.85	54.92	54.08	53.50	54.83	53.55	53.28	54.99	53.80	1.93927322732	100
51420	51420	47262	47262	53.52	55.20	53.75	52.85	54.90	54.10	53.52	54.88	53.58	53.30	54.99	53.81	1.93977069963	100
51520	51520	47162	47162	53.58	55.20	53.75	52.85	54.88	54.12	53.52	54.92	53.55	53.32	55.00	53.81	1.93957807497	100
51620	51620	47062	47062	53.52	55.20	53.75	52.85	54.88	54.05	53.50	54.90	53.50	53.29	54.99	53.77	1.94003864677	100
51720	51720	46962	46962	53.52	55.25	53.75	52.85	54.88	54.08	53.50	54.92	53.50	53.29	55.02	53.77	1.93997717234	100
51820	51820	46862	46862	53.58	55.20	53.75	52.85	54.90	54.08	53.50	54.95	53.50	53.31	55.02	53.77	1.93987201124	100
51920	51920	46762	46762	53.55	55.20	53.75	52.85	54.90	54.10	53.48	54.90	53.52	53.29	55.00	53.79	1.9402880389	100
52020	52020	46662	46662	53.52	55.20	53.73	52.85	54.90	54.10	53.48	54.92	53.52	53.28	55.01	53.78	1.9403449735	100
52120	52120	46562	46562	53.55	55.20	53.73	52.85	54.90	54.10	53.48	54.95	53.52	53.29	55.02	53.78	1.94074422985	100
52220	52220	46462	46462	53.55	55.17	53.73	52.85	54.90	54.10	53.42	54.90	53.52	53.27	54.99	53.78	1.94077139996	100
52320	52320	46362	46362	53.52	55.17	53.73	52.88	54.90	54.08	53.42	54.88	53.52	53.27	54.98	53.77	1.94095364906	100
52420	52420	46262	46262	53.52	55.15	53.73	52.90	54.95	54.08	53.42	54.88	53.52	53.28	54.99	53.77	1.94117863975	100
52520	52520	46162	46162	53.50	55.20	53.73	52.90	54.95	54.12	53.42	54.90	53.52	53.27	55.02	53.79	1.94172855828	100
52620	52620	46062	46062	53.48	55.17	53.73	52.90	54.98	54.05	53.48	54.88	53.52	53.28	55.01	53.77	1.94195591769	100
52720	52720	45962	45962	53.52	55.20	53.75	52.90	54.98	54.08	53.48	54.88	53.50	53.30	55.02	53.77	1.94194145872	100
52820	52820	45862	45862	53.55	55.23	53.75	52.92	54.98	54.08	53.48	54.88	53.50	53.32	55.02	53.77	1.9420910444	100
52920	52920	45762	45762	53.50	55.23	53.75	52.92	54.98	54.12	53.42	54.88	53.50	53.28	55.02	53.79	1.94234586784	100
53020	53020	45662	45662	53.50	55.25	53.75	52.92	54.98	54.08	53.42	54.85	53.52	53.28	55.02	53.78	1.94247625796	100
53120	53120	45562	45562	53.50	55.17	53.75	52.92	54.98	54.10	53.45	54.85	53.45	53.29	55.00	53.77	1.94233627892	100
53220	53220	45462	45462	53.50	55.20	53.75	52.92	54.98	54.08	53.45	54.83	53.50	53.29	55.00	53.77	1.94201498654	100
53320	53320	45362	45362	53.52	55.17	53.75	52.92	54.98	54.08	53.42	54.83	53.50	53.29	54.99	53.77	1.9421466071	100
53420	53420	45262	45262	53.52	55.17	53.77	52.92	54.98	54.10	53.45	54.88	53.50	53.30	55.01	53.79	1.942425422	100
53520	53520	45162	45162	53.50	55.20	53.77	52.92	54.98	54.12	53.48	54.88	53.52	53.30	55.02	53.81	1.94267039709	100
53620	53620	45062	45062	53.52	55.20	53.80	52.92	55.00	54.17	53.50	54.88	53.55	53.32	55.02	53.84	1.9424921777	100
53720	53720	44962	44962	53.55	55.23	53.80	52.92	55.00	54.17	53.50	54.88	53.55	53.33	55.03	53.84	1.94290443505	100
53820	53820	44862	44862	53.58	55.23	53.83	52.92	54.98	54.20	53.50	54.85	53.55	53.33	55.02	53.86	1.94305056229	100
53920	53920	44762	44762	53.55	55.23	53.83	52.95	55.00	54.17	53.52	54.88	53.55	53.34	55.03	53.85	1.94314463305	100
54020	54020	44662	44662	53.58	55.20	53.80	52.98	55.00	54.23	53.50	54.88	53.58	53.35	55.02	53.87	1.94310541227	100
54120	54120	44562	44562	53.55	55.17	53.83	52.98	55.02	54.23	53.52	54.88	53.58	53.35	55.02	53.88	1.94378237797	100
54220	54220	44462	44462	53.52	55.23	53.85	52.98	55.02	54.20	53.52	54.90	53.58	53.34	55.05	53.88	1.94373402445	100
54320	54320	44362	44362	53.50	55.23	53.85	52.98	55.02	54.20	53.52	54.92	53.62	53.33	55.06	53.89	1.94345146563	100
54420	54420	44262	44262	53.52	55.23	53.85	52.98	55.05	54.17	53.50	54.92	53.62	53.33	55.07	53.88	1.94352325493	100
54520	54520	44162	44162	53.52	55.20	53.85	52.95	55.05	54.17	53.52	54.98	53.62	53.33	55.08	53.88	1.94374953622	100
54620	54620	44062	44062	53.52	55.20	53.83	52.95	55.05	54.20	53.52	54.92	53.62	53.33	55.06	53.88	1.94366566582	100
54720	54720	43962	43962	53.55	55.20	53.80	52.98	55.05	54.20	53.50	54.92	53.60	53.34	55.06	53.87	1.94409489293	100
54820	54820	43862	43862	53.52	55.20	53.83	52.98	55.05	54.17	53.50	54.92	53.60	53.33	55.06	53.87	1.94444302631	100
54920	54920	43762	43762	53.52	55.20	53.83	52.98	55.05	54.17	53.50	54.95	53.62	53.33	55.07	53.88	1.94425129843	100
55020	55020	43662	43662	53.50	55.23	53.83	52.98	55.05	54.12	53.52	54.95	53.62	53.33	55.08	53.86	1.94437251959	100
55120	55120	43562	43562	53.52	55.30	53.80	52.98	55.05	54.17	53.52	54.98	53.62	53.34	55.11	53.87	1.94406591146	100
55220	55220	43462	43462	53.52	55.27	53.80	52.98	55.02	54.17	53.55	54.95	53.62	53.35	55.08	53.87	1.94453979679	100
55320	55320	43362	43362	53.52	55.27	53.80	52.98	55.02	54.20	53.55	54.98	53.60	53.35	55.09	53.87	1.94447184492	100
55420	55420	43262	43262	53.50	55.27	53.80	52.95	55.02	54.25	53.55	54.95	53.60	53.33	55.08	53.88	1.94448134538	100
55520	55520	43162	43162	53.48	55.27	53.80	52.95	55.02	54.25	53.55	54.95	53.62	53.33	55.08	53.89	1.9443852327	100
55620	55620	43062	43062	53.48	55.25	53.80	52.95	55.00	54.25	53.55	54.95	53.60	53.33	55.07	53.88	1.9449239548	100
55720	55720	42962	42962	53.45	55.27	53.83	52.95	54.98	54.27	53.55	54.92	53.62	53.32	55.06	53.91	1.94470210218	100
55820	55820	42862	42862	53.45	55.23	53.83	52.95	55.00	54.30	53.55	54.92	53.62	53.32	55.05	53.92	1.94510335839	100
55920	55920	42762	42762	53.45	55.23	53.85	52.95	54.98	54.27	53.58	54.92	53.62	53.33	55.04	53.92	1.9447614894	100
56020	56020	42662	42662	53.45	55.27	53.85	52.98	54.98	54.30	53.60	54.90	53.60	53.34	55.05	53.92	1.94500941976	100
56120	56120	42562	42562	53.48	55.27	53.85	52.98	54.95	54.30	53.60	54.95	53.60	53.35	55.06	53.92	1.94503869689	100
56220	56220	42462	42462	53.52	55.27	53.85	53.02	54.95	54.30	53.58	54.90	53.60	53.38	55.04	53.92	1.94501519961	100
56320	56320	42362	42362	53.52	55.23	53.88	53.02	54.98	54.33	53.58	54.90	53.62	53.38	55.03	53.94	1.94485468438	100
56420	56420	42262	42262	53.52	55.23	53.83	53.02	54.98	54.35	53.60	54.85	53.60	53.38	55.02	53.92	1.94508797644	100
56520	56520	42162	42162	53.52	55.25	53.83	53.02	54.95	54.35	53.60	54.85	53.60	53.38	55.02	53.92	1.94525958963	100
56620	56620	42062	42062	53.52	55.25	53.83	53.02	54.95	54.38	53.60	54.80	53.60	53.38	55.00	53.93	1.94584169686	100
56720	56720	41962	41962	53.52	55.25	53.85	53.05	54.95	54.38	53.60	54.80	53.60	53.39	55.00	53.94	1.94594021865	100
56820	56820	41862	41862	53.52	55.23	53.85	53.05	54.95	54.38	53.60	54.73	53.60	53.39	54.97	53.94	1.94618719451	100
56920	56920	41762	41762	53.52	55.23	53.88	53.05	54.95	54.35	53.62	54.77	53.60	53.40	54.98	53.94	1.94599460488	100
57020	57020	41662	41662	53.50	55.23	53.85	53.05	54.92	54.35	53.62	54.77	53.60	53.39	54.98	53.93	1.94580628618	100
57120	57120	41562	41562	53.52	55.23	53.85	53.08	54.92	54.38	53.60	54.77	53.60	53.40	54.98	53.94	1.94581680016	100
57220	57220	41462	41462	53.52	55.23	53.88	53.05	54.92	54.40	53.60	54.83	53.62	53.39	54.99	53.97	1.94584166091	100
57320	57320	41362	41362	53.50	55.27	53.88	53.05	54.92	54.40	53.62	54.85	53.65	53.39	55.02	53.98	1.94609969638	100
57420	57420	41262	41262	53.48	55.27	53.88	53.05	54.95	54.42	53.60	54.85	53.67	53.38	55.02	53.99	1.94689811342	100
57520	57520	41162	41162	53.48	55.27	53.90	53.05	54.95	54.42	53.65	54.88	53.67	53.39	55.03	54.00	1.94692529998	100
57620	57620	41062	41062	53.50	55.33	53.90	53.05	54.95	54.40	53.67	54.83	53.65	53.41	55.03	53.98	1.94671390972	100
57720	57720	40962	40962	53.48	55.25	53.90	53.05	54.92	54.40	53.70	54.85	53.65	53.41	55.01	53.98	1.94674502579	100
57820	57820	40862	40862	53.45	55.27	53.90	53.05	54.92	54.42	53.73	54.83	53.67	53.41	55.01	54.00	1.9465223842	100
57920	57920	40762	40762	53.48	55.30	53.88	53.05	54.90	54.42	53.70	54.83	53.65	53.41	55.01	53.98	1.9464109556	100
58020	58020	40662	40662	53.52	55.38	53.88	53.05	54.90	54.42	53.70	54.80	53.67	53.42	55.02	53.99	1.94618035765	100
58120	58120	40562	40562	53.52	55.33	53.90	53.05	54.90	54.42	53.67	54.77	53.70	53.42	55.00	54.01	1.94609198772	100
58220	58220	40462	40462	53.55	55.33	53.88	53.05	54.88	54.38	53.67	54.83	53.73	53.42	55.01	53.99	1.94594401686	100
58320	58320	40362	40362	53.55	55.27	53.88	53.08	54.90	54.40	53.70	54.83	53.73	53.44	55.00	54.00	1.94528183444	100
58420	58420	40262	40262	53.55	55.27	53.88	53.08	54.90	54.42	53.67	54.75	53.75	53.43	54.98	54.02	1.94556840142	100
58520	58520	40162	40162	53.55	55.27	53.88	53.08	54.90	54.42	53.70	54.77	53.77	53.44	54.98	54.02	1.94591802023	100
58620	58620	40062	40062	53.58	55.23	53.85	53.10	54.88	54.40	53.70	54.77	53.73	53.46	54.96	53.99	1.94590361805	100
58720	58720	39962	39962	53.55	55.23	53.85	53.10	54.88	54.40	53.65	54.77	53.75	53.43	54.96	54.00	1.94536392722	100
58820	58820	39862	39862	53.58	55.23	53.83	53.10	54.88	54.40	53.67	54.80	53.75	53.45	54.97	53.99	1.94507565497	100
58920	58920	39762	39762	53.58	55.20	53.80	53.10	54.88	54.40	53.67	54.80	53.77	53.45	54.96	53.99	1.94487522304	100
59020	59020	39662	39662	53.58	55.20	53.83	53.08	54.90	54.40	53.67	54.83	53.77	53.44	54.98	54.00	1.94466677359	100
59120	59120	39562	39562	53.60	55.23	53.80	53.08	54.90	54.40	53.65	54.83	53.77	53.44	54.98	53.99	1.94521187154	100
59220	59220	39462	39462	53.62	55.23	53.80	53.10	54.90	54.42	53.65	54.83	53.77	53.46	54.98	54.00	1.94522633334	100
59320	59320	39362	39362	53.62	55.23	53.80	53.10	54.90	54.40	53.65	54.83	53.77	53.46	54.98	53.99	1.94495563531	100
59420	59420	39262	39262	53.62	55.23	53.80	53.10	54.90	54.42	53.65	54.85	53.77	53.46	54.99	54.00	1.94495708918	100
59520	59520	39162	39162	53.62	55.25	53.77	53.08	54.90	54.42	53.65	54.83	53.80	53.45	54.99	54.00	1.94559904366	100
59620	59620	39062	39062	53.65	55.25	53.77	53.08	54.90	54.42	53.67	54.80	53.80	53.47	54.98	54.00	1.94667447864	100
59720	59720	38962	38962	53.67	55.25	53.75	53.08	54.90	54.45	53.70	54.85	53.80	53.48	55.00	54.00	1.95118955089	100
59820	59820	38862	38862	53.67	55.25	53.75	53.08	54.90	54.45	53.73	54.85	53.80	53.49	55.00	54.00	1.95146272136	100
59920	59920	38762	38762	53.67	55.25	53.75	53.08	54.90	54.45	53.73	54.88	53.83	53.49	55.01	54.01	1.94726757725	100
60020	60020	38662	38662	53.67	55.25	53.75	53.08	54.90	54.48	53.75	54.85	53.83	53.50	55.00	54.02	1.94628119637	100
60120	60120	38562	38562	53.67	55.25	53.75	53.08	54.90	54.50	53.73	54.83	53.85	53.49	54.99	54.03	1.94523883008	100
60220	60220	38462	38462	53.67	55.25	53.77	53.08	54.90	54.50	53.73	54.88	53.85	53.49	55.01	54.04	1.94470516793	100
60320	60320	38362	38362	53.67	55.25	53.80	53.08	54.90	54.50	53.73	54.90	53.85	53.49	55.02	54.05	1.94434848189	100
60420	60420	38262	38262	53.67	55.25	53.80	53.08	54.90	54.52	53.73	54.90	53.85	53.49	55.02	54.06	1.94369081571	100
60520	60520	38162	38162	53.67	55.20	53.80	53.08	54.88	54.50	53.73	54.90	53.88	53.49	54.99	54.06	1.94351052221	100
60620	60620	38062	38062	53.70	55.23	53.80	53.08	54.90	54.50	53.70	54.80	53.88	53.49	54.98	54.06	1.94291388371	100
60720	60720	37962	37962	53.70	55.17	53.77	53.08	54.90	54.52	53.70	54.77	53.88	53.49	54.95	54.06	1.94255215262	100
60820	60820	37862	37862	53.70	55.17	53.77	53.08	54.90	54.50	53.73	54.77	53.85	53.50	54.95	54.04	1.94256952592	100
60920	60920	37762	37762	53.67	55.15	53.75	53.08	54.92	54.52	53.73	54.77	53.85	53.49	54.95	54.04	1.94220391021	100
61020	61020	37662	37662	53.70	55.12	53.77	53.08	54.92	54.50	53.75	54.80	53.83	53.51	54.95	54.03	1.94247708432	100
61120	61120	37562	37562	53.65	55.10	53.80	53.08	54.92	54.50	53.70	54.80	53.83	53.48	54.94	54.04	1.94278599005	100
61220	61220	37462	37462	53.65	55.15	53.83	53.08	54.95	54.50	53.73	54.77	53.80	53.48	54.96	54.04	1.94220278231	100
61320	61320	37362	37362	53.65	55.12	53.85	53.08	54.98	54.52	53.75	54.80	53.80	53.49	54.97	54.06	1.94269490434	100
61420	61420	37262	37262	53.67	55.10	53.88	53.08	54.92	54.50	53.75	54.80	53.80	53.50	54.94	54.06	1.9445885067	100
61520	61520	37162	37162	53.65	55.10	53.83	53.08	54.90	54.52	53.75	54.83	53.83	53.49	54.94	54.06	1.9460983902	100
61620	61620	37062	37062	53.65	55.12	53.83	53.08	54.83	54.55	53.75	54.83	53.83	53.49	54.92	54.07	1.94874782488	100
61720	61720	36962	36962	53.65	55.12	53.83	53.10	54.77	54.52	53.75	54.83	53.83	53.50	54.91	54.06	1.95110613708	100
61820	61820	36862	36862	53.65	55.05	53.85	53.10	54.80	54.52	53.75	54.88	53.83	53.50	54.91	54.07	1.95327959611	100
61920	61920	36762	36762	53.65	55.10	53.85	53.10	54.80	54.52	53.75	54.88	53.83	53.50	54.92	54.07	1.9553363433	100
62020	62020	36662	36662	53.65	55.10	53.88	53.10	54.77	54.52	53.75	54.83	53.80	53.50	54.90	54.07	1.95659343206	100
62120	62120	36562	36562	53.65	55.10	53.88	53.10	54.73	54.55	53.75	54.80	53.80	53.50	54.88	54.08	1.95855095532	100
62220	62220	36462	36462	53.65	55.12	53.90	53.10	54.70	54.55	53.77	54.75	53.80	53.51	54.86	54.08	1.96031988734	100
62320	62320	36362	36362	53.65	55.15	53.90	53.08	54.70	54.58	53.75	54.73	53.75	53.49	54.86	54.08	1.9623540252	100
62420	62420	36262	36262	53.65	55.15	53.90	53.10	54.70	54.55	53.77	54.73	53.75	53.51	54.86	54.07	1.96420585532	100
