12120	12120	94562	94562	75.03	77.75	79.85	74.58	77.62	79.25	75.28	78.53	79.88	74.96	77.97	79.66	6.51020648177
12120	12120	94562	94562	75.08	77.75	79.85	74.58	77.62	79.25	75.30	78.53	79.90	74.98	77.97	79.67	4.80376182797	16
12136	12136	94546	94546	75.15	77.88	79.53	74.40	77.38	79.22	74.83	78.75	79.75	74.79	78.00	79.50	3.48730833861	15
12151	12151	94531	94531	74.75	77.83	79.50	74.12	77.45	79.05	74.42	78.92	79.45	74.43	78.07	79.33	2.99035075679	16
12167	12167	94515	94515	74.38	77.53	79.30	73.65	77.30	78.83	74.08	78.60	79.33	74.03	77.81	79.15	2.69542751306	16
12183	12183	94499	94499	74.12	77.50	78.83	73.47	77.38	78.35	73.75	78.50	79.22	73.78	77.79	78.80	2.52260090683	16
12199	12199	94483	94483	73.83	77.58	78.83	73.45	77.10	78.22	73.38	78.45	79.15	73.55	77.71	78.73	2.38450393732	16
12215	12215	94467	94467	73.53	77.47	78.67	73.47	76.90	77.97	73.30	78.28	78.95	73.43	77.55	78.53	2.30782183053	16
12231	12231	94451	94451	73.47	77.28	78.55	73.30	76.88	77.83	73.45	77.95	78.88	73.41	77.37	78.42	2.22147539195	16
12247	12247	94435	94435	73.28	77.15	78.47	73.30	76.45	77.72	73.40	77.62	78.53	73.33	77.08	78.24	2.15139110912	16
12263	12263	94419	94419	73.33	77.20	78.28	73.20	76.45	77.75	73.38	77.45	78.47	73.30	77.03	78.17	2.10314117338	16
12279	12279	94403	94403	73.22	77.15	78.33	73.05	76.33	77.78	73.47	77.58	78.30	73.25	77.02	78.13	2.06947437386	16
12295	12295	94387	94387	73.33	77.12	78.28	73.05	76.42	77.75	73.53	77.60	78.28	73.30	77.05	78.10	2.02900163477	16
12311	12311	94371	94371	73.55	76.83	78.20	73.25	76.20	77.80	73.62	77.40	78.20	73.47	76.81	78.07	1.99823645464	16
12327	12327	94355	94355	73.70	76.80	78.20	73.17	76.50	77.75	73.62	77.35	78.17	73.50	76.88	78.04	1.96904360675	16
12343	12343	94339	94339	73.72	77.10	78.10	73.35	76.58	77.80	73.83	77.33	78.20	73.63	77.00	78.03	1.94592715052	16
12359	12359	94323	94323	73.72	77.25	78.35	73.40	76.58	77.85	74.10	77.33	78.25	73.74	77.05	78.15	1.93046036387	16
12375	12375	94307	94307	73.72	77.28	78.25	73.22	76.60	77.88	73.88	77.47	78.28	73.61	77.12	78.13	1.91212108391	16
12391	12391	94291	94291	74.05	77.28	78.30	73.33	76.72	77.92	73.80	77.50	78.47	73.72	77.17	78.23	1.89780396239	16
12407	12407	94275	94275	74.10	77.30	78.45	73.35	76.65	77.90	73.90	77.65	78.42	73.78	77.20	78.26	1.8839945933	16
12423	12423	94259	94259	74.00	77.33	78.30	73.35	76.78	78.10	74.15	77.75	78.53	73.83	77.28	78.31	1.87194088736	16
12439	12439	94243	94243	74.20	77.53	78.40	73.35	76.72	78.03	74.20	77.62	78.58	73.92	77.29	78.33	1.85839038249	16
12455	12455	94227	94227	74.47	77.38	78.62	73.60	76.67	78.10	74.62	77.53	78.67	74.23	77.19	78.47	1.84754005231	16
12471	12471	94211	94211	74.58	77.62	78.67	73.58	76.83	78.22	74.58	77.70	78.67	74.24	77.38	78.53	1.83970035622	16
12487	12487	94195	94195	74.47	77.65	78.90	73.62	76.80	78.30	74.67	77.97	78.85	74.26	77.47	78.68	1.8372501706	16
12503	12503	94179	94179	74.78	77.72	79.00	73.85	77.05	78.22	74.70	77.95	78.83	74.44	77.58	78.68	1.82737226558	16
12519	12519	94163	94163	74.97	77.45	79.03	73.65	76.95	78.30	75.00	78.10	78.90	74.54	77.50	78.74	1.8262108096	16
12535	12535	94147	94147	74.95	77.50	79.15	73.95	77.15	78.33	75.17	78.05	79.03	74.69	77.57	78.83	1.82043797237	16
12551	12551	94131	94131	75.17	77.42	79.33	74.03	77.22	78.35	75.15	77.88	78.95	74.78	77.51	78.88	1.81219033543	16
12567	12567	94115	94115	75.15	77.72	79.58	74.12	77.15	78.33	75.08	78.05	79.20	74.78	77.64	79.03	1.81392883995	16
12583	12583	94099	94099	75.25	77.62	79.42	74.08	77.17	78.42	75.08	78.08	79.10	74.80	77.62	78.98	1.80708866475	16
12599	12599	94083	94083	75.10	77.80	79.38	74.12	77.10	78.45	75.10	78.30	79.20	74.78	77.73	79.01	1.79771160162	16
12615	12615	94067	94067	75.08	77.70	79.47	74.17	77.33	78.58	75.05	78.35	79.28	74.77	77.79	79.11	1.79093117421	16
12631	12631	94051	94051	75.33	77.62	79.53	74.38	77.20	78.70	75.28	78.20	79.35	74.99	77.67	79.19	1.78471782483	16
12647	12647	94035	94035	75.42	77.58	79.55	74.65	77.30	78.67	75.45	78.47	79.40	75.17	77.78	79.21	1.78095784685	16
12663	12663	94019	94019	75.58	77.65	79.55	74.75	77.25	78.70	75.53	78.47	79.28	75.28	77.79	79.17	1.78399927311	16
12679	12679	94003	94003	75.50	77.72	79.53	74.67	77.22	78.80	75.62	78.42	79.30	75.27	77.79	79.21	1.78002870836	16
12695	12695	93987	93987	75.47	77.72	79.47	74.75	77.42	78.65	75.58	78.38	79.40	75.27	77.84	79.17	1.77792682896	16
12711	12711	93971	93971	75.55	77.80	79.60	74.97	77.35	78.78	75.62	78.42	79.50	75.38	77.86	79.29	1.77135267379	16
12727	12727	93955	93955	75.53	77.70	79.72	74.97	77.40	78.78	75.58	78.60	79.62	75.36	77.90	79.38	1.77408116948	16
12743	12743	93939	93939	75.65	77.90	79.70	75.03	77.60	78.85	75.62	78.60	79.72	75.43	78.03	79.42	1.77125350943	16
12759	12759	93923	93923	75.65	77.83	79.90	75.03	77.67	78.78	75.85	78.67	79.70	75.51	78.06	79.46	1.77194061325	16
12775	12775	93907	93907	75.67	77.83	80.03	75.10	77.62	78.72	75.75	78.83	79.67	75.51	78.09	79.47	1.77072628793	16
12791	12791	93891	93891	75.70	77.72	79.88	75.15	77.30	78.80	75.90	78.62	79.65	75.58	77.88	79.44	1.77346859909	16
12807	12807	93875	93875	75.78	77.97	79.80	75.05	77.45	78.78	75.95	78.75	79.62	75.59	78.06	79.40	1.76367492925	16
12823	12823	93859	93859	75.90	77.80	79.88	74.90	77.33	78.75	76.00	78.65	79.75	75.60	77.92	79.46	1.76521887206	16
12839	12839	93843	93843	75.92	77.60	79.85	74.92	77.28	78.83	76.03	78.67	79.75	75.62	77.85	79.47	1.76582718903	16
12855	12855	93827	93827	75.90	77.58	79.80	74.83	77.10	78.72	75.95	78.72	79.70	75.56	77.80	79.41	1.76260967241	16
12871	12871	93811	93811	75.85	77.62	79.80	74.75	77.15	78.75	75.92	78.60	79.83	75.51	77.79	79.46	1.76582357887	16
12887	12887	93795	93795	76.03	77.65	79.83	74.85	77.10	78.75	76.12	78.58	79.80	75.67	77.78	79.46	1.7660195523	16
12903	12903	93779	93779	75.85	77.78	79.90	74.92	77.00	78.80	76.00	78.62	79.90	75.59	77.80	79.53	1.77163624762	16
12919	12919	93763	93763	75.80	77.83	79.88	74.80	77.03	78.90	76.08	78.47	80.03	75.56	77.78	79.60	1.77209181133	16
12935	12935	93747	93747	75.95	77.72	79.97	74.85	77.28	79.00	75.95	78.53	80.05	75.58	77.84	79.67	1.76963909414	16
12951	12951	93731	93731	75.95	77.62	80.10	74.88	77.17	78.97	76.10	78.47	80.10	75.64	77.76	79.72	1.76926243691	16
12967	12967	93715	93715	75.88	77.67	80.03	74.75	77.20	78.88	76.08	78.40	80.15	75.57	77.76	79.68	1.7688425108	16
12983	12983	93699	93699	75.97	77.92	80.12	74.95	77.10	78.88	76.15	78.58	80.15	75.69	77.87	79.72	1.76832268455	16
12999	12999	93683	93683	75.97	77.70	80.10	74.92	76.97	78.92	76.35	78.50	80.15	75.75	77.72	79.72	1.7642710099	16
13015	13015	93667	93667	76.05	77.70	80.10	74.88	76.83	78.83	76.22	78.42	80.22	75.72	77.65	79.72	1.76470754817	16
13031	13031	93651	93651	76.12	77.62	80.17	74.97	76.75	78.78	76.40	78.40	80.17	75.83	77.59	79.71	1.76204000161	16
13047	13047	93635	93635	75.97	77.65	80.15	74.97	76.88	78.85	76.35	78.33	80.17	75.77	77.62	79.72	1.76526368606	16
13063	13063	93619	93619	75.97	77.65	80.10	74.90	76.78	78.75	76.30	78.05	80.10	75.72	77.49	79.65	1.7645288568	16
13079	13079	93603	93603	75.92	77.88	80.20	74.97	76.70	78.83	76.35	78.00	80.12	75.75	77.53	79.72	1.76795239896	16
13095	13095	93587	93587	75.83	78.00	80.30	75.15	76.65	78.75	76.55	78.05	79.97	75.84	77.57	79.67	1.77549428132	16
13111	13111	93571	93571	76.08	77.95	80.22	74.95	76.55	78.70	76.55	77.95	79.92	75.86	77.48	79.62	1.78111714599	16
13127	13127	93555	93555	75.95	77.80	80.17	74.88	76.45	78.53	76.53	78.03	79.78	75.78	77.42	79.49	1.77654143562	16
13143	13143	93539	93539	75.83	77.78	80.05	75.10	76.33	78.47	76.65	78.15	79.85	75.86	77.42	79.46	1.77813685605	16
13159	13159	93523	93523	75.90	77.67	79.95	75.03	76.25	78.38	76.60	77.92	79.90	75.84	77.28	79.41	1.77225240218	16
13175	13175	93507	93507	75.80	77.70	79.92	74.92	76.47	78.47	76.53	77.95	79.95	75.75	77.38	79.45	1.77653157426	16
13191	13191	93491	93491	75.78	77.90	79.83	74.80	76.50	78.47	76.55	77.83	79.92	75.71	77.41	79.41	1.78086170007	16
13207	13207	93475	93475	75.85	78.03	79.83	74.92	76.35	78.53	76.72	77.85	80.00	75.83	77.41	79.45	1.77728142787	16
13223	13223	93459	93459	75.83	77.80	79.62	74.85	76.35	78.42	76.60	77.85	79.72	75.76	77.33	79.26	1.77907700811	16
13239	13239	93443	93443	75.78	77.80	79.58	74.80	76.15	78.35	76.65	77.80	79.83	75.74	77.25	79.25	1.77764071611	16
13255	13255	93427	93427	76.00	77.92	79.60	74.72	75.92	78.33	76.72	77.85	79.83	75.82	77.23	79.25	1.7781968611	16
13271	13271	93411	93411	76.08	78.03	79.67	74.90	76.10	78.30	76.62	77.70	79.72	75.87	77.28	79.23	1.77627547989	16
13287	13287	93395	93395	76.05	77.92	79.75	74.78	75.95	78.30	76.85	77.70	79.78	75.89	77.19	79.28	1.77877045972	16
13303	13303	93379	93379	76.17	78.15	79.88	74.60	76.05	78.28	76.62	77.67	79.92	75.80	77.29	79.36	1.78083295749	16
13319	13319	93363	93363	76.20	78.30	79.92	74.42	75.85	78.10	76.65	77.75	79.78	75.76	77.30	79.27	1.78200892902	16
13335	13335	93347	93347	76.17	78.40	79.97	74.33	75.92	78.03	76.70	77.72	79.78	75.73	77.35	79.26	1.78383087455	16
13351	13351	93331	93331	76.20	78.25	80.03	74.42	76.03	78.05	76.55	77.80	79.70	75.72	77.36	79.26	1.78102143401	16
13367	13367	93315	93315	76.25	78.17	79.95	74.42	75.88	77.92	76.70	77.80	79.70	75.79	77.28	79.19	1.77730317532	16
13383	13383	93299	93299	76.28	78.17	80.22	74.28	75.95	77.83	76.85	77.62	79.80	75.80	77.25	79.28	1.77807712939	16
13399	13399	93283	93283	76.35	78.25	80.15	74.35	75.75	77.78	76.88	77.67	79.80	75.86	77.22	79.24	1.7817257304	16
13415	13415	93267	93267	76.53	78.22	80.30	74.40	75.75	77.83	76.60	77.60	79.78	75.84	77.19	79.30	1.78287453428	16
13431	13431	93251	93251	76.35	78.30	80.33	74.25	75.60	77.75	76.70	77.65	79.75	75.77	77.18	79.28	1.78195999692	16
13447	13447	93235	93235	76.17	78.33	80.25	74.20	75.50	77.53	76.60	77.50	79.72	75.66	77.11	79.17	1.7822191399	16
13463	13463	93219	93219	76.00	78.22	80.30	74.10	75.47	77.50	76.55	77.42	79.60	75.55	77.04	79.13	1.78553195223	16
13479	13479	93203	93203	75.80	78.33	80.38	74.17	75.40	77.50	76.55	77.55	79.55	75.51	77.09	79.14	1.78367192114	16
13495	13495	93187	93187	75.88	78.45	80.28	74.28	75.47	77.42	76.58	77.62	79.55	75.58	77.18	79.08	1.78308268012	16
