12120	12120	94562	94562	75.08	77.75	79.85	74.53	77.65	79.25	75.30	78.53	79.90	74.97	77.97	79.67	6.51049468233
12120	12120	94562	94562	75.08	77.75	79.85	74.58	77.65	79.25	75.28	78.53	79.88	74.97	77.97	79.66	5.24115611785	9
12129	12129	94553	94553	75.10	77.95	79.60	74.47	77.47	79.22	74.95	78.78	79.85	74.84	78.07	79.56	4.05932055337	9
12138	12138	94544	94544	75.15	77.95	79.55	74.47	77.17	79.25	74.83	78.60	79.62	74.82	77.91	79.47	3.45042467006	9
12147	12147	94535	94535	75.03	77.85	79.55	74.20	77.58	79.17	74.25	79.03	79.33	74.49	78.15	79.35	3.16968466615	9
12156	12156	94526	94526	74.83	77.80	79.35	74.10	77.40	78.97	74.20	78.85	79.60	74.38	78.02	79.31	2.94111852484	9
12165	12165	94517	94517	74.58	77.60	79.30	73.70	77.50	78.95	74.10	78.75	79.40	74.12	77.95	79.22	2.79449958295	9
12174	12174	94508	94508	74.45	77.65	79.22	73.62	77.67	78.85	73.72	78.58	79.25	73.93	77.97	79.11	2.67069474211	9
12183	12183	94499	94499	74.05	77.53	78.92	73.65	77.30	78.45	73.67	78.53	79.20	73.79	77.78	78.86	2.56619661012	9
12192	12192	94490	94490	73.83	77.53	78.88	73.38	77.12	78.28	73.47	78.40	79.12	73.56	77.68	78.76	2.44881918897	9
12201	12201	94481	94481	73.62	77.58	78.72	73.40	77.20	78.20	73.28	78.38	79.08	73.43	77.72	78.67	2.39720084018	9
12210	12210	94472	94472	73.28	77.45	78.55	73.47	76.88	78.00	73.35	78.15	78.92	73.37	77.49	78.49	2.35799905223	9
12219	12219	94463	94463	73.45	77.40	78.62	73.38	76.83	77.90	73.42	78.05	78.80	73.42	77.42	78.44	2.30235065015	9
12228	12228	94454	94454	73.38	77.17	78.55	73.17	76.85	77.80	73.45	77.97	78.78	73.33	77.33	78.38	2.26217711514	9
12237	12237	94445	94445	73.42	77.28	78.42	73.33	76.70	77.85	73.40	78.08	78.78	73.38	77.35	78.35	2.22705181544	9
12246	12246	94436	94436	73.28	77.10	78.33	73.17	76.62	77.78	73.35	77.88	78.50	73.27	77.20	78.20	2.18929323279	9
12255	12255	94427	94427	73.28	77.17	78.30	73.17	76.33	77.75	73.33	77.70	78.50	73.26	77.07	78.18	2.14508191123	9
12264	12264	94418	94418	73.38	77.17	78.28	73.15	76.60	77.78	73.45	77.47	78.45	73.33	77.08	78.17	2.11344803627	9
12273	12273	94409	94409	73.25	77.15	78.30	73.10	76.40	77.83	73.50	77.67	78.38	73.28	77.08	78.17	2.09286773545	9
12282	12282	94400	94400	73.28	77.25	78.22	73.15	76.38	77.83	73.33	77.67	78.38	73.25	77.10	78.14	2.06787633591	9
12291	12291	94391	94391	73.45	77.08	78.25	73.20	76.35	77.78	73.45	77.58	78.25	73.37	77.00	78.09	2.04896525828	9
12300	12300	94382	94382	73.53	76.88	78.12	73.33	76.30	77.67	73.60	77.53	78.12	73.48	76.90	77.97	2.02229939044	9
12309	12309	94373	94373	73.60	76.78	78.20	73.25	76.25	77.67	73.58	77.45	78.28	73.47	76.83	78.05	2.01453309977	9
12318	12318	94364	94364	73.70	76.83	78.15	73.30	76.47	77.80	73.55	77.25	78.30	73.52	76.85	78.08	2.00167886223	9
12327	12327	94355	94355	73.70	76.80	78.12	73.15	76.40	77.85	73.75	77.25	78.25	73.53	76.82	78.08	1.97556495371	9
12336	12336	94346	94346	73.83	76.97	78.03	73.12	76.42	77.75	73.60	77.33	78.22	73.52	76.91	78.00	1.9649848703	9
12345	12345	94337	94337	73.70	77.00	78.00	73.25	76.55	77.80	73.78	77.28	78.28	73.58	76.94	78.03	1.94880228003	9
12354	12354	94328	94328	73.67	77.17	78.08	73.20	76.53	77.85	73.90	77.20	78.30	73.59	76.97	78.08	1.94046824462	9
12363	12363	94319	94319	73.60	77.10	78.12	73.22	76.53	77.83	73.92	77.25	78.35	73.58	76.96	78.10	1.92986965462	9
12372	12372	94310	94310	73.95	77.20	78.12	73.42	76.65	77.85	73.78	77.30	78.28	73.72	77.05	78.08	1.92743621581	9
12381	12381	94301	94301	73.80	77.17	78.22	73.22	76.62	77.90	73.83	77.33	78.35	73.62	77.04	78.16	1.91917331009	9
12390	12390	94292	94292	73.92	77.33	78.25	73.28	76.72	77.95	73.90	77.50	78.38	73.70	77.18	78.19	1.89817361657	9
12399	12399	94283	94283	73.95	77.35	78.38	73.35	76.78	78.00	73.88	77.58	78.35	73.72	77.23	78.24	1.89305035251	9
12408	12408	94274	94274	74.00	77.38	78.28	73.35	76.75	78.10	73.80	77.65	78.30	73.72	77.26	78.22	1.88725866348	9
12417	12417	94265	94265	74.00	77.55	78.33	73.30	76.60	78.03	73.92	77.67	78.35	73.74	77.28	78.23	1.87893300725	9
12426	12426	94256	94256	74.20	77.53	78.22	73.33	76.83	78.03	74.22	77.75	78.40	73.92	77.37	78.22	1.87210588239	9
12435	12435	94247	94247	74.17	77.42	78.35	73.28	76.72	78.08	74.33	77.70	78.50	73.92	77.28	78.31	1.86355082586	9
12444	12444	94238	94238	74.47	77.40	78.30	73.58	76.60	78.03	74.55	77.40	78.53	74.20	77.13	78.28	1.85941353481	9
12453	12453	94229	94229	74.38	77.28	78.40	73.47	76.72	78.05	74.55	77.30	78.58	74.13	77.10	78.34	1.85647821462	9
12462	12462	94220	94220	74.38	77.38	78.47	73.45	76.75	78.12	74.38	77.35	78.67	74.07	77.16	78.42	1.85231779964	9
12471	12471	94211	94211	74.45	77.58	78.47	73.53	76.58	78.22	74.72	77.45	78.78	74.23	77.20	78.49	1.84835064873	9
12480	12480	94202	94202	74.47	77.70	78.53	73.62	76.70	78.15	74.80	77.78	78.70	74.30	77.39	78.46	1.84518799627	9
12489	12489	94193	94193	74.55	77.72	78.58	73.45	76.78	78.00	74.85	77.85	78.67	74.28	77.45	78.42	1.83971755156	9
12498	12498	94184	94184	74.65	77.70	78.50	73.47	76.83	78.17	74.80	77.85	78.83	74.31	77.46	78.50	1.83686791869	9
12507	12507	94175	94175	74.78	77.75	78.60	73.42	76.80	78.20	74.92	77.92	78.97	74.38	77.49	78.59	1.83954184488	9
12516	12516	94166	94166	74.75	77.67	78.67	73.70	76.97	78.17	74.90	77.90	79.00	74.45	77.52	78.62	1.83597532183	9
12525	12525	94157	94157	74.88	77.67	79.12	73.80	76.95	78.22	74.88	78.03	79.00	74.52	77.55	78.78	1.82834125386	9
12534	12534	94148	94148	75.03	77.62	79.12	73.80	77.12	78.28	74.92	77.97	78.95	74.58	77.58	78.78	1.8238002757	9
12543	12543	94139	94139	75.03	77.65	79.25	74.00	77.17	78.38	75.08	78.12	78.92	74.70	77.65	78.85	1.82363702797	9
12552	12552	94130	94130	75.12	77.70	79.25	74.08	77.22	78.33	75.00	78.22	79.03	74.73	77.72	78.87	1.81910344231	9
12561	12561	94121	94121	75.17	77.62	79.30	74.15	77.08	78.38	74.95	78.33	79.22	74.76	77.67	78.97	1.81954915661	9
12570	12570	94112	94112	75.33	77.62	79.47	74.15	77.15	78.28	75.05	78.28	79.17	74.84	77.68	78.97	1.81180761826	9
12579	12579	94103	94103	75.22	77.67	79.38	74.20	77.08	78.30	74.97	78.28	79.15	74.80	77.67	78.94	1.81001435497	9
12588	12588	94094	94094	75.20	77.75	79.35	74.08	77.15	78.22	75.17	78.30	79.15	74.82	77.73	78.91	1.81062692737	9
12597	12597	94085	94085	75.25	77.58	79.40	74.05	77.08	78.35	75.20	78.47	79.28	74.83	77.71	79.01	1.80571298879	9
12606	12606	94076	94076	75.17	77.67	79.47	74.05	77.22	78.47	75.15	78.50	79.25	74.79	77.80	79.07	1.7992495459	9
12615	12615	94067	94067	75.35	77.70	79.50	74.17	77.15	78.55	75.25	78.47	79.25	74.92	77.78	79.10	1.79650805795	9
12624	12624	94058	94058	75.38	77.78	79.58	74.35	77.30	78.53	75.33	78.47	79.25	75.02	77.85	79.12	1.7980114649	9
12633	12633	94049	94049	75.47	77.70	79.60	74.53	77.40	78.67	75.50	78.50	79.45	75.17	77.87	79.24	1.79409510317	9
12642	12642	94040	94040	75.47	77.62	79.72	74.45	77.40	78.70	75.50	78.40	79.38	75.14	77.81	79.27	1.78917876988	9
12651	12651	94031	94031	75.42	77.65	79.78	74.55	77.45	78.75	75.62	78.50	79.45	75.20	77.87	79.33	1.79134454233	9
12660	12660	94022	94022	75.40	77.72	79.80	74.65	77.35	78.80	75.62	78.45	79.45	75.22	77.84	79.35	1.79079755533	9
12669	12669	94013	94013	75.45	77.67	79.78	74.60	77.30	78.83	75.72	78.53	79.33	75.26	77.83	79.31	1.78621877292	9
12678	12678	94004	94004	75.42	77.62	79.65	74.62	77.33	78.90	75.53	78.47	79.47	75.19	77.81	79.34	1.78679442782	9
12687	12687	93995	93995	75.47	77.72	79.67	74.62	77.20	78.90	75.60	78.60	79.47	75.23	77.84	79.35	1.78410794707	9
12696	12696	93986	93986	75.42	77.65	79.72	74.62	77.25	78.85	75.65	78.58	79.65	75.23	77.83	79.41	1.78295133781	9
12705	12705	93977	93977	75.45	77.75	79.60	74.75	77.30	78.95	75.62	78.70	79.55	75.28	77.92	79.37	1.77872841347	9
12714	12714	93968	93968	75.83	77.85	79.78	74.92	77.25	79.03	75.67	78.67	79.53	75.47	77.92	79.44	1.78434942731	9
12723	12723	93959	93959	75.70	77.92	79.80	74.92	77.42	79.03	75.70	78.60	79.67	75.44	77.98	79.50	1.77894600452	9
12732	12732	93950	93950	75.65	77.97	79.83	74.97	77.47	78.88	75.75	78.67	79.70	75.46	78.04	79.47	1.78179100173	9
12741	12741	93941	93941	75.75	77.83	79.75	75.22	77.42	78.88	75.75	78.65	79.70	75.58	77.97	79.44	1.77733275191	9
12750	12750	93932	93932	75.75	77.95	79.92	75.17	77.35	78.72	75.85	78.67	79.80	75.59	77.99	79.48	1.77656059721	9
12759	12759	93923	93923	75.72	77.95	79.80	75.28	77.22	78.62	75.92	78.62	79.70	75.64	77.93	79.38	1.77711006891	9
12768	12768	93914	93914	75.78	77.80	79.92	75.05	77.33	78.70	75.85	78.67	79.78	75.56	77.93	79.47	1.77744138726	9
12777	12777	93905	93905	75.83	77.80	79.83	75.05	77.55	78.75	75.95	78.67	79.72	75.61	78.01	79.43	1.77676033851	9
12786	12786	93896	93896	75.83	77.80	79.83	75.08	77.45	78.78	76.00	78.47	79.75	75.63	77.91	79.45	1.7742896593	9
12795	12795	93887	93887	75.88	77.90	79.72	75.03	77.50	78.80	76.03	78.40	79.78	75.64	77.93	79.43	1.77567765972	9
12804	12804	93878	93878	75.80	77.85	79.75	75.00	77.38	78.88	76.12	78.58	79.83	75.64	77.93	79.48	1.77001226242	9
12813	12813	93869	93869	75.83	77.78	79.75	75.10	77.25	78.80	76.22	78.42	79.83	75.72	77.82	79.46	1.76966224096	9
12822	12822	93860	93860	75.97	77.78	79.78	74.88	77.08	78.75	76.20	78.42	79.88	75.68	77.76	79.47	1.77076335645	9
12831	12831	93851	93851	75.80	77.60	79.80	75.10	76.90	78.62	76.00	78.45	79.67	75.63	77.65	79.37	1.77101781287	9
12840	12840	93842	93842	75.88	77.58	79.83	75.12	76.85	78.58	76.30	78.40	79.67	75.77	77.61	79.36	1.76900464341	9
12849	12849	93833	93833	75.95	77.53	79.83	75.20	77.08	78.65	76.22	78.55	79.75	75.79	77.72	79.41	1.77037245072	9
12858	12858	93824	93824	76.05	77.67	79.78	75.17	77.08	78.72	76.12	78.55	79.78	75.78	77.77	79.42	1.76792181884	9
12867	12867	93815	93815	75.95	77.70	79.78	75.20	77.05	78.83	75.97	78.60	79.75	75.71	77.78	79.45	1.77122280554	9
12876	12876	93806	93806	76.08	77.65	79.85	75.22	77.20	78.90	76.12	78.58	79.83	75.81	77.81	79.53	1.77447973601	9
12885	12885	93797	93797	76.00	77.70	80.22	75.25	77.10	78.85	76.17	78.38	79.88	75.81	77.72	79.65	1.77266461124	9
12894	12894	93788	93788	75.90	78.00	80.20	75.20	77.28	78.85	76.12	78.60	80.03	75.74	77.96	79.69	1.77888537528	9
12903	12903	93779	93779	76.00	77.92	80.08	75.15	77.12	78.83	76.08	78.38	80.08	75.74	77.81	79.66	1.77283341885	9
12912	12912	93770	93770	76.00	77.90	80.03	75.15	77.12	78.88	76.10	78.47	80.05	75.75	77.83	79.65	1.77218994944	9
12921	12921	93761	93761	76.08	77.97	80.20	75.15	77.12	78.83	75.92	78.55	80.15	75.72	77.88	79.72	1.76763051226	9
12930	12930	93752	93752	76.08	78.03	80.17	75.25	77.08	78.97	75.92	78.50	80.12	75.75	77.87	79.76	1.77017279475	9
12939	12939	93743	93743	75.97	77.88	80.08	75.35	77.20	79.00	76.00	78.40	80.12	75.78	77.83	79.73	1.76891002056	9
12948	12948	93734	93734	76.03	77.83	80.00	75.12	77.10	79.10	76.00	78.45	80.17	75.72	77.79	79.76	1.77343582092	9
12957	12957	93725	93725	75.88	77.78	80.10	75.12	77.22	79.12	75.92	78.40	80.22	75.64	77.80	79.82	1.77017004163	9
12966	12966	93716	93716	75.95	77.80	80.08	75.15	77.10	79.12	76.10	78.33	80.15	75.73	77.74	79.78	1.7676762217	9
12975	12975	93707	93707	75.95	77.90	80.12	75.20	77.08	79.17	76.17	78.38	80.15	75.78	77.78	79.82	1.77022060128	9
12984	12984	93698	93698	75.92	77.88	80.00	75.17	77.05	79.15	76.10	78.30	80.10	75.73	77.74	79.75	1.77227871898	9
12993	12993	93689	93689	75.88	77.85	79.97	75.22	76.92	79.12	76.12	78.25	80.17	75.74	77.67	79.76	1.77690466393	9
13002	13002	93680	93680	75.95	77.85	80.03	75.10	77.05	79.03	76.17	78.25	80.10	75.74	77.72	79.72	1.774473043	9
13011	13011	93671	93671	75.90	77.65	80.00	75.12	76.95	78.97	76.17	78.28	80.10	75.73	77.62	79.69	1.77400493006	9
13020	13020	93662	93662	75.92	77.85	80.08	75.08	77.03	78.92	76.20	78.20	80.03	75.73	77.69	79.67	1.77711882622	9
13029	13029	93653	93653	75.92	77.55	80.03	75.05	76.92	78.97	76.38	78.28	80.08	75.78	77.58	79.69	1.77581321423	9
13038	13038	93644	93644	76.03	77.60	79.95	75.03	77.05	78.92	76.40	78.22	80.05	75.82	77.62	79.64	1.77137811945	9
13047	13047	93635	93635	75.88	77.62	79.95	74.97	77.00	78.90	76.45	78.17	80.03	75.77	77.60	79.62	1.77188694466	9
13056	13056	93626	93626	75.92	77.62	79.92	74.95	76.95	78.75	76.45	78.00	80.03	75.78	77.53	79.57	1.77475060392	9
13065	13065	93617	93617	75.95	77.67	79.95	75.05	76.90	78.60	76.55	78.03	80.03	75.85	77.53	79.53	1.77800015715	9
13074	13074	93608	93608	76.03	77.72	79.92	75.10	76.95	78.72	76.58	78.03	79.88	75.90	77.57	79.51	1.78154095888	9
13083	13083	93599	93599	75.95	77.83	79.85	75.08	76.65	78.70	76.53	78.15	79.97	75.85	77.54	79.51	1.78878388492	9
13092	13092	93590	93590	76.00	77.90	79.88	75.05	76.60	78.65	76.65	77.95	80.03	75.90	77.48	79.52	1.78378727965	9
13101	13101	93581	93581	76.08	77.75	79.83	75.15	76.60	78.65	76.60	77.90	79.95	75.94	77.42	79.47	1.78298370899	9
13110	13110	93572	93572	75.92	77.75	79.88	75.15	76.58	78.67	76.47	77.83	79.97	75.85	77.38	79.51	1.78008904811	9
13119	13119	93563	93563	76.03	77.65	79.83	75.12	76.58	78.60	76.53	77.90	79.90	75.89	77.38	79.44	1.7787392188	9
13128	13128	93554	93554	75.95	77.70	79.80	75.15	76.38	78.58	76.55	78.10	79.88	75.88	77.39	79.42	1.78001167678	9
13137	13137	93545	93545	76.05	77.80	79.80	75.15	76.45	78.53	76.60	78.00	79.97	75.93	77.42	79.43	1.77948097813	9
13146	13146	93536	93536	75.97	77.88	79.80	75.05	76.55	78.55	76.78	77.90	79.80	75.93	77.44	79.38	1.77573633107	9
13155	13155	93527	93527	76.00	78.00	79.83	74.92	76.50	78.53	76.78	77.88	79.78	75.90	77.46	79.38	1.77278826605	9
13164	13164	93518	93518	76.12	78.00	79.65	74.95	76.50	78.42	76.80	77.83	79.83	75.96	77.44	79.30	1.77324649431	9
13173	13173	93509	93509	76.05	77.90	79.70	74.92	76.38	78.45	76.85	77.85	79.88	75.94	77.38	79.34	1.77963115708	9
13182	13182	93500	93500	76.17	77.90	79.42	75.00	76.42	78.42	76.92	77.72	79.85	76.03	77.35	79.23	1.77271593455	9
13191	13191	93491	93491	76.17	77.78	79.55	74.95	76.20	78.35	76.88	77.72	79.78	76.00	77.23	79.22	1.77869314166	9
13200	13200	93482	93482	76.12	77.72	79.47	75.03	76.25	78.38	76.90	77.85	79.75	76.02	77.28	79.20	1.78107759823	9
13209	13209	93473	93473	76.15	77.62	79.45	74.95	76.15	78.38	76.85	77.70	79.83	75.98	77.16	79.22	1.78089389966	9
13218	13218	93464	93464	76.05	77.65	79.38	74.83	76.20	78.30	76.83	77.67	79.78	75.90	77.17	79.15	1.77685767199	9
13227	13227	93455	93455	75.90	77.62	79.42	74.90	76.33	78.38	76.80	77.78	79.67	75.87	77.24	79.16	1.77492535376	9
13236	13236	93446	93446	76.00	77.67	79.55	74.95	76.33	78.42	76.75	77.67	79.67	75.90	77.22	79.22	1.77637091577	9
13245	13245	93437	93437	76.08	77.85	79.60	74.90	76.15	78.40	76.88	77.58	79.65	75.95	77.19	79.22	1.77851422309	9
13254	13254	93428	93428	76.15	77.83	79.62	74.67	76.05	78.50	76.72	77.60	79.67	75.85	77.16	79.27	1.77860641977	9
13263	13263	93419	93419	76.15	77.80	79.75	74.65	76.00	78.40	76.70	77.45	79.65	75.83	77.08	79.27	1.77967083773	9
13272	13272	93410	93410	76.20	77.83	79.75	74.58	76.10	78.35	76.72	77.35	79.70	75.83	77.09	79.27	1.77954688785	9
13281	13281	93401	93401	76.12	77.88	79.90	74.60	76.08	78.25	76.78	77.50	79.70	75.83	77.15	79.28	1.77879467957	9
13290	13290	93392	93392	76.15	77.92	79.75	74.55	76.03	78.15	76.72	77.38	79.62	75.81	77.11	79.17	1.78092765234	9
13299	13299	93383	93383	76.25	78.10	79.90	74.65	75.92	78.12	76.67	77.50	79.67	75.86	77.17	79.23	1.77753841786	9
13308	13308	93374	93374	76.12	78.10	79.95	74.55	76.05	78.05	76.62	77.55	79.67	75.77	77.23	79.22	1.77900100317	9
13317	13317	93365	93365	76.12	78.10	79.88	74.58	76.10	77.95	76.62	77.47	79.80	75.78	77.22	79.21	1.78042155172	9
13326	13326	93356	93356	76.05	78.15	79.92	74.50	76.03	78.03	76.70	77.55	79.80	75.75	77.24	79.25	1.77960990679	9
13335	13335	93347	93347	76.15	78.17	79.90	74.53	76.08	78.10	76.85	77.47	79.72	75.84	77.24	79.24	1.77893996613	9
13344	13344	93338	93338	76.17	77.97	79.90	74.53	76.03	78.15	76.78	77.38	79.75	75.83	77.12	79.27	1.78145273744	9
13353	13353	93329	93329	76.17	77.90	79.88	74.45	75.97	78.10	76.65	77.42	79.67	75.76	77.10	79.22	1.78097195194	9
