12120	12120	94562	94562	75.10	77.75	79.85	74.58	77.65	79.25	75.28	78.53	79.88	74.98	77.97	79.66	2.57568092027
12120	12120	94262	94262	75.08	77.75	79.88	74.58	77.65	79.25	75.30	78.53	79.88	74.98	77.97	79.67	2.29978041391	200
12320	12320	94062	94062	74.78	77.85	79.08	74.03	77.60	78.95	74.60	78.53	79.55	74.47	77.99	79.19	1.90847781753	200
12520	12520	93862	93862	75.40	77.65	79.42	74.53	77.55	79.30	75.38	78.35	79.40	75.10	77.85	79.38	1.80714533772	200
12720	12720	93662	93662	75.83	77.80	79.55	74.60	77.62	79.22	75.67	78.40	79.62	75.37	77.94	79.47	1.76588000157	200
12920	12920	93462	93462	75.95	77.97	80.08	74.97	77.78	79.15	76.50	78.60	79.78	75.81	78.12	79.67	1.75926753965	200
13120	13120	93262	93262	76.15	78.10	80.22	75.17	77.92	79.08	76.72	78.92	80.20	76.02	78.32	79.83	1.74365534084	200
13320	13320	93062	93062	76.25	78.47	79.95	75.35	77.75	78.78	76.90	78.88	80.33	76.17	78.37	79.68	1.73764306519	200
13520	13520	92862	92862	76.17	78.55	79.55	75.03	77.08	78.55	76.88	78.58	80.25	76.03	78.07	79.45	1.74246899631	200
13720	13720	92662	92662	76.30	77.83	79.92	74.62	76.95	78.25	76.85	78.22	79.78	75.92	77.67	79.32	1.74791869983	200
13920	13920	92462	92462	76.25	77.47	79.85	74.70	76.58	77.62	76.88	77.62	79.45	75.94	77.22	78.97	1.74667046025	200
14120	14120	92262	92262	76.38	77.08	79.50	74.45	75.83	76.72	76.92	76.95	79.15	75.92	76.62	78.46	1.75439657364	200
14320	14320	92062	92062	76.22	76.35	79.05	74.53	74.90	76.47	76.70	76.53	78.90	75.82	75.92	78.14	1.76413178596	200
14520	14520	91862	91862	75.90	75.85	78.17	74.08	74.62	76.10	76.35	75.85	78.40	75.44	75.44	77.56	1.771560884	200
14720	14720	91662	91662	75.40	75.60	77.60	73.38	74.28	75.70	75.62	75.62	78.05	74.80	75.17	77.12	1.77191203112	200
14920	14920	91462	91462	74.88	75.17	77.05	73.30	73.75	75.33	75.38	75.15	77.70	74.52	74.69	76.69	1.77437338966	200
15120	15120	91262	91262	74.47	74.58	76.50	72.88	73.38	75.12	75.30	74.78	76.92	74.22	74.24	76.18	1.78000164238	200
15320	15320	91062	91062	74.12	74.40	76.20	72.53	72.97	74.72	75.03	74.62	76.85	73.89	74.00	75.92	1.78949149554	200
15520	15520	90862	90862	74.03	73.97	75.65	72.38	72.75	74.25	74.60	74.47	76.40	73.67	73.73	75.43	1.79033415123	200
15720	15720	90662	90662	73.58	73.67	75.38	72.17	72.33	73.95	74.35	74.30	75.95	73.37	73.43	75.09	1.79157874033	200
15920	15920	90462	90462	73.20	73.50	74.90	71.70	72.10	73.67	73.90	74.22	75.55	72.93	73.28	74.71	1.79261989735	200
16120	16120	90262	90262	72.72	72.95	74.38	71.35	71.80	72.95	73.15	73.67	75.08	72.41	72.81	74.13	1.79391774904	200
16320	16320	90062	90062	72.35	72.80	74.00	71.08	71.53	72.58	73.20	73.78	74.60	72.21	72.70	73.72	1.80089762893	200
16520	16520	89862	89862	71.92	72.58	73.62	71.08	70.97	72.30	72.95	73.47	74.38	71.98	72.34	73.43	1.80421918657	200
16720	16720	89662	89662	71.47	72.10	73.35	70.67	70.67	71.75	72.53	73.05	73.88	71.56	71.94	72.99	1.80396055555	200
16920	16920	89462	89462	71.00	71.75	72.67	70.12	70.28	71.42	72.05	72.80	73.35	71.06	71.61	72.48	1.810924142	200
17120	17120	89262	89262	70.83	71.60	72.30	69.95	70.15	71.25	71.80	72.83	73.15	70.86	71.53	72.23	1.81165354151	200
17320	17320	89062	89062	70.67	71.17	71.88	69.80	69.85	70.90	71.53	72.58	72.97	70.67	71.20	71.92	1.81417630418	200
17520	17520	88862	88862	70.28	70.80	71.42	69.35	69.55	70.33	71.03	72.35	72.33	70.22	70.90	71.36	1.81823317105	200
17720	17720	88662	88662	70.35	70.58	71.08	69.08	69.05	69.95	70.72	71.83	72.12	70.05	70.48	71.05	1.81856465623	200
17920	17920	88462	88462	69.90	70.22	70.53	68.85	68.80	69.58	70.40	71.58	71.70	69.72	70.20	70.60	1.82055761438	200
18120	18120	88262	88262	69.65	69.88	70.25	68.40	68.45	69.20	70.28	71.22	71.33	69.44	69.85	70.26	1.82349899114	200
18320	18320	88062	88062	68.97	69.53	69.95	68.17	68.08	68.97	70.03	70.90	71.05	69.06	69.50	69.99	1.8255008842	200
18520	18520	87862	87862	68.80	69.15	69.72	68.05	67.70	68.58	69.83	70.33	70.67	68.89	69.06	69.66	1.8262725982	200
18720	18720	87662	87662	68.17	68.78	69.22	67.62	67.60	68.53	69.38	70.10	70.33	68.39	68.83	69.36	1.82937621081	200
18920	18920	87462	87462	67.88	68.40	68.92	67.30	67.20	67.95	69.00	69.70	70.03	68.06	68.43	68.97	1.83083852536	200
19120	19120	87262	87262	67.42	68.00	68.47	67.03	67.00	67.70	68.90	69.40	69.88	67.78	68.13	68.68	1.83130342499	200
19320	19320	87062	87062	67.12	67.90	68.20	66.72	66.90	67.28	68.67	69.22	69.80	67.51	68.01	68.42	1.83405103038	200
19520	19520	86862	86862	66.88	67.72	67.70	66.42	66.72	67.03	68.50	69.05	69.47	67.27	67.83	68.07	1.8346479828	200
19720	19720	86662	86662	66.80	67.28	67.40	66.00	66.78	66.65	68.42	68.70	69.17	67.08	67.58	67.74	1.83542397474	200
19920	19920	86462	86462	66.65	67.10	67.22	65.85	66.75	66.28	68.00	68.42	68.72	66.83	67.42	67.41	1.83679955475	200
20120	20120	86262	86262	66.28	66.75	67.00	65.65	66.47	66.15	67.65	68.08	68.50	66.53	67.10	67.22	1.83833153327	200
20320	20320	86062	86062	66.17	66.53	66.55	65.42	66.35	65.97	67.42	67.85	68.33	66.34	66.91	66.95	1.83991744914	200
20520	20520	85862	85862	65.83	66.40	66.50	65.22	66.38	65.72	67.22	67.83	68.03	66.09	66.87	66.75	1.83975316733	200
20720	20720	85662	85662	65.47	66.30	66.28	65.12	66.38	65.58	67.20	67.50	67.90	65.93	66.72	66.58	1.84078236544	200
20920	20920	85462	85462	65.22	65.97	65.97	65.05	66.05	65.42	66.85	67.38	67.60	65.71	66.47	66.33	1.84091048829	200
21120	21120	85262	85262	65.12	65.83	65.88	64.85	65.80	65.38	66.83	67.20	67.42	65.60	66.28	66.22	1.84155014602	200
21320	21320	85062	85062	64.92	65.78	65.62	64.60	65.65	65.08	66.45	67.08	67.20	65.33	66.17	65.97	1.84045079758	200
21520	21520	84862	84862	64.75	65.55	65.17	64.35	65.42	64.85	66.25	66.88	66.97	65.12	65.95	65.67	1.84197320002	200
21720	21720	84662	84662	64.67	65.53	64.95	64.12	65.20	64.50	66.17	66.62	66.75	64.99	65.78	65.40	1.84357635144	200
21920	21920	84462	84462	64.45	65.40	64.90	64.05	65.05	64.30	66.17	66.47	66.70	64.89	65.64	65.30	1.84429672286	200
22120	22120	84262	84262	64.30	65.17	64.67	63.75	64.78	64.17	65.92	66.28	66.55	64.66	65.41	65.13	1.84484234261	200
22320	22320	84062	84062	64.10	64.95	64.55	63.42	64.67	63.92	65.60	66.08	66.30	64.38	65.23	64.92	1.84560098236	200
22520	22520	83862	83862	63.80	65.05	64.40	63.30	64.53	63.80	65.35	65.95	66.05	64.15	65.17	64.75	1.84765904431	200
22720	22720	83662	83662	63.58	64.78	64.38	63.02	64.53	63.52	65.03	65.67	65.85	63.88	64.99	64.58	1.8482483471	200
22920	22920	83462	83462	63.27	64.75	64.30	62.85	64.35	63.40	64.88	65.55	65.70	63.67	64.88	64.47	1.84810869837	200
23120	23120	83262	83262	63.30	64.58	64.17	62.70	64.12	63.17	64.78	65.20	65.35	63.59	64.63	64.23	1.84902444562	200
23320	23320	83062	83062	63.02	64.33	63.92	62.30	64.00	62.92	64.67	64.92	65.22	63.33	64.42	64.03	1.85048810235	200
23520	23520	82862	82862	62.83	64.30	63.65	62.02	64.00	62.83	64.42	64.92	64.88	63.09	64.41	63.78	1.85082523942	200
23720	23720	82662	82662	62.70	64.12	63.55	61.95	63.77	62.73	64.25	64.78	64.65	62.97	64.22	63.64	1.85142748379	200
23920	23920	82462	82462	62.27	63.90	63.25	61.70	63.67	62.65	63.98	64.75	64.55	62.65	64.11	63.48	1.85246933572	200
24120	24120	82262	82262	62.10	63.73	63.08	61.40	63.50	62.48	63.83	64.60	64.40	62.44	63.94	63.32	1.85334822777	200
24320	24320	82062	82062	61.88	63.60	62.98	61.38	63.30	62.33	63.65	64.33	64.05	62.30	63.74	63.12	1.85443764659	200
24520	24520	81862	81862	61.73	63.58	62.80	61.17	63.15	62.25	63.33	64.28	63.80	62.08	63.67	62.95	1.85306073902	200
24720	24720	81662	81662	61.62	63.27	62.62	61.00	63.12	61.98	63.05	64.12	63.70	61.89	63.51	62.77	1.85430830253	200
24920	24920	81462	81462	61.50	63.30	62.42	60.95	62.92	61.90	62.85	64.12	63.40	61.77	63.45	62.58	1.85675761232	200
25120	25120	81262	81262	61.52	63.23	62.35	60.92	62.77	61.73	62.77	63.92	63.20	61.74	63.31	62.42	1.85719827366	200
25320	25320	81062	81062	61.48	63.17	62.20	60.77	62.60	61.60	62.65	63.90	63.15	61.63	63.23	62.32	1.85768509718	200
25520	25520	80862	80862	61.25	63.02	62.12	60.73	62.42	61.45	62.27	63.65	63.02	61.42	63.03	62.20	1.85760808643	200
25720	25720	80662	80662	61.02	62.95	61.98	60.50	62.58	61.30	62.12	63.62	62.83	61.22	63.05	62.03	1.85856342548	200
25920	25920	80462	80462	60.90	62.67	61.67	60.33	62.40	61.20	62.08	63.52	62.73	61.10	62.87	61.87	1.85889927574	200
26120	26120	80262	80262	60.75	62.60	61.48	60.15	62.27	61.00	61.90	63.42	62.67	60.93	62.77	61.72	1.85883560829	200
26320	26320	80062	80062	60.40	62.50	61.20	60.05	62.20	60.90	61.65	63.35	62.50	60.70	62.68	61.53	1.85961087163	200
26520	26520	79862	79862	60.20	62.33	61.05	59.90	62.20	60.80	61.45	63.17	62.35	60.52	62.57	61.40	1.85978581748	200
26720	26720	79662	79662	60.17	62.12	60.90	59.83	61.88	60.73	61.27	63.02	61.95	60.42	62.34	61.19	1.85993656242	200
26920	26920	79462	79462	60.23	62.08	60.80	59.70	61.75	60.58	61.35	62.80	61.75	60.42	62.21	61.04	1.86141010501	200
27120	27120	79262	79262	60.15	61.92	60.65	59.55	61.52	60.35	61.25	62.70	61.62	60.32	62.05	60.88	1.86214546644	200
27320	27320	79062	79062	60.00	61.62	60.52	59.48	61.48	60.12	61.05	62.48	61.58	60.17	61.86	60.74	1.86260099031	200
27520	27520	78862	78862	59.98	61.33	60.30	59.52	61.38	59.98	60.98	62.35	61.45	60.16	61.68	60.58	1.8627493195	200
27720	27720	78662	78662	59.85	61.30	60.20	59.30	61.30	59.92	60.88	62.33	61.25	60.01	61.64	60.46	1.864034262	200
27920	27920	78462	78462	59.75	61.10	60.08	59.17	61.25	59.85	60.70	62.17	61.02	59.88	61.51	60.32	1.86570940541	200
28120	28120	78262	78262	59.70	61.20	59.90	58.95	61.08	59.77	60.58	62.10	60.92	59.74	61.46	60.20	1.86650185264	200
28320	28320	78062	78062	59.62	61.20	59.75	58.80	61.08	59.60	60.40	62.00	60.75	59.61	61.42	60.03	1.86728378004	200
28520	28520	77862	77862	59.50	60.95	59.55	58.65	61.00	59.52	60.15	61.90	60.60	59.43	61.28	59.89	1.86890646285	200
28720	28720	77662	77662	59.35	61.00	59.48	58.60	60.70	59.40	60.00	61.85	60.40	59.32	61.18	59.76	1.87066948927	200
28920	28920	77462	77462	59.40	60.80	59.20	58.52	60.38	59.27	59.80	61.52	60.17	59.24	60.90	59.55	1.87163892555	200
29120	29120	77262	77262	59.25	60.70	59.17	58.38	60.23	59.08	59.73	61.35	59.88	59.12	60.76	59.38	1.87246952208	200
29320	29320	77062	77062	59.17	60.60	59.08	58.27	60.08	58.95	59.65	61.45	59.75	59.03	60.71	59.26	1.87417799354	200
29520	29520	76862	76862	59.00	60.50	59.02	58.20	60.10	58.88	59.50	61.38	59.55	58.90	60.66	59.15	1.87444959635	200
29720	29720	76662	76662	58.90	60.42	58.90	58.08	60.00	58.73	59.33	61.40	59.58	58.77	60.61	59.07	1.87450946909	200
29920	29920	76462	76462	58.83	60.35	58.70	57.95	59.92	58.58	59.23	61.25	59.50	58.67	60.51	58.92	1.87554920729	200
30120	30120	76262	76262	58.70	60.23	58.62	57.90	59.85	58.42	59.12	61.08	59.35	58.58	60.38	58.80	1.87684775748	200
30320	30320	76062	76062	58.55	60.15	58.50	57.90	59.52	58.38	58.98	61.08	59.30	58.48	60.25	58.73	1.87797682771	200
30520	30520	75862	75862	58.48	60.12	58.40	57.75	59.42	58.17	58.77	61.00	59.20	58.33	60.18	58.59	1.87880187606	200
30720	30720	75662	75662	58.30	60.17	58.27	57.67	59.15	58.05	58.67	60.95	59.05	58.22	60.09	58.46	1.87992271476	200
30920	30920	75462	75462	58.17	60.02	58.20	57.62	59.12	57.88	58.62	60.85	58.90	58.14	60.00	58.33	1.88086922779	200
31120	31120	75262	75262	58.12	60.00	58.17	57.42	59.10	57.80	58.40	60.65	58.75	57.98	59.92	58.24	1.88208025833	200
31320	31320	75062	75062	58.05	59.88	58.12	57.23	59.08	57.80	58.27	60.55	58.50	57.85	59.83	58.14	1.88362385881	200
31520	31520	74862	74862	57.90	59.65	58.02	57.10	58.98	57.77	58.15	60.50	58.50	57.72	59.71	58.10	1.88454498878	200
31720	31720	74662	74662	57.83	59.52	57.98	57.08	58.98	57.60	58.05	60.40	58.40	57.65	59.63	57.99	1.88648664527	200
31920	31920	74462	74462	57.88	59.35	57.90	57.02	58.92	57.58	57.88	60.27	58.27	57.59	59.52	57.92	1.88773383815	200
32120	32120	74262	74262	57.90	59.12	57.80	57.02	58.88	57.52	57.80	60.20	58.17	57.58	59.40	57.83	1.8890862966	200
32320	32320	74062	74062	57.80	59.02	57.70	56.90	58.77	57.45	57.70	60.20	58.08	57.47	59.33	57.74	1.88996083107	200
32520	32520	73862	73862	57.75	59.05	57.58	56.98	58.70	57.45	57.65	60.12	57.98	57.46	59.29	57.67	1.89100548299	200
32720	32720	73662	73662	57.67	59.00	57.62	56.90	58.73	57.35	57.58	60.12	57.98	57.38	59.28	57.65	1.89256824986	200
32920	32920	73462	73462	57.60	58.92	57.62	56.90	58.62	57.17	57.45	60.00	57.80	57.32	59.18	57.53	1.8937224675	200
33120	33120	73262	73262	57.55	58.75	57.62	56.77	58.60	57.12	57.40	59.92	57.90	57.24	59.09	57.55	1.89478844883	200
33320	33320	73062	73062	57.55	58.70	57.62	56.70	58.40	57.05	57.27	59.85	57.77	57.17	58.98	57.48	1.89615272816	200
33520	33520	72862	72862	57.35	58.73	57.52	56.55	58.30	57.02	57.35	59.90	57.65	57.08	58.98	57.40	1.89752977761	200
33720	33720	72662	72662	57.27	58.75	57.52	56.42	58.23	56.95	57.27	59.85	57.67	56.99	58.94	57.38	1.89830216963	200
33920	33920	72462	72462	57.17	58.77	57.50	56.40	58.20	56.90	57.20	59.92	57.67	56.92	58.97	57.36	1.89892242249	200
34120	34120	72262	72262	57.02	58.67	57.45	56.27	58.15	56.88	56.92	59.75	57.58	56.74	58.86	57.30	1.90013655393	200
34320	34320	72062	72062	56.95	58.58	57.45	56.25	58.17	56.83	56.88	59.70	57.55	56.69	58.82	57.27	1.90066844379	200
34520	34520	71862	71862	56.92	58.58	57.45	56.17	58.10	56.80	56.75	59.50	57.55	56.62	58.73	57.27	1.90187586878	200
34720	34720	71662	71662	56.85	58.48	57.42	56.23	58.02	56.73	56.65	59.48	57.50	56.58	58.66	57.22	1.90239569181	200
34920	34920	71462	71462	56.77	58.48	57.42	56.23	58.05	56.75	56.60	59.40	57.42	56.53	58.64	57.20	1.90385580316	200
35120	35120	71262	71262	56.80	58.40	57.30	56.15	57.98	56.73	56.58	59.35	57.40	56.51	58.58	57.14	1.90384844538	200
35320	35320	71062	71062	56.75	58.30	57.30	56.12	57.90	56.67	56.58	59.38	57.30	56.48	58.52	57.09	1.90408671227	200
35520	35520	70862	70862	56.70	58.30	57.17	55.95	57.83	56.65	56.45	59.35	57.30	56.37	58.49	57.04	1.90496349937	200
35720	35720	70662	70662	56.62	58.25	57.15	55.85	57.83	56.70	56.48	59.30	57.25	56.32	58.46	57.03	1.9054334345	200
35920	35920	70462	70462	56.50	58.30	57.10	55.85	57.70	56.67	56.48	59.23	57.25	56.27	58.41	57.01	1.9057041544	200
36120	36120	70262	70262	56.45	58.23	57.08	55.80	57.67	56.62	56.38	59.12	57.15	56.21	58.34	56.95	1.90564035393	200
36320	36320	70062	70062	56.45	58.30	57.08	55.75	57.70	56.55	56.38	59.02	57.08	56.19	58.34	56.90	1.9056599225	200
36520	36520	69862	69862	56.35	58.25	57.08	55.70	57.67	56.52	56.38	59.00	57.05	56.14	58.31	56.88	1.90566996927	200
36720	36720	69662	69662	56.27	58.25	57.02	55.73	57.62	56.55	56.25	59.00	57.05	56.08	58.29	56.88	1.90601973337	200
36920	36920	69462	69462	56.23	58.17	57.00	55.65	57.60	56.55	56.23	58.95	57.08	56.03	58.24	56.88	1.90647515859	200
37120	37120	69262	69262	56.17	58.08	56.95	55.52	57.55	56.40	56.20	58.88	57.02	55.97	58.17	56.79	1.90717541814	200
37320	37320	69062	69062	56.17	58.05	56.90	55.48	57.45	56.40	56.17	58.80	57.00	55.94	58.10	56.77	1.90778725817	200
37520	37520	68862	68862	56.15	57.98	56.90	55.45	57.45	56.40	56.15	58.85	57.05	55.92	58.09	56.78	1.90839548759	200
37720	37720	68662	68662	56.05	57.98	56.90	55.35	57.40	56.30	56.15	58.77	57.00	55.85	58.05	56.73	1.9086612299	200
37920	37920	68462	68462	56.00	58.02	56.85	55.30	57.42	56.30	56.08	58.65	56.92	55.79	58.03	56.69	1.9087843474	200
38120	38120	68262	68262	55.98	58.00	56.85	55.23	57.38	56.23	56.08	58.65	56.90	55.76	58.01	56.66	1.90936649001	200
38320	38320	68062	68062	55.95	57.92	56.75	55.17	57.38	56.02	55.98	58.55	56.85	55.70	57.95	56.54	1.91003018405	200
38520	38520	67862	67862	55.83	57.95	56.70	55.08	57.40	55.95	55.95	58.62	56.75	55.62	57.99	56.47	1.91036730408	200
38720	38720	67662	67662	55.77	57.85	56.58	55.02	57.38	55.95	55.92	58.50	56.70	55.58	57.91	56.41	1.91070500554	200
38920	38920	67462	67462	55.55	57.88	56.58	55.00	57.33	55.95	55.83	58.45	56.65	55.46	57.88	56.39	1.91050826169	200
39120	39120	67262	67262	55.45	57.77	56.50	54.90	57.30	55.95	55.70	58.52	56.52	55.35	57.87	56.33	1.91112928591	200
39320	39320	67062	67062	55.35	57.77	56.48	54.90	57.27	55.92	55.70	58.48	56.45	55.32	57.84	56.28	1.91140467103	200
39520	39520	66862	66862	55.35	57.70	56.45	54.77	57.25	55.85	55.65	58.48	56.40	55.26	57.81	56.23	1.9115887955	200
39720	39720	66662	66662	55.30	57.73	56.42	54.65	57.20	55.85	55.55	58.45	56.30	55.17	57.79	56.19	1.91171656601	200
39920	39920	66462	66462	55.38	57.75	56.40	54.58	57.17	55.80	55.48	58.38	56.23	55.14	57.77	56.14	1.91242609556	200
40120	40120	66262	66262	55.23	57.62	56.30	54.52	57.20	55.70	55.40	58.30	56.23	55.05	57.71	56.08	1.91340336215	200
40320	40320	66062	66062	55.25	57.50	56.23	54.42	57.15	55.67	55.40	58.15	56.17	55.02	57.60	56.02	1.91367094011	200
40520	40520	65862	65862	55.17	57.42	56.20	54.35	57.20	55.65	55.25	58.15	56.10	54.92	57.59	55.98	1.91405220288	200
40720	40720	65662	65662	55.17	57.45	56.25	54.33	57.25	55.58	55.25	58.10	56.08	54.92	57.60	55.97	1.91438394799	200
40920	40920	65462	65462	55.12	57.48	56.17	54.27	57.17	55.48	55.23	58.08	56.05	54.88	57.58	55.90	1.91520460195	200
41120	41120	65262	65262	55.12	57.45	56.17	54.20	57.05	55.42	55.15	58.05	56.02	54.83	57.52	55.88	1.91624070121	197
41317	41317	65065	65065	55.08	57.40	56.12	54.15	57.08	55.45	55.17	58.00	55.98	54.80	57.49	55.85	1.91706166574	200
41517	41517	64865	64865	55.10	57.40	56.02	54.12	57.05	55.45	55.17	58.00	55.92	54.80	57.48	55.80	1.91699122377	200
41717	41717	64665	64665	55.08	57.42	56.00	54.15	57.08	55.45	55.08	57.95	55.85	54.77	57.48	55.77	1.91739311586	200
41917	41917	64465	64465	55.02	57.35	55.92	54.05	56.98	55.38	54.90	57.92	55.85	54.66	57.42	55.72	1.91783396603	200
42117	42117	64265	64265	55.00	57.33	55.95	54.02	57.00	55.35	54.95	57.92	55.83	54.66	57.42	55.71	1.91845243704	200
42317	42317	64065	64065	54.92	57.35	55.83	53.90	56.98	55.30	54.85	57.95	55.75	54.56	57.42	55.62	1.91855617007	200
42517	42517	63865	63865	54.77	57.27	55.73	53.92	57.02	55.25	54.77	57.95	55.73	54.49	57.42	55.57	1.91901436964	200
42717	42717	63665	63665	54.75	57.25	55.70	53.95	56.95	55.25	54.77	57.85	55.67	54.49	57.35	55.54	1.91895820817	200
42917	42917	63465	63465	54.70	57.15	55.65	53.88	56.90	55.25	54.77	57.83	55.65	54.45	57.29	55.52	1.91938997423	200
43117	43117	63265	63265	54.70	57.23	55.70	53.88	56.88	55.20	54.77	57.75	55.52	54.45	57.28	55.48	1.92005261149	200
43317	43317	63065	63065	54.73	57.17	55.65	53.88	56.85	55.17	54.70	57.70	55.50	54.43	57.24	55.44	1.92005459607	200
43517	43517	62865	62865	54.73	57.23	55.60	53.83	56.90	55.17	54.75	57.73	55.50	54.43	57.28	55.42	1.92083968274	200
43717	43717	62665	62665	54.65	57.05	55.52	53.77	56.80	55.08	54.70	57.65	55.50	54.38	57.17	55.37	1.92168715654	200
43917	43917	62465	62465	54.58	57.08	55.52	53.80	56.85	55.05	54.70	57.55	55.40	54.36	57.16	55.33	1.92267915944	200
44117	44117	62265	62265	54.58	57.10	55.50	53.75	56.70	55.00	54.60	57.50	55.35	54.31	57.10	55.28	1.92384373794	200
44317	44317	62065	62065	54.55	57.08	55.48	53.75	56.65	54.95	54.55	57.48	55.30	54.28	57.07	55.24	1.92498679568	200
44517	44517	61865	61865	54.55	57.02	55.50	53.77	56.65	54.88	54.52	57.48	55.30	54.28	57.05	55.23	1.9253627702	200
44717	44717	61665	61665	54.55	57.08	55.50	53.75	56.62	54.85	54.50	57.40	55.27	54.27	57.03	55.21	1.92599283489	200
44917	44917	61465	61465	54.52	57.08	55.50	53.77	56.62	54.85	54.45	57.42	55.23	54.25	57.04	55.19	1.92701318682	200
45117	45117	61265	61265	54.55	57.08	55.50	53.70	56.65	54.85	54.42	57.42	55.27	54.23	57.05	55.21	1.92756573595	200
45317	45317	61065	61065	54.52	57.00	55.52	53.70	56.62	54.80	54.40	57.40	55.33	54.21	57.01	55.22	1.9277647811	200
45517	45517	60865	60865	54.55	57.00	55.48	53.65	56.67	54.83	54.42	57.38	55.23	54.21	57.02	55.17	1.92788737696	200
45717	45717	60665	60665	54.52	56.95	55.45	53.60	56.67	54.83	54.42	57.33	55.17	54.18	56.98	55.15	1.92797508224	200
45917	45917	60465	60465	54.55	56.92	55.42	53.58	56.65	54.80	54.38	57.35	55.15	54.17	56.98	55.12	1.92847242319	200
46117	46117	60265	60265	54.55	56.85	55.40	53.45	56.58	54.80	54.38	57.38	55.12	54.12	56.93	55.11	1.92882696463	200
46317	46317	60065	60065	54.55	56.85	55.40	53.45	56.60	54.85	54.33	57.33	55.12	54.11	56.92	55.12	1.9288909611	200
46517	46517	59865	59865	54.48	56.83	55.35	53.42	56.55	54.80	54.33	57.35	55.10	54.08	56.91	55.08	1.9292652493	200
46717	46717	59665	59665	54.48	56.88	55.33	53.38	56.50	54.77	54.35	57.23	55.10	54.07	56.87	55.07	1.92961575701	200
46917	46917	59465	59465	54.42	56.90	55.30	53.40	56.45	54.77	54.30	57.17	55.10	54.04	56.84	55.06	1.9299782136	200
47117	47117	59265	59265	54.42	56.80	55.35	53.40	56.45	54.80	54.33	57.15	55.10	54.05	56.80	55.08	1.93013049967	200
47317	47317	59065	59065	54.40	56.67	55.33	53.40	56.45	54.75	54.30	57.10	55.10	54.03	56.74	55.06	1.93031061583	200
47517	47517	58865	58865	54.45	56.62	55.33	53.45	56.45	54.75	54.27	57.02	55.08	54.06	56.70	55.05	1.93022418769	200
47717	47717	58665	58665	54.42	56.62	55.30	53.48	56.38	54.70	54.27	56.98	55.05	54.06	56.66	55.02	1.9308146678	200
47917	47917	58465	58465	54.42	56.60	55.27	53.45	56.33	54.70	54.27	57.02	55.05	54.05	56.65	55.01	1.93098418475	200
48117	48117	58265	58265	54.40	56.62	55.30	53.38	56.30	54.67	54.25	57.02	55.00	54.01	56.65	54.99	1.93149315204	200
48317	48317	58065	58065	54.40	56.60	55.23	53.42	56.23	54.58	54.23	56.98	55.05	54.02	56.60	54.95	1.93144524712	200
48517	48517	57865	57865	54.42	56.58	55.20	53.40	56.27	54.60	54.27	56.95	55.00	54.03	56.60	54.93	1.93229421989	200
48717	48717	57665	57665	54.40	56.65	55.20	53.38	56.17	54.60	54.25	56.92	55.00	54.01	56.58	54.93	1.93226775376	200
48917	48917	57465	57465	54.33	56.58	55.25	53.38	56.15	54.62	54.25	56.95	55.00	53.98	56.56	54.96	1.93277580117	200
49117	49117	57265	57265	54.35	56.48	55.15	53.40	56.23	54.65	54.25	56.92	55.00	54.00	56.54	54.93	1.93286496367	200
49317	49317	57065	57065	54.33	56.48	55.10	53.38	56.25	54.60	54.20	56.88	55.00	53.97	56.53	54.90	1.93315320508	200
49517	49517	56865	56865	54.33	56.48	55.15	53.40	56.27	54.62	54.23	56.83	54.95	53.98	56.52	54.91	1.93404144437	200
49717	49717	56665	56665	54.33	56.40	55.15	53.40	56.35	54.65	54.23	56.80	54.95	53.98	56.52	54.92	1.93436400183	200
49917	49917	56465	56465	54.30	56.38	55.15	53.38	56.35	54.65	54.23	56.67	54.88	53.97	56.47	54.89	1.93531598091	200
50117	50117	56265	56265	54.35	56.35	55.12	53.38	56.30	54.62	54.25	56.65	54.83	53.99	56.43	54.86	1.93625824486	200
50317	50317	56065	56065	54.33	56.30	55.12	53.35	56.20	54.60	54.23	56.50	54.75	53.97	56.33	54.83	1.93707392752	200
50517	50517	55865	55865	54.33	56.25	55.05	53.35	56.17	54.55	54.23	56.48	54.75	53.97	56.30	54.78	1.93752239424	200
50717	50717	55665	55665	54.23	56.25	55.05	53.33	56.17	54.52	54.23	56.40	54.73	53.92	56.27	54.77	1.93870827598	200
50917	50917	55465	55465	54.17	56.17	55.00	53.30	56.10	54.45	54.23	56.38	54.73	53.90	56.22	54.73	1.94035670384	200
51117	51117	55265	55265	54.25	56.17	55.00	53.30	56.10	54.45	54.23	56.38	54.70	53.92	56.22	54.72	1.94127549976	200
51317	51317	55065	55065	54.23	56.15	55.00	53.33	56.00	54.50	54.25	56.35	54.70	53.93	56.17	54.73	1.9426222428	200
51517	51517	54865	54865	54.25	56.10	54.95	53.33	55.98	54.50	54.23	56.38	54.67	53.93	56.15	54.71	1.9442837682	200
51717	51717	54665	54665	54.23	56.02	54.92	53.38	56.00	54.50	54.23	56.45	54.65	53.94	56.16	54.69	1.94596349982	200
51917	51917	54465	54465	54.20	56.02	54.92	53.38	56.00	54.50	54.23	56.48	54.65	53.93	56.17	54.69	1.94745661023	200
52117	52117	54265	54265	54.15	56.12	54.92	53.38	55.98	54.50	54.23	56.40	54.65	53.92	56.17	54.69	1.94837805718	200
52317	52317	54065	54065	54.10	56.15	54.92	53.38	55.95	54.52	54.20	56.40	54.62	53.89	56.17	54.69	1.94786723103	200
52517	52517	53865	53865	54.10	56.17	54.92	53.40	55.98	54.55	54.17	56.42	54.62	53.89	56.19	54.70	1.94802364177	200
52717	52717	53665	53665	54.10	56.15	54.92	53.35	55.95	54.55	54.15	56.45	54.62	53.87	56.18	54.70	1.94793689507	200
52917	52917	53465	53465	54.10	56.10	54.90	53.38	55.98	54.55	54.17	56.38	54.62	53.88	56.15	54.69	1.94715032996	200
53117	53117	53265	53265	54.15	56.08	54.90	53.38	55.98	54.55	54.20	56.38	54.65	53.91	56.14	54.70	1.94653010731	200
53317	53317	53065	53065	54.10	56.05	54.88	53.40	56.00	54.55	54.23	56.33	54.65	53.91	56.12	54.69	1.9460100783	200
53517	53517	52865	52865	54.05	56.02	54.88	53.40	56.02	54.58	54.20	56.35	54.62	53.88	56.13	54.69	1.94594157071	200
53717	53717	52665	52665	54.08	56.05	54.88	53.42	56.05	54.55	54.17	56.33	54.65	53.89	56.14	54.69	1.94593384296	200
53917	53917	52465	52465	54.05	56.08	54.88	53.40	56.02	54.55	54.15	56.35	54.65	53.87	56.15	54.69	1.94565940023	200
54117	54117	52265	52265	54.05	56.10	54.88	53.38	56.02	54.58	54.10	56.38	54.65	53.84	56.17	54.70	1.94536844676	200
54317	54317	52065	52065	54.02	56.08	54.85	53.38	56.02	54.58	54.05	56.35	54.65	53.82	56.15	54.69	1.9455894738	200
54517	54517	51865	51865	54.00	56.10	54.83	53.40	56.02	54.58	54.10	56.27	54.62	53.83	56.13	54.67	1.94522551055	200
54717	54717	51665	51665	54.00	56.02	54.85	53.42	56.05	54.58	54.12	56.25	54.67	53.85	56.11	54.70	1.94486911795	200
54917	54917	51465	51465	53.98	56.02	54.90	53.42	56.05	54.55	54.12	56.25	54.58	53.84	56.11	54.67	1.94421264361	200
55117	55117	51265	51265	53.98	56.00	54.90	53.40	56.02	54.58	54.12	56.27	54.60	53.83	56.10	54.69	1.9445117036	200
55317	55317	51065	51065	53.98	56.05	54.90	53.42	56.02	54.60	54.17	56.27	54.60	53.86	56.12	54.70	1.94446771805	200
55517	55517	50865	50865	54.00	56.08	54.88	53.40	56.02	54.60	54.17	56.30	54.60	53.86	56.13	54.69	1.94486611909	200
55717	55717	50665	50665	53.98	56.05	54.88	53.42	56.02	54.65	54.17	56.27	54.58	53.86	56.12	54.70	1.94582381987	200
55917	55917	50465	50465	53.98	56.05	54.88	53.48	56.02	54.62	54.15	56.25	54.58	53.87	56.11	54.69	1.94637252504	200
56117	56117	50265	50265	53.98	56.05	54.85	53.42	56.05	54.55	54.17	56.25	54.55	53.86	56.12	54.65	1.94653546557	200
56317	56317	50065	50065	53.98	56.05	54.85	53.45	56.08	54.62	54.17	56.23	54.55	53.87	56.12	54.67	1.94621063119	200
56517	56517	49865	49865	53.98	56.05	54.83	53.45	56.08	54.65	54.15	56.25	54.52	53.86	56.12	54.67	1.94612978101	200
56717	56717	49665	49665	54.00	56.05	54.83	53.42	56.08	54.65	54.17	56.25	54.58	53.87	56.12	54.68	1.94579440464	200
56917	56917	49465	49465	54.02	56.05	54.83	53.42	56.12	54.65	54.15	56.20	54.58	53.87	56.12	54.68	1.94517583215	200
57117	57117	49265	49265	54.05	56.08	54.90	53.42	56.10	54.67	54.17	56.20	54.58	53.88	56.12	54.72	1.944313275	200
57317	57317	49065	49065	54.05	56.02	54.90	53.45	56.17	54.67	54.15	56.17	54.62	53.88	56.12	54.73	1.94429826741	200
57517	57517	48865	48865	54.10	56.02	54.90	53.50	56.12	54.70	54.17	56.12	54.60	53.92	56.09	54.73	1.94299466626	200
57717	57717	48665	48665	54.12	56.02	54.90	53.52	56.08	54.65	54.17	56.10	54.62	53.94	56.07	54.73	1.94237006324	200
57917	57917	48465	48465	54.12	56.02	54.90	53.52	56.10	54.67	54.17	56.08	54.58	53.94	56.07	54.72	1.94177953507	200
58117	58117	48265	48265	54.10	56.00	54.88	53.48	56.10	54.67	54.23	56.05	54.52	53.93	56.05	54.69	1.94265845009	200
58317	58317	48065	48065	54.08	55.92	54.88	53.50	56.12	54.62	54.23	56.08	54.48	53.93	56.04	54.66	1.94230513655	200
58517	58517	47865	47865	54.12	55.95	54.88	53.48	56.08	54.67	54.25	56.05	54.50	53.95	56.02	54.68	1.94197395063	200
58717	58717	47665	47665	54.10	56.00	54.88	53.48	56.02	54.67	54.25	56.05	54.50	53.94	56.02	54.68	1.94125675401	200
58917	58917	47465	47465	54.10	55.98	54.88	53.45	56.00	54.77	54.27	56.05	54.48	53.94	56.01	54.71	1.94055823926	200
59117	59117	47265	47265	54.08	55.95	54.88	53.45	56.02	54.73	54.20	56.05	54.48	53.91	56.01	54.69	1.93919982286	200
59317	59317	47065	47065	54.08	55.90	54.88	53.48	55.95	54.75	54.23	56.05	54.50	53.92	55.97	54.71	1.93829077803	200
59517	59517	46865	46865	54.05	56.00	54.90	53.48	55.92	54.80	54.20	55.98	54.52	53.91	55.97	54.74	1.93780485384	200
59717	59717	46665	46665	54.05	56.05	54.90	53.48	55.95	54.80	54.23	56.02	54.50	53.92	56.01	54.73	1.93711752149	200
59917	59917	46465	46465	54.08	56.02	54.90	53.45	55.92	54.80	54.23	56.00	54.50	53.92	55.98	54.73	1.93786039245	200
60117	60117	46265	46265	54.05	56.08	54.90	53.42	55.90	54.80	54.25	56.10	54.52	53.91	56.02	54.74	1.93938364018	200
60317	60317	46065	46065	54.05	56.05	54.95	53.42	55.95	54.77	54.25	56.05	54.52	53.91	56.02	54.75	1.93997774401	200
60517	60517	45865	45865	54.08	56.05	54.92	53.45	55.95	54.75	54.25	56.05	54.55	53.92	56.02	54.74	1.93760450316	200
60717	60717	45665	45665	54.08	56.05	54.92	53.45	55.88	54.75	54.27	56.08	54.52	53.93	56.00	54.73	1.93528968214	200
60917	60917	45465	45465	54.05	56.05	54.92	53.45	55.77	54.80	54.27	56.10	54.55	53.92	55.98	54.76	1.93400806842	200
61117	61117	45265	45265	54.08	56.00	54.90	53.42	55.80	54.80	54.25	56.15	54.52	53.92	55.98	54.74	1.93358713769	200
61317	61317	45065	45065	53.98	56.00	54.90	53.40	55.77	54.80	54.25	56.10	54.55	53.88	55.96	54.75	1.93913906713	200
61517	61517	44865	44865	53.98	56.02	54.92	53.42	55.77	54.80	54.25	56.12	54.50	53.88	55.98	54.74	1.93335675752	200
61717	61717	44665	44665	53.98	55.98	54.90	53.40	55.85	54.83	54.25	56.10	54.52	53.88	55.98	54.75	1.93312400651	200
61917	61917	44465	44465	53.98	56.00	54.92	53.40	55.88	54.83	54.25	56.15	54.52	53.88	56.01	54.76	1.93249113175	200
62117	62117	44265	44265	53.98	56.00	54.92	53.40	55.90	54.83	54.23	56.12	54.48	53.87	56.01	54.74	1.93114240518	200
62317	62317	44065	44065	54.00	55.95	54.95	53.40	55.90	54.83	54.23	56.10	54.52	53.88	55.98	54.77	1.92906944554	200
62517	62517	43865	43865	54.00	55.92	54.95	53.40	55.83	54.83	54.23	56.17	54.55	53.88	55.98	54.77	1.92816926543	200
62717	62717	43665	43665	53.98	55.95	54.95	53.42	55.85	54.85	54.23	56.10	54.52	53.88	55.97	54.77	1.92949590594	200
62917	62917	43465	43465	53.98	55.98	54.95	53.40	55.83	54.83	54.23	56.10	54.52	53.87	55.97	54.77	1.93897032108	200
63117	63117	43265	43265	53.98	56.02	54.95	53.40	55.83	54.85	54.23	56.00	54.55	53.87	55.95	54.78	1.95485366119	200
63317	63317	43065	43065	53.98	56.02	54.95	53.40	55.88	54.88	54.20	56.02	54.50	53.86	55.98	54.77	1.96589358914	200
63517	63517	42865	42865	53.98	56.00	55.02	53.40	55.88	54.85	54.20	56.00	54.50	53.86	55.96	54.79	1.97342186595	200
63717	63717	42665	42665	53.98	56.00	55.05	53.40	55.88	54.85	54.20	55.95	54.50	53.86	55.94	54.80	1.97736236523	199
63916	63916	42466	42466	53.98	55.95	55.05	53.40	55.88	54.88	54.20	55.98	54.50	53.86	55.93	54.81	1.97818615299	200
64116	64116	42266	42266	53.98	56.00	55.08	53.40	55.85	54.88	54.20	55.98	54.52	53.86	55.94	54.83	1.97401353274	200
64316	64316	42066	42066	53.98	56.00	55.08	53.40	55.88	54.90	54.20	55.98	54.52	53.86	55.95	54.83	1.96258588405	200
64516	64516	41866	41866	53.98	56.05	55.08	53.40	55.88	54.95	54.17	55.95	54.50	53.85	55.96	54.84	1.9453606984	200
64716	64716	41666	41666	53.98	56.02	55.08	53.40	55.85	54.95	54.23	56.00	54.50	53.87	55.96	54.84	1.9350330656	200
64916	64916	41466	41466	53.98	56.02	55.10	53.42	55.88	54.95	54.20	56.02	54.52	53.87	55.98	54.86	1.93054154338	200
65116	65116	41266	41266	54.00	56.08	55.12	53.45	55.85	54.95	54.20	56.02	54.52	53.88	55.98	54.87	1.93053543688	200
65316	65316	41066	41066	54.00	56.10	55.15	53.40	55.83	54.92	54.17	56.02	54.52	53.86	55.98	54.87	1.9293019536	200
65516	65516	40866	40866	54.02	56.08	55.15	53.40	55.80	54.95	54.12	56.10	54.52	53.85	55.99	54.88	1.92551945918	200
65716	65716	40666	40666	54.02	56.10	55.15	53.42	55.83	54.95	54.10	56.15	54.50	53.85	56.02	54.87	1.9221825632	200
65916	65916	40466	40466	54.02	56.15	55.17	53.42	55.88	54.98	54.12	56.17	54.52	53.86	56.07	54.89	1.92046826293	200
66116	66116	40266	40266	53.98	56.15	55.17	53.42	55.88	55.05	54.17	56.17	54.50	53.86	56.07	54.91	1.91661338348	200
66316	66316	40066	40066	54.00	56.15	55.15	53.40	55.88	55.08	54.17	56.20	54.48	53.86	56.08	54.90	1.91484430069	200
66516	66516	39866	39866	53.92	56.10	55.12	53.42	55.90	55.08	54.17	56.27	54.52	53.84	56.09	54.91	1.9131043508	200
66716	66716	39666	39666	53.92	56.15	55.10	53.40	55.90	55.08	54.10	56.30	54.48	53.81	56.12	54.88	1.9125057905	200
66916	66916	39466	39466	53.88	56.12	55.12	53.40	55.88	55.00	54.08	56.35	54.42	53.78	56.12	54.85	1.91153344449	200
67116	67116	39266	39266	53.75	56.12	55.05	53.35	55.85	55.05	53.98	56.20	54.42	53.69	56.06	54.84	1.9227535196	200
67316	67316	39066	39066	53.77	56.15	54.98	53.30	55.85	55.05	53.92	56.17	54.35	53.67	56.06	54.79	1.96130297796	200
67516	67516	38866	38866	53.75	56.12	54.88	53.33	55.85	55.02	53.95	56.15	54.35	53.67	56.04	54.75	1.9618671272	200
67716	67716	38666	38666	53.77	56.17	54.90	53.20	55.83	55.02	53.95	56.12	54.35	53.64	56.04	54.76	1.9876928601	200
67916	67916	38466	38466	53.77	56.17	54.92	53.17	55.88	55.00	53.92	56.15	54.38	53.62	56.07	54.77	1.99871644183	200
68116	68116	38266	38266	53.77	56.17	54.92	53.17	55.88	55.00	53.95	56.15	54.35	53.63	56.07	54.76	1.99984276848	200
68316	68316	38066	38066	53.77	56.17	54.92	53.17	55.88	55.00	53.95	56.15	54.35	53.63	56.07	54.76	1.99889659655	200
68516	68516	37866	37866	53.77	56.17	54.92	53.17	55.88	55.00	53.95	56.15	54.35	53.63	56.07	54.76	1.99844691606	200
68716	68716	37666	37666	53.77	56.17	54.92	53.17	55.85	55.00	53.95	56.15	54.35	53.63	56.06	54.76	1.99736083722	200
68916	68916	37466	37466	53.77	56.17	54.92	53.17	55.85	55.00	53.95	56.15	54.35	53.63	56.06	54.76	1.9959709322	200
69116	69116	37266	37266	53.77	56.17	54.92	53.17	55.88	55.00	53.92	56.15	54.38	53.62	56.07	54.77	1.99333040743	200
69316	69316	37066	37066	53.77	56.17	54.92	53.17	55.85	55.00	53.90	56.17	54.35	53.62	56.07	54.76	1.98870320954	200
69516	69516	36866	36866	53.77	56.17	54.92	53.17	55.85	55.00	53.90	56.15	54.38	53.62	56.06	54.77	1.97932902017	200
69716	69716	36666	36666	53.77	56.15	54.92	53.17	55.88	55.05	53.92	56.17	54.42	53.62	56.07	54.80	1.96420910654	200
69916	69916	36466	36466	53.77	56.12	54.92	53.17	55.85	55.08	53.92	56.12	54.42	53.62	56.03	54.81	1.93423959173	200
70116	70116	36266	36266	53.77	56.12	54.92	53.17	55.85	55.02	53.92	56.10	54.42	53.62	56.02	54.79	1.91553160528	200
70316	70316	36066	36066	53.73	56.15	54.85	53.20	55.90	55.05	53.95	56.10	54.45	53.62	56.05	54.78	1.9091910011	200
70516	70516	35866	35866	53.67	56.17	54.90	53.23	55.90	55.05	53.98	56.17	54.48	53.62	56.08	54.81	1.90402283221	200
70716	70716	35666	35666	53.75	56.12	54.85	53.23	55.92	55.02	54.00	56.15	54.48	53.66	56.07	54.78	1.902817985	200
70916	70916	35466	35466	53.75	56.10	54.88	53.23	55.90	55.00	54.05	56.08	54.40	53.67	56.02	54.76	1.90071875036	200
71116	71116	35266	35266	53.73	56.10	54.88	53.23	55.90	55.00	54.05	56.10	54.42	53.67	56.03	54.77	1.89522663455	200
71316	71316	35066	35066	53.75	56.12	54.92	53.23	55.90	55.00	54.08	56.15	54.35	53.68	56.06	54.76	1.89688718249	200
71516	71516	34866	34866	53.83	56.10	54.90	53.20	55.98	55.02	54.08	55.98	54.30	53.70	56.02	54.74	1.9346087872	200
71716	71716	34666	34666	53.85	56.08	54.88	53.20	55.95	55.05	54.05	55.88	54.33	53.70	55.97	54.75	1.89280894887	200
71916	71916	34466	34466	53.90	56.10	54.88	53.20	56.00	55.05	54.10	55.95	54.30	53.73	56.02	54.74	1.89751803226	200
72116	72116	34266	34266	53.92	56.10	54.92	53.20	56.00	55.08	54.08	55.92	54.30	53.73	56.01	54.77	1.88599021129	200
72316	72316	34066	34066	53.95	56.10	54.95	53.25	56.02	55.08	54.10	55.90	54.30	53.77	56.01	54.77	1.88375092893	200
72516	72516	33866	33866	53.98	56.12	54.95	53.25	55.95	55.05	54.15	55.92	54.35	53.79	56.00	54.78	1.8848523786	200
72716	72716	33666	33666	53.92	56.15	54.95	53.25	55.92	55.05	54.23	55.95	54.35	53.80	56.01	54.78	1.87744779227	200
72916	72916	33466	33466	54.02	56.15	54.95	53.25	55.95	55.05	54.10	55.92	54.38	53.79	56.01	54.79	1.90578118953	200
73116	73116	33266	33266	54.27	56.15	54.98	53.98	55.95	54.92	54.27	56.00	54.38	54.17	56.03	54.76	1.98420813078	200
73316	73316	33066	33066	54.27	56.17	55.00	54.00	55.95	54.92	54.25	56.00	54.38	54.17	56.04	54.77	1.89021213643	200
73516	73516	32866	32866	54.27	56.25	55.02	54.00	55.95	54.92	54.27	55.98	54.38	54.18	56.06	54.77	1.87191693357	200
73716	73716	32666	32666	54.30	56.15	55.02	54.00	55.98	54.92	54.23	55.98	54.40	54.17	56.03	54.78	1.86575101878	200
73916	73916	32466	32466	54.33	56.17	54.98	53.98	56.02	54.95	54.23	56.00	54.38	54.17	56.07	54.77	1.86272047483	200
74116	74116	32266	32266	54.33	56.20	54.98	54.00	56.00	54.92	54.23	55.98	54.33	54.18	56.06	54.74	1.87407344654	200
74316	74316	32066	32066	54.30	56.20	55.00	53.98	56.02	54.98	54.25	56.05	54.35	54.17	56.09	54.77	1.85200923435	200
74516	74516	31866	31866	54.38	56.20	55.00	54.00	56.08	54.95	54.25	56.08	54.38	54.21	56.12	54.77	1.85331583799	200
74716	74716	31666	31666	54.38	56.08	55.02	54.00	56.05	54.92	54.23	56.02	54.42	54.20	56.05	54.79	1.87640854406	200
74916	74916	31466	31466	54.38	56.15	55.00	54.00	56.02	54.95	54.23	56.02	54.40	54.20	56.07	54.78	1.83924329258	200
75116	75116	31266	31266	54.38	56.17	55.02	54.02	56.12	54.92	54.20	55.98	54.40	54.20	56.09	54.78	1.83049540591	200
75316	75316	31066	31066	54.42	56.25	54.95	54.02	56.05	54.92	54.20	55.98	54.33	54.22	56.09	54.73	1.82553896264	200
75516	75516	30866	30866	54.48	56.15	54.98	54.00	56.00	54.95	54.20	55.90	54.33	54.23	56.02	54.75	1.83434455791	200
75716	75716	30666	30666	54.48	56.17	55.08	54.00	55.98	54.98	54.20	55.75	54.40	54.23	55.97	54.82	1.86192607907	200
75916	75916	30466	30466	54.48	56.25	55.10	54.00	55.92	54.98	54.20	55.67	54.40	54.23	55.95	54.83	1.89980687188	200
76116	76116	30266	30266	54.48	56.23	55.08	54.00	55.88	54.95	54.20	55.73	54.42	54.23	55.94	54.82	1.92589222907	200
76316	76316	30066	30066	54.48	56.25	55.05	53.98	55.75	54.85	54.20	55.62	54.45	54.22	55.88	54.78	1.9414296262	200
76516	76516	29866	29866	54.48	56.25	55.02	53.98	55.73	54.85	54.20	55.55	54.42	54.22	55.84	54.77	1.95240661654	200
76716	76716	29666	29666	54.48	56.23	55.02	53.98	55.67	54.83	54.20	55.48	54.40	54.22	55.79	54.75	1.9607334518	200
76916	76916	29466	29466	54.48	56.23	55.02	53.98	55.70	54.85	54.20	55.52	54.42	54.22	55.82	54.77	1.96780983503	200
77116	77116	29266	29266	54.48	56.25	55.05	53.98	55.67	54.85	54.20	55.50	54.42	54.22	55.81	54.77	1.97198679979	200
77316	77316	29066	29066	54.48	56.25	55.02	53.98	55.67	54.88	54.20	55.48	54.42	54.22	55.80	54.77	1.9755281845	200
77516	77516	28866	28866	54.48	56.25	55.02	53.95	55.62	54.88	54.20	55.48	54.42	54.21	55.78	54.77	1.97913871787	200
77716	77716	28666	28666	54.48	56.25	55.05	53.95	55.62	54.88	54.20	55.48	54.42	54.21	55.78	54.78	1.98223227087	200
77916	77916	28466	28466	54.48	56.25	55.05	53.95	55.65	54.88	54.20	55.50	54.40	54.21	55.80	54.77	1.98465396867	200
78116	78116	28266	28266	54.48	56.25	55.02	53.98	55.67	54.88	54.20	55.52	54.40	54.22	55.82	54.77	1.98670994288	200
78316	78316	28066	28066	54.48	56.23	55.05	53.98	55.67	54.88	54.20	55.52	54.40	54.22	55.81	54.77	1.98876793242	200
78516	78516	27866	27866	54.45	56.27	55.02	53.98	55.67	54.88	54.20	55.52	54.40	54.21	55.83	54.77	1.99018661018	200
78716	78716	27666	27666	54.48	56.25	55.02	54.00	55.67	54.88	54.20	55.52	54.42	54.23	55.82	54.77	1.99115330413	200
78916	78916	27466	27466	54.48	56.27	55.00	53.98	55.67	54.88	54.20	55.52	54.42	54.22	55.83	54.77	1.99181395506	200
79116	79116	27266	27266	54.48	56.25	55.02	54.00	55.65	54.88	54.20	55.50	54.42	54.23	55.80	54.77	1.9920186796	200
79316	79316	27066	27066	54.48	56.25	55.02	54.00	55.65	54.88	54.20	55.50	54.42	54.23	55.80	54.77	1.99168250998	200
79516	79516	26866	26866	54.48	56.27	55.02	54.00	55.65	54.88	54.20	55.52	54.42	54.23	55.82	54.77	1.99043277205	200
79716	79716	26666	26666	54.48	56.33	55.05	54.00	55.65	54.88	54.20	55.55	54.42	54.23	55.84	54.78	1.98790969408	200
79916	79916	26466	26466	54.48	56.30	55.02	54.00	55.65	54.88	54.20	55.55	54.42	54.23	55.83	54.77	1.9851058703	200
80116	80116	26266	26266	54.48	56.33	55.05	54.00	55.65	54.88	54.20	55.52	54.45	54.23	55.83	54.79	1.98188146792	200
80316	80316	26066	26066	54.42	56.33	55.08	54.00	55.65	54.88	54.17	55.52	54.45	54.20	55.83	54.80	1.97647842586	200
80516	80516	25866	25866	54.45	56.38	55.08	53.98	55.65	54.88	54.17	55.52	54.45	54.20	55.85	54.80	1.96762244348	200
80716	80716	25666	25666	54.45	56.40	55.05	54.02	55.65	54.90	54.17	55.58	54.45	54.22	55.88	54.80	1.95620188923	200
80916	80916	25466	25466	54.45	56.33	55.08	54.02	55.67	54.88	54.17	55.58	54.48	54.22	55.86	54.81	1.94281861887	200
81116	81116	25266	25266	54.48	56.38	55.08	54.02	55.65	54.88	54.17	55.55	54.48	54.23	55.86	54.81	1.91493860295	200
81316	81316	25066	25066	54.48	56.38	55.08	54.08	55.65	54.88	54.17	55.55	54.48	54.24	55.86	54.81	1.85662639111	200
81516	81516	24866	24866	54.50	56.40	55.08	54.08	55.65	54.88	54.15	55.50	54.50	54.24	55.85	54.82	1.83058735571	200
81716	81716	24666	24666	54.38	56.40	55.08	54.05	55.70	54.90	54.15	55.48	54.48	54.19	55.86	54.82	1.82535755475	200
81916	81916	24466	24466	54.33	56.42	55.02	54.00	55.70	54.92	54.17	55.45	54.50	54.17	55.86	54.82	1.80082447372	200
82116	82116	24266	24266	54.23	56.50	54.95	54.02	55.70	54.92	54.15	55.52	54.48	54.13	55.91	54.78	1.80038458021	200
82316	82316	24066	24066	54.15	56.45	54.88	54.00	55.62	54.85	54.08	55.58	54.48	54.08	55.88	54.73	1.85458300651	200
82516	82516	23866	23866	54.15	56.33	54.75	54.05	55.62	54.90	54.08	55.60	54.50	54.09	55.85	54.72	1.93930699619	200
82716	82716	23666	23666	54.15	56.30	54.73	54.05	55.60	54.90	54.08	55.60	54.50	54.09	55.83	54.71	1.97005714334	200
82916	82916	23466	23466	54.15	56.30	54.70	54.05	55.65	54.90	54.08	55.62	54.50	54.09	55.86	54.70	1.9882072311	200
83116	83116	23266	23266	54.12	56.33	54.70	54.05	55.65	54.90	54.08	55.62	54.50	54.08	55.87	54.70	1.97002476855	200
83316	83316	23066	23066	54.15	56.30	54.70	54.05	55.67	54.90	54.08	55.62	54.50	54.09	55.87	54.70	1.80575824879	200
83516	83516	22866	22866	54.12	56.25	54.67	54.02	55.70	54.90	54.08	55.60	54.45	54.08	55.85	54.67	1.7701399662	200
83716	83716	22666	22666	54.02	56.23	54.70	54.05	55.70	54.90	54.05	55.62	54.50	54.04	55.85	54.70	1.77470219907	200
83916	83916	22466	22466	53.88	56.23	54.70	54.00	55.67	54.85	54.05	55.60	54.50	53.98	55.83	54.68	1.86868625392	200
84116	84116	22266	22266	53.85	56.27	54.70	54.00	55.67	54.83	54.05	55.60	54.55	53.97	55.85	54.69	1.97345759328	200
84316	84316	22066	22066	53.85	56.23	54.70	54.00	55.67	54.83	54.02	55.60	54.55	53.96	55.83	54.69	1.98258662067	200
84516	84516	21866	21866	53.85	56.23	54.70	54.00	55.67	54.83	54.02	55.60	54.55	53.96	55.83	54.69	1.83885091682	200
84716	84716	21666	21666	53.85	56.27	54.70	54.00	55.67	54.83	54.00	55.58	54.60	53.95	55.84	54.71	1.75979964202	200
84916	84916	21466	21466	53.80	56.30	54.70	53.98	55.73	54.83	53.92	55.58	54.55	53.90	55.87	54.69	1.94555170547	200
85116	85116	21266	21266	53.80	56.33	54.70	53.92	55.70	54.83	53.92	55.58	54.58	53.88	55.87	54.70	1.99622850452	200
85316	85316	21066	21066	53.80	56.33	54.67	53.92	55.73	54.83	53.92	55.58	54.58	53.88	55.88	54.69	1.98525096372	200
85516	85516	20866	20866	53.80	56.33	54.67	53.95	55.75	54.83	53.92	55.58	54.58	53.89	55.88	54.69	1.79201977075	200
85716	85716	20666	20666	53.80	56.30	54.70	53.95	55.73	54.83	53.90	55.60	54.62	53.88	55.88	54.72	1.71907542914	200
