12120	12120	94562	94562	75.08	77.75	79.88	74.58	77.62	79.25	75.30	78.53	79.88	74.98	77.97	79.67	6.51049729516
12120	12120	94562	94562	75.03	77.75	79.85	74.55	77.62	79.25	75.30	78.53	79.90	74.96	77.97	79.67	5.24008069504	9
12129	12129	94553	94553	75.10	77.90	79.60	74.47	77.50	79.22	74.97	78.78	79.83	74.85	78.06	79.55	4.06025201484	9
12138	12138	94544	94544	75.15	77.92	79.55	74.42	77.17	79.25	74.80	78.58	79.62	74.79	77.89	79.47	3.45114269552	9
12147	12147	94535	94535	75.05	77.85	79.55	74.20	77.60	79.17	74.28	79.03	79.33	74.51	78.16	79.35	3.16914521356	9
12156	12156	94526	94526	74.80	77.80	79.35	74.10	77.38	78.97	74.20	78.85	79.60	74.37	78.01	79.31	2.94057464175	9
12165	12165	94517	94517	74.58	77.60	79.30	73.70	77.47	78.95	74.10	78.75	79.40	74.12	77.94	79.22	2.79464756655	9
12174	12174	94508	94508	74.40	77.62	79.22	73.62	77.67	78.88	73.72	78.53	79.25	73.92	77.94	79.12	2.6709358574	9
12183	12183	94499	94499	74.03	77.47	78.90	73.65	77.33	78.45	73.67	78.53	79.20	73.78	77.78	78.85	2.56569973069	9
12192	12192	94490	94490	73.85	77.55	78.88	73.40	77.10	78.25	73.47	78.38	79.12	73.58	77.67	78.75	2.44908003671	9
12201	12201	94481	94481	73.60	77.58	78.72	73.40	77.20	78.20	73.28	78.38	79.08	73.42	77.72	78.67	2.39673329	9
12210	12210	94472	94472	73.28	77.45	78.55	73.47	76.88	78.00	73.35	78.15	78.92	73.37	77.49	78.49	2.3582297592	9
12219	12219	94463	94463	73.42	77.38	78.62	73.35	76.80	77.90	73.42	78.05	78.78	73.40	77.41	78.43	2.3025705664	9
12228	12228	94454	94454	73.40	77.17	78.58	73.17	76.88	77.83	73.42	77.97	78.78	73.33	77.34	78.39	2.26098151141	9
12237	12237	94445	94445	73.42	77.28	78.42	73.33	76.70	77.85	73.40	78.10	78.78	73.38	77.36	78.35	2.22686828655	9
12246	12246	94436	94436	73.30	77.12	78.33	73.17	76.65	77.78	73.35	77.90	78.50	73.28	77.22	78.20	2.18851193865	9
12255	12255	94427	94427	73.28	77.15	78.33	73.17	76.35	77.75	73.30	77.67	78.47	73.25	77.06	78.18	2.14490809743	9
12264	12264	94418	94418	73.35	77.17	78.28	73.15	76.60	77.78	73.40	77.47	78.45	73.30	77.08	78.17	2.11303809384	9
12273	12273	94409	94409	73.25	77.15	78.30	73.10	76.40	77.83	73.53	77.65	78.38	73.29	77.07	78.17	2.09278841299	9
12282	12282	94400	94400	73.30	77.22	78.22	73.15	76.38	77.83	73.33	77.67	78.38	73.26	77.09	78.14	2.0682527712	9
12291	12291	94391	94391	73.40	77.05	78.25	73.22	76.35	77.75	73.47	77.58	78.25	73.37	76.99	78.08	2.04903611392	9
12300	12300	94382	94382	73.55	76.88	78.12	73.33	76.33	77.65	73.60	77.53	78.12	73.49	76.91	77.97	2.021962492	9
12309	12309	94373	94373	73.58	76.75	78.20	73.25	76.25	77.67	73.58	77.45	78.28	73.47	76.82	78.05	2.01476999579	9
12318	12318	94364	94364	73.70	76.83	78.17	73.30	76.50	77.83	73.55	77.22	78.30	73.52	76.85	78.10	2.00144201087	9
12327	12327	94355	94355	73.70	76.83	78.10	73.17	76.38	77.88	73.75	77.25	78.25	73.54	76.82	78.08	1.97604332741	9
12336	12336	94346	94346	73.83	76.97	78.05	73.15	76.40	77.75	73.65	77.33	78.22	73.54	76.90	78.01	1.96500206365	9
12345	12345	94337	94337	73.70	77.03	78.00	73.28	76.55	77.83	73.85	77.22	78.28	73.61	76.93	78.03	1.94887310428	9
12354	12354	94328	94328	73.65	77.15	78.10	73.28	76.50	77.83	73.88	77.25	78.22	73.60	76.97	78.05	1.9398535329	9
12363	12363	94319	94319	73.75	77.12	78.05	73.40	76.65	77.83	73.83	77.25	78.20	73.66	77.01	78.03	1.93104635887	9
12372	12372	94310	94310	73.92	77.22	78.10	73.50	76.60	77.85	73.75	77.30	78.33	73.72	77.04	78.09	1.9272293197	9
12381	12381	94301	94301	73.88	77.25	78.20	73.28	76.67	77.95	73.83	77.40	78.28	73.66	77.11	78.14	1.91872043268	9
12390	12390	94292	94292	73.90	77.35	78.20	73.25	76.75	77.92	73.92	77.42	78.35	73.69	77.17	78.16	1.89881989383	9
12399	12399	94283	94283	73.97	77.33	78.28	73.28	76.75	78.00	73.92	77.53	78.40	73.72	77.20	78.22	1.89396358699	9
12408	12408	94274	94274	74.00	77.47	78.42	73.35	76.78	78.05	73.83	77.60	78.40	73.72	77.28	78.29	1.88837716473	9
12417	12417	94265	94265	74.05	77.53	78.30	73.28	76.78	78.05	73.92	77.70	78.25	73.75	77.33	78.20	1.87660199109	9
12426	12426	94256	94256	74.03	77.38	78.38	73.45	76.80	78.12	74.12	77.60	78.42	73.87	77.26	78.31	1.86993235802	9
12435	12435	94247	94247	74.08	77.42	78.22	73.38	76.78	78.05	74.20	77.65	78.55	73.88	77.28	78.28	1.86610424426	9
12444	12444	94238	94238	74.33	77.38	78.38	73.53	76.58	78.08	74.58	77.50	78.65	74.14	77.15	78.37	1.86151907329	9
12453	12453	94229	94229	74.45	77.53	78.58	73.53	76.62	78.20	74.58	77.47	78.75	74.18	77.21	78.51	1.85326003798	9
12462	12462	94220	94220	74.53	77.60	78.45	73.60	76.70	78.17	74.70	77.35	78.78	74.28	77.22	78.47	1.8499707214	9
12471	12471	94211	94211	74.35	77.65	78.53	73.47	76.75	78.17	74.67	77.60	78.80	74.17	77.33	78.50	1.84457476295	9
12480	12480	94202	94202	74.45	77.62	78.62	73.72	76.88	78.28	74.60	77.83	78.65	74.26	77.44	78.52	1.8432797011	9
12489	12489	94193	94193	74.55	77.72	78.67	73.58	76.95	77.97	74.90	77.88	78.75	74.34	77.52	78.47	1.83757558106	9
12498	12498	94184	94184	74.62	77.72	78.65	73.65	76.97	78.12	74.88	78.03	78.83	74.38	77.58	78.53	1.8371259278	9
12507	12507	94175	94175	74.75	77.83	78.95	73.83	76.95	78.10	74.75	78.12	78.92	74.44	77.63	78.66	1.83473209852	9
12516	12516	94166	94166	74.88	77.78	79.03	73.88	76.92	78.25	74.88	78.10	79.00	74.54	77.60	78.76	1.83464515652	9
12525	12525	94157	94157	74.78	77.60	79.08	73.67	76.97	78.38	74.80	78.03	79.08	74.42	77.53	78.84	1.82997142896	9
12534	12534	94148	94148	74.95	77.72	79.20	73.83	77.22	78.42	74.88	78.15	79.00	74.55	77.70	78.88	1.8251696057	9
12543	12543	94139	94139	74.95	77.67	79.17	73.95	77.17	78.40	74.83	78.03	79.00	74.58	77.62	78.86	1.81894103225	9
12552	12552	94130	94130	75.17	77.75	79.25	74.03	77.03	78.30	74.90	78.05	79.08	74.70	77.61	78.88	1.81945118035	9
12561	12561	94121	94121	75.22	77.62	79.22	74.17	77.12	78.22	74.97	78.25	79.17	74.79	77.67	78.88	1.81770661309	9
12570	12570	94112	94112	75.25	77.67	79.38	74.20	77.20	78.33	75.00	78.30	79.15	74.82	77.72	78.95	1.81111613302	9
12579	12579	94103	94103	75.33	77.60	79.42	74.03	77.10	78.30	75.05	78.33	79.15	74.80	77.67	78.96	1.81162678055	9
12588	12588	94094	94094	75.17	77.67	79.42	73.97	77.10	78.38	75.10	78.45	79.22	74.75	77.74	79.01	1.81091334153	9
12597	12597	94085	94085	75.25	77.70	79.42	74.10	77.12	78.47	75.17	78.47	79.20	74.84	77.77	79.03	1.8025830148	9
12606	12606	94076	94076	75.20	77.67	79.50	74.20	77.20	78.45	75.20	78.45	79.22	74.87	77.78	79.06	1.79749549527	9
12615	12615	94067	94067	75.20	77.65	79.42	74.28	77.30	78.55	75.15	78.35	79.33	74.88	77.77	79.10	1.79608692936	9
12624	12624	94058	94058	75.30	77.70	79.47	74.22	77.28	78.60	75.25	78.45	79.22	74.92	77.81	79.10	1.79639235331	9
12633	12633	94049	94049	75.33	77.70	79.60	74.33	77.17	78.72	75.28	78.50	79.33	74.97	77.79	79.22	1.7906250085	9
12642	12642	94040	94040	75.47	77.62	79.62	74.45	77.33	78.67	75.45	78.42	79.45	75.12	77.79	79.25	1.79820747142	9
12651	12651	94031	94031	75.47	77.65	79.83	74.55	77.53	78.70	75.50	78.42	79.53	75.17	77.87	79.35	1.79398243952	9
12660	12660	94022	94022	75.47	77.55	79.75	74.60	77.28	78.75	75.50	78.58	79.40	75.19	77.80	79.30	1.7921119333	9
12669	12669	94013	94013	75.42	77.58	79.60	74.50	77.15	78.62	75.58	78.65	79.42	75.17	77.79	79.22	1.78810781237	9
12678	12678	94004	94004	75.47	77.60	79.58	74.55	77.05	78.58	75.42	78.60	79.47	75.15	77.75	79.21	1.78926858122	9
12687	12687	93995	93995	75.55	77.45	79.67	74.60	77.35	78.83	75.53	78.55	79.58	75.22	77.78	79.36	1.78482564715	9
12696	12696	93986	93986	75.55	77.38	79.72	74.65	77.12	78.83	75.60	78.60	79.47	75.27	77.70	79.34	1.77956714844	9
12705	12705	93977	93977	75.78	77.60	79.88	74.83	77.17	78.85	75.62	78.55	79.60	75.41	77.78	79.44	1.77716847357	9
12714	12714	93968	93968	75.58	77.78	79.78	74.83	77.28	78.85	75.58	78.53	79.58	75.33	77.86	79.40	1.77519238185	9
12723	12723	93959	93959	75.53	77.67	79.65	75.05	77.38	78.70	75.58	78.58	79.67	75.38	77.88	79.34	1.77977475844	9
12732	12732	93950	93950	75.62	77.62	79.70	75.20	77.33	78.80	75.70	78.50	79.75	75.51	77.82	79.42	1.77702468782	9
12741	12741	93941	93941	75.62	77.80	79.83	75.17	77.22	78.80	75.70	78.60	79.72	75.50	77.88	79.45	1.77837571383	9
12750	12750	93932	93932	75.70	77.95	79.83	75.15	77.25	78.70	75.67	78.58	79.72	75.51	77.92	79.42	1.77762732292	9
12759	12759	93923	93923	75.70	77.92	79.70	75.03	77.28	78.58	75.67	78.55	79.67	75.47	77.92	79.32	1.77799392665	9
12768	12768	93914	93914	75.65	77.78	79.80	75.15	77.30	78.67	75.80	78.65	79.83	75.53	77.91	79.43	1.77712751716	9
12777	12777	93905	93905	75.80	77.95	79.78	75.17	77.30	78.78	75.90	78.62	79.72	75.62	77.96	79.42	1.77392879145	9
12786	12786	93896	93896	75.83	77.92	79.88	75.08	77.47	78.83	75.92	78.65	79.70	75.61	78.02	79.47	1.77741574551	9
12795	12795	93887	93887	75.83	77.88	79.83	75.17	77.45	78.83	76.05	78.62	79.62	75.68	77.98	79.42	1.77177083218	9
12804	12804	93878	93878	75.78	77.90	79.90	75.20	77.53	78.88	75.95	78.62	79.65	75.64	78.02	79.47	1.77192285197	9
12813	12813	93869	93869	75.75	77.83	79.90	75.10	77.40	78.78	75.97	78.75	79.72	75.61	77.99	79.47	1.76975372027	9
12822	12822	93860	93860	75.75	77.62	79.92	75.10	77.20	78.72	75.92	78.58	79.83	75.59	77.80	79.49	1.76793029606	9
12831	12831	93851	93851	75.80	77.72	79.92	75.03	77.15	78.70	76.05	78.75	79.78	75.62	77.88	79.47	1.76739547622	9
12840	12840	93842	93842	75.72	77.65	80.03	74.92	77.17	78.72	76.15	78.60	79.85	75.60	77.81	79.53	1.76574520617	9
12849	12849	93833	93833	75.80	77.88	80.05	74.95	77.08	78.62	76.12	78.70	79.92	75.62	77.88	79.53	1.76830368483	9
12858	12858	93824	93824	75.70	77.72	80.05	74.90	77.10	78.62	76.25	78.50	79.80	75.62	77.78	79.49	1.76346104852	9
12867	12867	93815	93815	75.72	77.75	80.03	74.97	77.25	78.70	75.97	78.47	79.78	75.56	77.83	79.50	1.76233548593	9
12876	12876	93806	93806	75.78	77.80	80.03	74.97	77.10	78.70	76.00	78.42	79.75	75.58	77.78	79.49	1.76450329714	9
12885	12885	93797	93797	75.85	77.75	79.92	75.10	77.08	78.65	76.08	78.40	79.83	75.67	77.74	79.47	1.76865666589	9
12894	12894	93788	93788	75.92	77.90	79.92	75.20	77.17	78.80	76.12	78.42	79.78	75.75	77.83	79.50	1.76745311515	9
12903	12903	93779	93779	75.88	77.80	79.97	75.15	77.12	78.72	76.05	78.40	79.90	75.69	77.78	79.53	1.76668989267	9
12912	12912	93770	93770	75.80	77.95	80.05	74.97	77.15	78.72	76.17	78.42	79.97	75.65	77.84	79.58	1.77276633746	9
12921	12921	93761	93761	76.05	77.92	80.17	74.90	77.15	78.72	76.05	78.35	80.12	75.67	77.81	79.67	1.7689173343	9
12930	12930	93752	93752	76.03	77.67	80.20	74.90	77.10	78.70	76.12	78.28	80.08	75.68	77.68	79.66	1.76894809465	9
