12120	12120	94562	94562	75.10	77.75	79.88	74.58	77.65	79.25	75.28	78.53	79.90	74.98	77.97	79.67	2.57580940007
12120	12120	94262	94262	75.05	77.75	79.85	74.55	77.62	79.25	75.30	78.53	79.90	74.97	77.97	79.67	2.49248416995	50
12170	12170	94212	94212	75.05	78.08	79.60	74.38	77.72	79.17	74.78	79.08	79.90	74.73	78.29	79.56	2.22503115234	50
12220	12220	94162	94162	74.67	77.95	79.28	74.00	77.72	79.22	74.35	78.67	79.45	74.34	78.12	79.32	2.09300593039	50
12270	12270	94112	94112	74.75	77.88	79.22	73.67	77.62	79.05	74.55	78.33	79.40	74.33	77.94	79.22	2.01065346052	50
12320	12320	94062	94062	74.78	77.60	78.95	73.95	77.53	78.85	74.80	78.10	79.28	74.51	77.74	79.03	1.96376705636	50
12370	12370	94012	94012	74.78	77.72	79.03	74.03	77.58	78.97	74.85	78.33	79.22	74.55	77.88	79.08	1.93623642096	50
12420	12420	93962	93962	74.97	77.65	79.12	74.00	77.55	79.10	75.00	78.22	79.22	74.66	77.81	79.15	1.91895426762	50
12470	12470	93912	93912	75.10	77.70	79.50	74.35	77.62	79.15	75.00	78.45	79.33	74.82	77.92	79.33	1.90019884839	50
12520	12520	93862	93862	75.47	77.50	79.35	74.38	77.75	79.15	75.30	78.50	79.45	75.05	77.92	79.32	1.87924508227	50
12570	12570	93812	93812	75.45	77.67	79.42	74.55	77.72	79.28	75.35	78.45	79.50	75.12	77.95	79.40	1.86402266648	50
12620	12620	93762	93762	75.62	77.45	79.47	74.70	77.90	79.40	75.38	78.42	79.42	75.23	77.92	79.43	1.84181294306	50
12670	12670	93712	93712	75.80	77.70	79.50	74.55	77.65	79.38	75.53	78.45	79.58	75.29	77.93	79.48	1.83357341912	50
12720	12720	93662	93662	75.78	77.67	79.62	74.60	77.95	79.38	75.62	78.55	79.53	75.33	78.06	79.51	1.81738375335	50
12770	12770	93612	93612	75.95	77.97	79.80	74.58	77.92	79.22	75.78	78.78	79.60	75.43	78.22	79.54	1.81305906578	50
12820	12820	93562	93562	76.00	77.85	79.75	74.78	77.92	79.28	76.33	78.62	79.60	75.70	78.13	79.54	1.8127190707	50
12870	12870	93512	93512	76.10	77.80	79.83	74.85	77.78	79.35	76.33	78.62	79.75	75.76	78.07	79.64	1.79840639582	50
12920	12920	93462	93462	76.08	77.72	79.95	75.20	77.70	79.25	76.47	78.85	79.67	75.92	78.09	79.62	1.7978528708	50
12970	12970	93412	93412	76.20	78.30	80.08	75.40	77.65	79.30	76.58	78.85	79.85	76.06	78.27	79.74	1.79589430477	50
13020	13020	93362	93362	76.17	78.17	79.95	75.50	77.47	79.28	76.33	78.90	79.90	76.00	78.18	79.71	1.79460220546	50
13070	13070	93312	93312	76.28	78.20	80.08	75.38	77.55	79.30	76.55	78.85	79.92	76.07	78.20	79.77	1.78991371926	50
13120	13120	93262	93262	76.40	78.10	80.12	75.22	77.42	79.28	76.55	78.97	80.10	76.06	78.17	79.83	1.78867216129	50
13170	13170	93212	93212	76.45	78.38	80.08	75.25	77.55	78.92	76.67	79.05	80.15	76.12	78.33	79.72	1.78835340508	50
13220	13220	93162	93162	76.38	78.55	79.97	75.45	77.65	78.88	76.83	79.00	80.15	76.22	78.40	79.67	1.78422935947	50
13270	13270	93112	93112	76.53	78.45	80.10	75.40	77.42	79.05	76.78	78.95	80.30	76.23	78.28	79.82	1.78190446247	50
13320	13320	93062	93062	76.47	78.60	80.10	75.25	77.38	78.92	76.67	79.00	80.22	76.13	78.33	79.75	1.77737144389	50
13370	13370	93012	93012	76.50	78.53	80.03	75.30	77.08	78.78	76.60	78.88	80.35	76.13	78.16	79.72	1.77322864739	50
13420	13420	92962	92962	76.30	78.45	79.70	75.03	77.03	78.47	76.85	78.72	80.45	76.06	78.07	79.54	1.77737858557	50
13470	13470	92912	92912	76.47	78.42	79.92	75.15	76.95	78.35	76.75	78.75	80.25	76.12	78.04	79.51	1.77903201822	50
13520	13520	92862	92862	76.35	78.53	79.83	74.85	76.83	78.30	76.72	78.40	80.17	75.97	77.92	79.43	1.77889269401	50
13570	13570	92812	92812	76.25	78.38	79.95	74.83	76.83	78.30	76.75	78.65	80.28	75.94	77.95	79.51	1.77896506315	50
13620	13620	92762	92762	76.40	78.15	79.97	74.72	76.70	78.03	76.67	78.42	79.90	75.93	77.76	79.30	1.78518363562	50
13670	13670	92712	92712	76.33	78.03	80.05	74.83	76.50	78.08	76.65	78.17	79.78	75.93	77.57	79.30	1.78763043857	50
13720	13720	92662	92662	76.33	78.05	79.80	74.70	76.40	78.03	76.58	78.03	79.75	75.87	77.49	79.19	1.78640042524	50
13770	13770	92612	92612	76.35	77.78	79.85	74.83	76.50	77.95	76.53	77.70	79.70	75.90	77.33	79.17	1.78218694173	50
13820	13820	92562	92562	76.40	77.78	80.03	74.50	76.30	77.78	76.67	77.90	79.78	75.86	77.33	79.19	1.7837476791	50
13870	13870	92512	92512	76.25	77.58	80.00	74.47	76.30	77.60	76.80	77.58	79.62	75.84	77.15	79.08	1.78536806031	50
13920	13920	92462	92462	76.33	77.47	79.88	74.47	76.15	77.38	76.97	77.42	79.45	75.92	77.02	78.90	1.78866775943	50
13970	13970	92412	92412	76.38	77.33	79.83	74.70	75.88	77.08	76.92	77.15	79.45	76.00	76.78	78.78	1.78771051838	50
14020	14020	92362	92362	76.50	77.40	79.70	74.55	76.15	77.20	76.80	77.15	79.42	75.95	76.90	78.78	1.7868039602	50
14070	14070	92312	92312	76.53	77.15	79.80	74.35	75.83	77.12	76.67	77.20	79.22	75.85	76.72	78.72	1.78541164024	50
14120	14120	92262	92262	76.58	77.08	79.67	74.40	75.70	77.15	76.80	76.97	79.08	75.92	76.58	78.63	1.78791118362	50
14170	14170	92212	92212	76.33	76.83	79.35	74.33	75.67	77.10	76.53	77.00	79.12	75.72	76.50	78.53	1.78879937706	50
14220	14220	92162	92162	76.22	76.58	79.15	74.22	75.53	76.80	76.55	76.95	79.00	75.67	76.35	78.32	1.78895413397	50
14270	14270	92112	92112	76.42	76.47	78.80	74.20	75.33	76.58	76.40	77.00	78.92	75.67	76.27	78.10	1.78903627513	50
14320	14320	92062	92062	76.25	76.20	78.67	74.15	75.25	76.40	76.28	76.53	78.80	75.56	75.99	77.96	1.78899326361	50
14370	14370	92012	92012	76.10	76.17	78.78	74.05	75.30	76.38	76.35	76.58	78.60	75.50	76.02	77.92	1.78641703168	50
14420	14420	91962	91962	75.92	76.17	78.58	73.92	75.10	76.30	76.33	76.45	78.58	75.39	75.91	77.82	1.7883376743	50
14470	14470	91912	91912	75.90	75.88	78.45	73.88	75.15	76.35	76.15	76.33	78.47	75.31	75.78	77.76	1.79170843358	50
14520	14520	91862	91862	75.85	75.78	78.28	73.85	74.70	76.17	76.20	76.03	78.55	75.30	75.50	77.67	1.79179683752	50
14570	14570	91812	91812	76.03	75.80	78.05	73.90	74.67	75.97	76.03	75.97	78.42	75.32	75.48	77.48	1.79314788621	50
14620	14620	91762	91762	75.97	75.85	78.00	73.95	74.58	75.97	76.00	75.80	78.28	75.31	75.41	77.42	1.79182792127	50
14670	14670	91712	91712	75.92	75.60	77.95	73.95	74.40	75.83	75.95	75.53	78.12	75.28	75.17	77.30	1.79219586891	50
14720	14720	91662	91662	75.78	75.45	77.78	73.67	74.45	75.75	75.72	75.53	77.97	75.06	75.14	77.17	1.79362740631	50
14770	14770	91612	91612	75.58	75.50	77.67	73.47	74.40	75.83	75.80	75.45	77.88	74.95	75.12	77.12	1.79097759052	50
14820	14820	91562	91562	75.58	75.50	77.40	73.40	74.15	75.58	75.67	75.58	77.75	74.88	75.08	76.91	1.79272676028	50
14870	14870	91512	91512	75.42	75.47	77.20	73.20	74.08	75.50	75.55	75.35	77.58	74.72	74.97	76.76	1.79661858343	50
14920	14920	91462	91462	75.22	75.03	77.10	73.28	73.95	75.35	75.45	75.42	77.40	74.65	74.80	76.62	1.79745211533	50
14970	14970	91412	91412	75.10	74.97	76.80	73.17	73.65	75.12	75.35	75.33	77.17	74.54	74.65	76.37	1.79227224283	50
15020	15020	91362	91362	74.92	74.90	76.72	73.12	73.72	75.08	75.28	75.42	77.33	74.44	74.68	76.38	1.79637861393	50
15070	15070	91312	91312	74.83	74.75	76.60	73.20	73.53	74.90	75.08	75.22	77.12	74.37	74.50	76.21	1.79841721725	50
15120	15120	91262	91262	74.70	74.72	76.53	72.90	73.40	74.90	75.05	75.20	76.92	74.22	74.44	76.12	1.79624681549	50
15170	15170	91212	91212	74.50	74.75	76.42	72.83	73.45	74.92	74.92	75.05	76.75	74.08	74.42	76.03	1.79641450375	50
15220	15220	91162	91162	74.47	74.62	76.35	72.83	73.42	74.83	75.12	74.83	76.62	74.14	74.29	75.93	1.79617292964	50
15270	15270	91112	91112	74.42	74.55	76.17	72.78	73.42	74.85	75.03	74.85	76.65	74.08	74.28	75.89	1.79581980702	50
15320	15320	91062	91062	74.17	74.45	75.92	72.70	73.42	74.78	74.85	74.83	76.42	73.91	74.23	75.71	1.79824615406	50
15370	15370	91012	91012	74.10	74.42	75.92	72.62	73.20	74.65	74.80	74.83	76.30	73.84	74.15	75.62	1.7996700903	50
15420	15420	90962	90962	73.90	74.33	75.92	72.50	72.92	74.60	74.62	74.72	76.42	73.67	73.99	75.65	1.802889579	50
15470	15470	90912	90912	73.75	74.30	75.70	72.55	73.00	74.47	74.75	74.75	76.38	73.68	74.02	75.52	1.8036930193	50
15520	15520	90862	90862	73.65	74.15	75.45	72.53	72.90	74.33	74.67	74.67	76.30	73.62	73.91	75.36	1.80366251692	50
15570	15570	90812	90812	73.67	74.05	75.45	72.45	72.83	74.22	74.67	74.67	76.28	73.60	73.85	75.32	1.80714110997	50
15620	15620	90762	90762	73.58	73.80	75.40	72.17	72.72	74.17	74.62	74.62	76.33	73.46	73.72	75.30	1.80792715595	50
15670	15670	90712	90712	73.58	73.80	75.28	71.95	72.67	74.05	74.33	74.53	75.97	73.28	73.67	75.10	1.80871241525	50
15720	15720	90662	90662	73.42	73.72	75.17	71.95	72.65	74.00	74.22	74.50	75.88	73.20	73.62	75.02	1.806971068	50
15770	15770	90612	90612	73.53	73.60	75.10	71.97	72.55	73.88	74.10	74.33	75.75	73.20	73.49	74.91	1.80719503332	50
15820	15820	90562	90562	73.45	73.38	74.97	71.78	72.38	73.90	73.97	74.25	75.67	73.07	73.33	74.85	1.80874167269	50
15870	15870	90512	90512	73.20	73.28	74.88	71.88	72.15	73.83	73.95	74.08	75.53	73.01	73.17	74.74	1.80812876429	50
15920	15920	90462	90462	73.08	73.22	74.75	71.88	72.20	73.85	73.83	74.00	75.58	72.92	73.14	74.72	1.80919825365	50
15970	15970	90412	90412	72.95	73.15	74.72	71.88	72.15	73.72	73.83	74.08	75.53	72.88	73.12	74.66	1.8075039249	50
16020	16020	90362	90362	72.85	73.10	74.65	71.92	71.95	73.47	73.80	74.03	75.53	72.86	73.03	74.55	1.80752149704	50
16070	16070	90312	90312	72.78	73.08	74.70	71.72	71.83	73.30	73.88	74.00	75.50	72.79	72.97	74.50	1.80734514766	50
16120	16120	90262	90262	72.88	72.95	74.38	71.60	71.78	73.20	73.92	73.88	75.45	72.80	72.87	74.34	1.81118264678	50
16170	16170	90212	90212	72.80	72.92	74.22	71.65	71.60	73.12	73.75	73.85	75.25	72.73	72.79	74.20	1.81129769614	50
16220	16220	90162	90162	72.67	72.92	74.05	71.55	71.55	73.15	73.65	73.72	75.08	72.62	72.73	74.09	1.81063810157	50
16270	16270	90112	90112	72.58	72.70	73.88	71.33	71.50	72.92	73.62	73.62	74.92	72.51	72.61	73.91	1.81272291179	50
16320	16320	90062	90062	72.60	72.60	73.75	71.25	71.38	72.88	73.62	73.50	74.90	72.49	72.49	73.84	1.81389710896	50
16370	16370	90012	90012	72.40	72.42	73.72	71.15	71.25	72.78	73.35	73.33	74.83	72.30	72.33	73.78	1.8119883047	50
16420	16420	89962	89962	72.35	72.45	73.65	71.10	71.20	72.65	73.25	73.35	74.53	72.23	72.33	73.61	1.81339057247	50
16470	16470	89912	89912	72.20	72.55	73.47	71.08	71.10	72.55	73.28	73.38	74.60	72.18	72.34	73.54	1.81234255484	50
16520	16520	89862	89862	72.20	72.38	73.58	70.85	71.08	72.38	73.25	73.33	74.62	72.10	72.26	73.53	1.81362975541	50
16570	16570	89812	89812	72.08	72.33	73.55	70.95	70.85	72.25	73.05	73.17	74.53	72.03	72.12	73.44	1.81297893972	50
16620	16620	89762	89762	72.03	72.17	73.55	70.88	70.78	72.17	72.97	73.35	74.33	71.96	72.10	73.35	1.81407586661	50
16670	16670	89712	89712	71.92	72.22	73.35	70.75	70.83	72.05	72.92	73.30	74.40	71.87	72.12	73.27	1.81502081986	50
16720	16720	89662	89662	71.67	72.15	73.33	70.65	70.78	72.08	72.80	73.33	74.22	71.71	72.08	73.21	1.81802567836	50
16770	16770	89612	89612	71.58	72.10	73.12	70.53	70.62	72.03	72.78	73.25	74.08	71.62	71.99	73.08	1.81885070308	50
16820	16820	89562	89562	71.47	72.10	73.20	70.42	70.58	71.83	72.65	73.28	73.95	71.52	71.98	72.99	1.82246108221	50
16870	16870	89512	89512	71.45	72.25	73.17	70.45	70.50	71.78	72.60	73.22	73.88	71.50	71.99	72.94	1.82336693891	50
16920	16920	89462	89462	71.17	72.10	73.00	70.30	70.42	71.65	72.45	73.03	73.80	71.31	71.85	72.82	1.82317702279	50
16970	16970	89412	89412	71.12	71.95	73.00	70.30	70.28	71.55	72.38	72.92	73.55	71.27	71.72	72.70	1.82389327385	50
17020	17020	89362	89362	71.12	71.85	72.80	70.33	70.22	71.35	72.20	73.05	73.53	71.22	71.71	72.56	1.82335042562	50
17070	17070	89312	89312	71.20	71.72	72.58	70.30	70.33	71.30	72.00	72.97	73.25	71.17	71.67	72.38	1.82239743951	50
17120	17120	89262	89262	71.03	71.55	72.62	70.03	70.15	71.17	71.83	72.72	73.33	70.96	71.47	72.38	1.82448841697	50
17170	17170	89212	89212	70.97	71.45	72.42	69.97	70.08	70.95	71.85	72.78	73.12	70.93	71.43	72.17	1.82525960221	50
17220	17220	89162	89162	71.08	71.38	72.22	69.97	69.97	70.95	71.90	72.60	73.20	70.98	71.32	72.12	1.82608969751	50
17270	17270	89112	89112	71.03	71.35	72.25	69.75	69.92	70.70	71.83	72.65	73.20	70.87	71.31	72.05	1.8266729486	50
17320	17320	89062	89062	71.03	71.28	72.22	69.78	69.72	70.78	71.72	72.67	73.05	70.84	71.22	72.02	1.82661920217	50
17370	17370	89012	89012	70.80	71.35	72.10	69.75	69.67	70.80	71.67	72.47	73.05	70.74	71.17	71.98	1.82754384203	50
17420	17420	88962	88962	70.67	71.17	72.08	69.55	69.58	70.65	71.65	72.30	73.00	70.62	71.02	71.91	1.82984825811	50
17470	17470	88912	88912	70.75	70.88	71.92	69.45	69.45	70.62	71.42	72.25	72.92	70.54	70.86	71.83	1.82941082336	50
17520	17520	88862	88862	70.67	70.75	71.95	69.50	69.33	70.53	71.42	72.12	72.72	70.53	70.73	71.73	1.83016015	50
17570	17570	88812	88812	70.65	70.53	71.72	69.45	69.33	70.40	71.53	72.05	72.60	70.54	70.63	71.58	1.82961634268	50
17620	17620	88762	88762	70.50	70.47	71.70	69.42	69.22	70.30	71.45	72.05	72.47	70.46	70.58	71.49	1.82955490178	50
17670	17670	88712	88712	70.53	70.40	71.53	69.30	69.20	70.17	71.28	71.97	72.47	70.37	70.53	71.39	1.83102322092	50
17720	17720	88662	88662	70.45	70.33	71.30	69.08	69.12	70.10	71.17	71.78	72.50	70.23	70.41	71.30	1.83305228224	50
17770	17770	88612	88612	70.42	70.30	71.20	68.90	69.12	70.03	71.10	71.75	72.47	70.14	70.39	71.23	1.8322346372	50
17820	17820	88562	88562	70.35	70.38	70.97	68.85	68.92	69.92	71.03	71.55	72.25	70.08	70.28	71.05	1.83405897934	50
17870	17870	88512	88512	70.30	70.28	71.03	68.72	68.97	69.72	70.88	71.47	72.10	69.97	70.24	70.95	1.83228877181	50
17920	17920	88462	88462	70.05	70.12	70.90	68.80	68.85	69.67	70.75	71.30	72.10	69.87	70.09	70.89	1.83273844455	50
17970	17970	88412	88412	69.92	70.08	70.92	68.65	68.90	69.58	70.65	71.22	72.12	69.74	70.07	70.88	1.83340700253	50
18020	18020	88362	88362	69.90	70.00	70.83	68.67	68.72	69.50	70.62	71.12	71.90	69.73	69.95	70.74	1.83330447273	50
18070	18070	88312	88312	69.72	69.90	70.83	68.53	68.78	69.53	70.65	71.12	71.90	69.63	69.93	70.75	1.83491880826	50
18120	18120	88262	88262	69.80	69.85	70.70	68.28	68.72	69.60	70.60	71.05	71.67	69.56	69.88	70.66	1.83485466793	50
18170	18170	88212	88212	69.62	69.88	70.50	68.28	68.67	69.38	70.50	71.05	71.67	69.47	69.87	70.52	1.83582280576	50
18220	18220	88162	88162	69.53	69.83	70.30	68.30	68.53	69.30	70.42	70.95	71.62	69.42	69.77	70.41	1.8356965404	50
18270	18270	88112	88112	69.45	69.88	70.35	68.25	68.45	69.35	70.40	70.95	71.60	69.37	69.76	70.43	1.83645206585	50
18320	18320	88062	88062	69.38	69.78	70.35	68.25	68.35	69.15	70.28	70.70	71.53	69.30	69.61	70.34	1.83683042128	50
18370	18370	88012	88012	69.25	69.62	70.35	68.12	68.38	69.12	70.17	70.55	71.50	69.18	69.52	70.33	1.83718676786	50
18420	18420	87962	87962	69.17	69.62	70.25	68.03	68.28	69.05	70.08	70.45	71.38	69.09	69.45	70.22	1.8385532925	50
18470	18470	87912	87912	69.15	69.50	70.15	67.92	68.22	68.95	70.05	70.47	71.38	69.04	69.40	70.16	1.83783798611	50
18520	18520	87862	87862	69.15	69.42	70.05	67.83	68.15	68.80	70.12	70.38	71.30	69.03	69.32	70.05	1.83828442497	50
18570	18570	87812	87812	69.00	69.25	69.97	67.65	68.00	68.75	70.05	70.35	71.33	68.90	69.20	70.02	1.83938497381	50
18620	18620	87762	87762	68.80	69.15	69.85	67.62	67.85	68.65	69.88	70.25	71.05	68.77	69.08	69.85	1.83972527754	50
18670	18670	87712	87712	68.70	69.03	69.75	67.65	67.80	68.62	69.95	70.33	70.95	68.77	69.05	69.78	1.83882587884	50
18720	18720	87662	87662	68.60	69.05	69.50	67.58	67.72	68.47	69.85	70.15	70.83	68.67	68.97	69.60	1.8393763716	50
18770	18770	87612	87612	68.58	68.78	69.30	67.45	67.58	68.45	69.80	70.03	70.70	68.61	68.79	69.48	1.84093542191	50
18820	18820	87562	87562	68.45	68.65	69.28	67.38	67.45	68.33	69.55	69.92	70.45	68.46	68.67	69.35	1.84014872213	50
18870	18870	87512	87512	68.35	68.62	69.10	67.40	67.38	68.22	69.38	69.97	70.30	68.38	68.66	69.21	1.84187405364	50
18920	18920	87462	87462	68.28	68.53	69.03	67.35	67.35	68.22	69.22	70.08	70.33	68.28	68.65	69.19	1.84123014053	50
18970	18970	87412	87412	68.30	68.42	68.97	67.25	67.20	68.17	69.03	69.80	70.20	68.19	68.47	69.12	1.84066871074	50
19020	19020	87362	87362	67.90	68.42	68.97	67.15	67.33	68.17	68.92	69.78	70.17	67.99	68.51	69.11	1.84158092694	50
19070	19070	87312	87312	68.00	68.42	68.80	67.20	67.33	67.95	68.92	69.70	70.08	68.04	68.48	68.94	1.84273439516	50
19120	19120	87262	87262	67.88	68.22	68.83	67.15	67.22	67.88	68.95	69.58	70.00	67.99	68.34	68.90	1.8432041738	50
19170	19170	87212	87212	67.85	68.28	68.72	67.03	67.08	67.80	68.88	69.58	69.90	67.92	68.31	68.81	1.84183568288	50
19220	19220	87162	87162	67.55	68.33	68.60	66.97	67.03	67.67	68.88	69.47	69.83	67.80	68.28	68.70	1.84079656352	50
19270	19270	87112	87112	67.60	68.08	68.47	66.88	67.00	67.47	68.88	69.28	69.88	67.78	68.12	68.61	1.84123821279	50
19320	19320	87062	87062	67.53	67.78	68.28	66.70	66.95	67.28	68.80	69.15	69.70	67.67	67.96	68.42	1.84098930073	50
19370	19370	87012	87012	67.58	67.80	68.10	66.62	66.85	67.10	68.75	69.12	69.65	67.65	67.92	68.28	1.84203880378	50
19420	19420	86962	86962	67.38	67.88	68.10	66.62	66.67	66.95	68.72	69.00	69.62	67.58	67.85	68.22	1.8417196423	50
19470	19470	86912	86912	67.25	67.60	68.03	66.50	66.62	66.90	68.67	68.95	69.62	67.47	67.72	68.18	1.84156699654	50
19520	19520	86862	86862	67.15	67.53	67.97	66.42	66.67	66.75	68.83	68.85	69.62	67.47	67.68	68.12	1.84160956957	50
19570	19570	86812	86812	67.12	67.53	67.80	66.35	66.67	66.67	68.58	68.88	69.53	67.35	67.69	68.00	1.84178778707	50
19620	19620	86762	86762	67.03	67.50	67.70	66.38	66.62	66.62	68.45	68.72	69.45	67.28	67.62	67.92	1.84226798325	50
19670	19670	86712	86712	67.03	67.42	67.55	66.25	66.70	66.65	68.40	68.62	69.30	67.22	67.58	67.83	1.84202259329	50
19720	19720	86662	86662	66.92	67.25	67.53	66.30	66.60	66.58	68.35	68.47	69.25	67.19	67.44	67.78	1.84193615188	50
19770	19770	86612	86612	67.00	67.22	67.38	66.20	66.60	66.53	68.10	68.28	69.17	67.10	67.37	67.69	1.84162371459	50
19820	19820	86562	86562	66.88	67.12	67.35	66.22	66.47	66.50	68.15	68.15	69.28	67.08	67.25	67.71	1.84192494752	50
19870	19870	86512	86512	66.95	67.03	67.28	66.17	66.40	66.33	68.05	68.05	69.25	67.06	67.16	67.62	1.8429018398	50
19920	19920	86462	86462	66.80	67.03	67.10	66.10	66.42	66.15	68.08	68.10	69.12	66.99	67.18	67.46	1.84486839371	50
19970	19970	86412	86412	66.83	66.95	67.15	66.00	66.47	66.20	67.97	68.12	69.12	66.93	67.18	67.49	1.84577714567	50
20020	20020	86362	86362	66.80	66.83	67.10	65.88	66.38	66.00	67.90	68.10	68.88	66.86	67.10	67.33	1.84597830978	50
20070	20070	86312	86312	66.70	66.67	66.95	65.85	66.33	65.97	67.75	68.00	68.90	66.77	67.00	67.28	1.84642827451	50
20120	20120	86262	86262	66.60	66.67	66.92	65.72	66.30	66.03	67.75	67.97	68.80	66.69	66.98	67.25	1.84753006823	50
20170	20170	86212	86212	66.55	66.47	66.90	65.67	66.20	66.00	67.75	68.03	68.72	66.66	66.90	67.21	1.84549071041	50
20220	20220	86162	86162	66.60	66.50	66.88	65.50	66.20	65.97	67.60	68.00	68.62	66.57	66.90	67.16	1.8458139253	50
20270	20270	86112	86112	66.47	66.47	66.80	65.45	66.17	65.90	67.47	67.80	68.53	66.47	66.82	67.08	1.84521846584	50
20320	20320	86062	86062	66.42	66.40	66.78	65.47	66.17	65.83	67.53	67.80	68.40	66.47	66.79	67.00	1.84487441632	50
20370	20370	86012	86012	66.38	66.42	66.65	65.42	66.17	65.90	67.53	67.65	68.25	66.44	66.75	66.93	1.84547410467	50
20420	20420	85962	85962	66.30	66.40	66.62	65.40	66.03	65.80	67.58	67.65	68.10	66.42	66.69	66.84	1.84681576761	50
20470	20470	85912	85912	66.25	66.25	66.60	65.38	65.95	65.80	67.53	67.55	68.10	66.38	66.58	66.83	1.84704413549	50
20520	20520	85862	85862	66.28	66.22	66.55	65.33	65.95	65.67	67.50	67.50	68.08	66.37	66.56	66.77	1.84667308311	50
20570	20570	85812	85812	66.12	66.22	66.55	65.15	65.88	65.65	67.38	67.42	67.85	66.22	66.51	66.68	1.84698410418	50
20620	20620	85762	85762	66.10	66.17	66.60	65.05	65.85	65.62	67.30	67.35	67.88	66.15	66.46	66.70	1.84628711969	50
20670	20670	85712	85712	66.00	66.17	66.60	64.88	65.90	65.65	67.45	67.35	67.80	66.11	66.47	66.68	1.84742351224	50
20720	20720	85662	85662	65.97	66.22	66.55	64.95	65.70	65.60	67.33	67.30	67.83	66.08	66.41	66.66	1.84728234422	50
20770	20770	85612	85612	65.92	66.10	66.58	64.90	65.75	65.62	67.30	67.12	67.75	66.04	66.33	66.65	1.84708043079	50
20820	20820	85562	85562	65.92	66.05	66.50	65.00	65.78	65.65	67.25	67.03	67.65	66.06	66.28	66.60	1.84708127187	50
20870	20870	85512	85512	65.83	66.05	66.50	64.85	65.72	65.58	67.15	67.12	67.62	65.94	66.30	66.57	1.84741664343	50
20920	20920	85462	85462	65.83	65.95	66.35	64.95	65.72	65.38	67.17	67.17	67.53	65.98	66.28	66.42	1.8469854091	50
20970	20970	85412	85412	65.72	65.97	66.28	64.80	65.72	65.42	67.15	67.12	67.60	65.89	66.28	66.43	1.84750409104	50
21020	21020	85362	85362	65.55	66.00	66.17	64.80	65.75	65.35	67.12	67.05	67.40	65.83	66.27	66.31	1.8478758181	50
21070	21070	85312	85312	65.50	66.03	66.08	64.62	65.65	65.33	67.08	67.03	67.35	65.73	66.23	66.25	1.8471086293	50
21120	21120	85262	85262	65.45	65.85	65.97	64.55	65.67	65.38	67.03	67.10	67.33	65.67	66.21	66.22	1.84735978431	50
21170	21170	85212	85212	65.45	65.72	65.92	64.50	65.65	65.30	67.05	66.95	67.25	65.67	66.11	66.16	1.84803626925	50
21220	21220	85162	85162	65.38	65.78	65.78	64.50	65.70	65.15	67.03	67.00	67.28	65.63	66.16	66.07	1.84882932204	50
21270	21270	85112	85112	65.33	65.72	65.67	64.40	65.62	64.97	67.00	66.95	67.25	65.58	66.10	65.97	1.84956915951	50
21320	21320	85062	85062	65.28	65.70	65.80	64.38	65.67	65.00	66.90	66.95	67.28	65.52	66.11	66.03	1.85020382491	50
21370	21370	85012	85012	65.35	65.72	65.75	64.40	65.50	65.10	66.83	66.80	67.22	65.53	66.01	66.03	1.84959448005	50
21420	21420	84962	84962	65.35	65.70	65.65	64.25	65.58	65.15	66.83	66.75	67.12	65.47	66.01	65.97	1.85025885899	50
21470	21470	84912	84912	65.30	65.65	65.53	64.15	65.53	65.05	66.72	66.72	67.12	65.39	65.97	65.90	1.85061091893	50
21520	21520	84862	84862	65.17	65.60	65.55	64.15	65.45	65.03	66.67	66.62	67.15	65.33	65.89	65.91	1.85028709688	50
21570	21570	84812	84812	65.15	65.55	65.50	64.17	65.38	64.92	66.65	66.53	67.17	65.33	65.82	65.87	1.85070979495	50
21620	21620	84762	84762	65.05	65.65	65.50	64.10	65.38	64.80	66.62	66.42	67.08	65.26	65.82	65.79	1.85134451038	50
21670	21670	84712	84712	65.08	65.60	65.45	64.05	65.40	64.70	66.47	66.42	67.08	65.20	65.81	65.74	1.8510640444	50
21720	21720	84662	84662	64.97	65.40	65.40	63.92	65.17	64.60	66.42	66.30	66.95	65.11	65.62	65.65	1.85031834331	50
21770	21770	84612	84612	64.80	65.45	65.35	63.98	65.15	64.55	66.33	66.40	66.85	65.03	65.67	65.58	1.85043271011	50
21820	21820	84562	84562	64.97	65.53	65.33	63.90	65.17	64.60	66.28	66.33	66.85	65.05	65.67	65.59	1.85020801303	50
21870	21870	84512	84512	64.92	65.53	65.33	63.90	65.05	64.53	66.15	66.33	66.67	64.99	65.63	65.51	1.85050998001	50
21920	21920	84462	84462	64.88	65.42	65.22	63.92	65.03	64.50	66.10	66.33	66.65	64.97	65.59	65.46	1.85154487286	50
21970	21970	84412	84412	64.75	65.42	65.15	64.00	65.05	64.45	66.10	66.33	66.42	64.95	65.60	65.34	1.8513337138	50
22020	22020	84362	84362	64.70	65.40	65.10	63.90	64.95	64.42	65.95	66.33	66.25	64.85	65.56	65.26	1.85167605423	50
22070	22070	84312	84312	64.70	65.38	65.00	63.85	64.80	64.33	66.00	66.30	66.20	64.85	65.49	65.17	1.85156641549	50
22120	22120	84262	84262	64.70	65.30	65.03	63.83	64.83	64.25	65.97	66.28	66.12	64.83	65.47	65.13	1.85124065535	50
22170	22170	84212	84212	64.60	65.25	64.97	63.80	64.78	64.08	65.92	66.05	66.12	64.78	65.36	65.06	1.85080015826	50
22220	22220	84162	84162	64.50	65.12	64.92	63.75	64.78	64.08	65.85	66.05	66.12	64.70	65.32	65.04	1.85250781307	50
22270	22270	84112	84112	64.42	65.17	64.92	63.60	64.72	64.00	65.75	66.00	66.10	64.59	65.30	65.01	1.85414521023	50
22320	22320	84062	84062	64.30	65.17	64.92	63.48	64.62	63.98	65.65	65.85	66.08	64.47	65.22	64.99	1.85444849652	50
22370	22370	84012	84012	64.15	65.12	64.88	63.48	64.60	63.77	65.50	65.90	65.97	64.38	65.21	64.88	1.85352188352	50
22420	22420	83962	83962	64.10	65.03	64.88	63.33	64.55	63.75	65.33	65.88	65.95	64.25	65.15	64.86	1.85338120282	50
22470	22470	83912	83912	64.15	65.10	64.78	63.40	64.55	63.73	65.35	65.88	65.95	64.30	65.17	64.82	1.85291369195	50
22520	22520	83862	83862	64.08	65.05	64.72	63.30	64.58	63.48	65.35	65.80	65.92	64.24	65.14	64.71	1.8533117201	50
22570	22570	83812	83812	64.00	64.97	64.70	63.20	64.50	63.52	65.30	65.70	65.90	64.17	65.06	64.71	1.85431935751	50
22620	22620	83762	83762	63.90	64.95	64.65	63.02	64.50	63.45	65.22	65.67	65.95	64.05	65.04	64.68	1.85431340722	50
22670	22670	83712	83712	63.90	64.90	64.62	63.00	64.55	63.42	65.20	65.67	65.88	64.03	65.04	64.64	1.85401770219	50
22720	22720	83662	83662	63.90	64.75	64.60	62.85	64.40	63.35	65.25	65.50	65.83	64.00	64.88	64.59	1.85487088067	50
22770	22770	83612	83612	63.75	64.78	64.53	62.92	64.38	63.27	65.12	65.50	65.80	63.93	64.88	64.53	1.85555535648	50
22820	22820	83562	83562	63.80	64.72	64.42	62.77	64.33	63.30	65.12	65.53	65.78	63.90	64.86	64.50	1.8560332177	50
22870	22870	83512	83512	63.73	64.72	64.40	62.77	64.25	63.23	65.10	65.50	65.75	63.87	64.83	64.46	1.8569881548	50
22920	22920	83462	83462	63.73	64.65	64.30	62.75	64.25	63.15	64.97	65.35	65.58	63.82	64.75	64.34	1.85708597456	50
22970	22970	83412	83412	63.67	64.67	64.22	62.73	64.22	63.10	64.97	65.38	65.53	63.79	64.76	64.28	1.85693410827	50
23020	23020	83362	83362	63.58	64.60	64.15	62.52	64.17	63.05	64.85	65.35	65.58	63.65	64.71	64.26	1.85572528648	50
23070	23070	83312	83312	63.55	64.62	64.15	62.55	64.03	63.15	64.85	65.28	65.60	63.65	64.64	64.30	1.85559833047	50
23120	23120	83262	83262	63.50	64.58	64.10	62.58	63.92	63.08	64.88	65.30	65.53	63.65	64.60	64.23	1.85506454779	50
23170	23170	83212	83212	63.45	64.58	64.00	62.60	63.95	63.08	64.83	65.22	65.38	63.62	64.58	64.15	1.85559224135	50
23220	23220	83162	83162	63.42	64.55	64.08	62.50	63.98	63.05	64.83	65.22	65.25	63.58	64.58	64.12	1.85631149249	50
23270	23270	83112	83112	63.45	64.50	64.15	62.52	63.85	63.00	64.92	65.25	65.25	63.63	64.53	64.13	1.85710327177	50
23320	23320	83062	83062	63.35	64.47	64.08	62.33	63.83	62.98	64.90	65.17	65.28	63.52	64.49	64.11	1.85746091748	50
23370	23370	83012	83012	63.27	64.40	64.00	62.35	63.83	63.00	64.72	65.17	65.25	63.45	64.47	64.08	1.85737253379	50
23420	23420	82962	82962	63.10	64.22	63.92	62.17	63.80	63.02	64.70	65.15	65.12	63.33	64.39	64.03	1.85820820281	50
23470	23470	82912	82912	63.10	64.08	63.83	62.12	63.73	62.95	64.67	65.05	65.10	63.30	64.28	63.96	1.85870877881	50
23520	23520	82862	82862	63.12	64.00	63.75	62.23	63.70	62.90	64.53	65.05	65.17	63.29	64.25	63.94	1.85840508699	50
23570	23570	82812	82812	63.10	64.03	63.73	62.12	63.70	62.88	64.65	64.95	65.15	63.29	64.22	63.92	1.85832972255	50
23620	23620	82762	82762	63.05	64.03	63.70	62.10	63.62	62.83	64.62	64.90	65.00	63.26	64.18	63.84	1.85899687822	50
23670	23670	82712	82712	62.98	64.00	63.65	62.05	63.70	62.80	64.58	64.88	64.95	63.20	64.19	63.80	1.85895277482	50
23720	23720	82662	82662	62.92	63.83	63.58	61.92	63.62	62.80	64.53	64.88	64.92	63.12	64.11	63.77	1.85940093375	50
23770	23770	82612	82612	62.83	63.85	63.58	61.92	63.60	62.70	64.42	64.92	64.88	63.06	64.12	63.72	1.85872027998	50
23820	23820	82562	82562	62.70	63.88	63.50	61.88	63.55	62.70	64.42	64.97	64.78	63.00	64.13	63.66	1.85829581846	50
23870	23870	82512	82512	62.73	63.83	63.48	61.90	63.48	62.65	64.35	64.83	64.78	62.99	64.04	63.63	1.85831087069	50
23920	23920	82462	82462	62.67	63.88	63.48	61.80	63.52	62.62	64.28	64.83	64.75	62.92	64.08	63.62	1.85972403999	50
23970	23970	82412	82412	62.70	63.80	63.40	61.85	63.48	62.62	64.22	64.78	64.70	62.92	64.02	63.58	1.85998662858	50
24020	24020	82362	82362	62.58	63.73	63.35	61.77	63.48	62.60	64.22	64.72	64.70	62.86	63.98	63.55	1.86097010362	50
24070	24070	82312	82312	62.70	63.75	63.27	61.80	63.42	62.52	64.12	64.62	64.70	62.88	63.93	63.50	1.86026454016	50
24120	24120	82262	82262	62.58	63.70	63.23	61.75	63.42	62.50	64.05	64.65	64.58	62.79	63.92	63.43	1.8608376683	50
24170	24170	82212	82212	62.65	63.58	63.17	61.75	63.35	62.42	63.90	64.62	64.55	62.77	63.85	63.38	1.8619757477	50
24220	24220	82162	82162	62.60	63.60	63.15	61.77	63.35	62.40	63.88	64.65	64.55	62.75	63.87	63.37	1.86082431135	50
24270	24270	82112	82112	62.58	63.65	63.05	61.85	63.30	62.38	63.95	64.65	64.45	62.79	63.87	63.29	1.86080314214	50
24320	24320	82062	82062	62.52	63.58	62.95	61.80	63.27	62.33	63.95	64.62	64.45	62.76	63.83	63.24	1.86086792861	50
24370	24370	82012	82012	62.50	63.62	62.92	61.77	63.30	62.33	63.85	64.55	64.35	62.71	63.83	63.20	1.86032715253	50
24420	24420	81962	81962	62.42	63.60	62.92	61.73	63.35	62.27	63.73	64.50	64.15	62.62	63.82	63.12	1.86069774979	50
24470	24470	81912	81912	62.33	63.65	62.95	61.70	63.30	62.30	63.60	64.50	64.15	62.54	63.82	63.13	1.86071224003	50
24520	24520	81862	81862	62.25	63.65	62.92	61.73	63.30	62.27	63.55	64.53	64.05	62.51	63.83	63.08	1.86055564211	50
24570	24570	81812	81812	62.23	63.62	62.95	61.60	63.17	62.27	63.58	64.53	63.98	62.47	63.77	63.07	1.86125031398	50
24620	24620	81762	81762	62.15	63.50	62.80	61.60	63.17	62.23	63.42	64.45	63.88	62.39	63.71	62.97	1.86081663878	50
24670	24670	81712	81712	62.08	63.58	62.75	61.58	63.15	62.25	63.33	64.42	63.80	62.33	63.72	62.93	1.86118451104	50
24720	24720	81662	81662	62.02	63.55	62.70	61.58	63.05	62.17	63.42	64.35	63.80	62.34	63.65	62.89	1.860772482	50
24770	24770	81612	81612	61.95	63.40	62.77	61.60	63.02	62.23	63.33	64.35	63.73	62.29	63.59	62.91	1.86027704589	50
24820	24820	81562	81562	61.98	63.35	62.60	61.50	63.00	62.17	63.27	64.30	63.62	62.25	63.55	62.80	1.86083471233	50
24870	24870	81512	81512	61.77	63.35	62.62	61.48	62.88	62.10	63.30	64.22	63.60	62.18	63.48	62.77	1.86081578095	50
24920	24920	81462	81462	61.83	63.38	62.55	61.45	62.95	62.12	63.27	64.22	63.60	62.18	63.52	62.76	1.86039485914	50
24970	24970	81412	81412	61.83	63.30	62.55	61.45	62.90	62.10	63.25	64.22	63.55	62.17	63.48	62.73	1.86021346977	50
25020	25020	81362	81362	61.73	63.45	62.48	61.30	62.85	62.05	63.10	64.28	63.48	62.04	63.52	62.67	1.86116890904	50
25070	25070	81312	81312	61.67	63.42	62.48	61.30	62.83	62.02	63.02	64.30	63.52	62.00	63.52	62.67	1.86186079769	50
25120	25120	81262	81262	61.58	63.42	62.40	61.23	62.85	61.92	62.92	64.28	63.58	61.91	63.52	62.63	1.86131630048	50
25170	25170	81212	81212	61.52	63.38	62.38	61.17	62.75	61.88	62.88	64.33	63.58	61.86	63.48	62.61	1.86113037166	50
25220	25220	81162	81162	61.58	63.27	62.30	61.23	62.75	61.92	62.88	64.30	63.45	61.89	63.44	62.56	1.86098525541	50
25270	25270	81112	81112	61.58	63.30	62.38	61.20	62.67	61.88	62.85	64.25	63.45	61.88	63.41	62.57	1.86204841412	50
25320	25320	81062	81062	61.62	63.35	62.35	61.10	62.73	61.83	62.88	64.17	63.48	61.87	63.42	62.55	1.86222829945	50
25370	25370	81012	81012	61.52	63.27	62.30	61.00	62.67	61.80	62.85	64.08	63.40	61.79	63.34	62.50	1.86256004771	50
25420	25420	80962	80962	61.52	63.20	62.30	60.95	62.70	61.70	62.77	64.05	63.33	61.75	63.32	62.44	1.86268153264	50
25470	25470	80912	80912	61.50	63.20	62.25	60.83	62.60	61.60	62.77	64.08	63.27	61.70	63.29	62.38	1.86241620762	50
25520	25520	80862	80862	61.55	63.10	62.20	60.83	62.55	61.55	62.70	63.98	63.25	61.69	63.21	62.33	1.86167857366	50
25570	25570	80812	80812	61.50	63.02	62.08	60.65	62.55	61.55	62.58	63.98	63.10	61.58	63.18	62.24	1.86270531927	50
25620	25620	80762	80762	61.42	63.05	62.00	60.55	62.60	61.52	62.58	63.95	63.10	61.52	63.20	62.21	1.86272117743	50
25670	25670	80712	80712	61.33	63.02	61.98	60.55	62.55	61.45	62.52	63.90	63.00	61.47	63.16	62.14	1.8622517077	50
25720	25720	80662	80662	61.25	63.02	61.95	60.48	62.55	61.45	62.45	63.88	62.95	61.39	63.15	62.12	1.86233787207	50
25770	25770	80612	80612	61.25	63.05	61.92	60.48	62.55	61.42	62.48	63.85	62.92	61.40	63.15	62.09	1.86229110234	50
25820	25820	80562	80562	61.23	62.95	61.90	60.42	62.50	61.40	62.42	63.80	62.92	61.36	63.08	62.08	1.8622058366	50
25870	25870	80512	80512	60.95	62.92	61.83	60.38	62.52	61.27	62.42	63.75	62.90	61.25	63.07	62.00	1.8619123882	50
25920	25920	80462	80462	60.98	62.92	61.77	60.35	62.40	61.25	62.38	63.70	62.90	61.23	63.01	61.98	1.86223347436	50
25970	25970	80412	80412	60.98	62.95	61.73	60.33	62.42	61.25	62.27	63.73	62.85	61.19	63.03	61.94	1.862067465	50
26020	26020	80362	80362	60.90	63.00	61.75	60.30	62.42	61.23	62.23	63.60	62.83	61.14	63.01	61.93	1.86258133312	50
26070	26070	80312	80312	60.92	62.98	61.73	60.25	62.42	61.15	62.27	63.62	62.77	61.15	63.01	61.88	1.86352992098	50
26120	26120	80262	80262	60.88	62.90	61.67	60.23	62.27	61.15	62.23	63.60	62.70	61.11	62.92	61.84	1.86371100314	50
26170	26170	80212	80212	60.88	62.83	61.62	60.17	62.20	61.17	62.20	63.62	62.58	61.08	62.88	61.79	1.86291244035	50
26220	26220	80162	80162	60.83	62.80	61.55	60.17	62.20	61.15	62.05	63.62	62.52	61.02	62.88	61.74	1.86343708647	50
26270	26270	80112	80112	60.88	62.73	61.48	60.08	62.15	61.10	61.95	63.58	62.60	60.97	62.82	61.73	1.86355211695	50
26320	26320	80062	80062	60.90	62.62	61.40	60.08	62.17	61.02	61.98	63.58	62.55	60.98	62.79	61.66	1.86427152708	50
26370	26370	80012	80012	60.83	62.60	61.38	60.02	62.17	61.08	62.02	63.60	62.58	60.96	62.79	61.67	1.86408262924	50
26420	26420	79962	79962	60.70	62.67	61.15	59.90	62.12	61.10	61.88	63.58	62.48	60.83	62.79	61.58	1.86394854404	50
26470	26470	79912	79912	60.62	62.52	61.17	60.00	62.12	61.05	61.88	63.58	62.48	60.83	62.74	61.57	1.86340080331	50
26520	26520	79862	79862	60.65	62.52	61.12	60.00	62.12	61.08	61.77	63.48	62.42	60.81	62.71	61.54	1.86362287658	50
26570	26570	79812	79812	60.55	62.48	61.08	60.00	62.08	61.00	61.65	63.38	62.42	60.73	62.64	61.50	1.86423057286	50
26620	26620	79762	79762	60.55	62.40	61.08	60.00	62.12	60.98	61.60	63.33	62.35	60.72	62.62	61.47	1.86373832807	50
26670	26670	79712	79712	60.48	62.45	61.08	60.02	62.08	61.00	61.50	63.27	62.33	60.67	62.60	61.47	1.86327964787	50
26720	26720	79662	79662	60.48	62.35	61.05	60.02	62.10	61.02	61.48	63.17	62.30	60.66	62.54	61.46	1.86394757804	50
26770	26770	79612	79612	60.40	62.40	61.05	60.05	62.10	60.95	61.45	63.15	62.25	60.63	62.55	61.42	1.86378243201	50
26820	26820	79562	79562	60.38	62.30	61.02	59.95	62.02	60.92	61.50	63.10	62.17	60.61	62.48	61.38	1.86426769904	50
26870	26870	79512	79512	60.40	62.27	61.00	59.98	61.98	60.90	61.45	62.98	62.08	60.61	62.41	61.33	1.86446006529	50
26920	26920	79462	79462	60.42	62.30	60.95	59.92	62.00	60.88	61.42	62.90	62.08	60.59	62.40	61.30	1.86473855056	50
26970	26970	79412	79412	60.35	62.25	60.85	59.98	62.00	60.75	61.40	62.98	62.05	60.58	62.41	61.22	1.8660612793	50
27020	27020	79362	79362	60.33	62.20	60.83	59.88	61.98	60.75	61.45	63.00	62.05	60.55	62.39	61.21	1.86536588192	50
27070	27070	79312	79312	60.25	62.23	60.80	59.88	62.00	60.67	61.42	62.95	62.05	60.52	62.39	61.17	1.86459832121	50
27120	27120	79262	79262	60.30	62.17	60.75	59.83	61.95	60.67	61.42	62.90	61.88	60.52	62.34	61.10	1.86549884437	50
27170	27170	79212	79212	60.33	62.08	60.75	59.67	61.85	60.73	61.38	62.92	61.83	60.46	62.28	61.10	1.86650505442	50
27220	27220	79162	79162	60.27	62.02	60.73	59.65	61.88	60.67	61.20	62.70	61.83	60.38	62.20	61.08	1.8659049405	50
27270	27270	79112	79112	60.27	61.95	60.65	59.60	61.73	60.67	61.20	62.77	61.77	60.36	62.15	61.03	1.86652060278	50
27320	27320	79062	79062	60.27	61.92	60.55	59.55	61.80	60.58	61.20	62.77	61.75	60.34	62.17	60.96	1.86587655982	50
27370	27370	79012	79012	60.20	61.73	60.45	59.50	61.62	60.50	61.25	62.65	61.65	60.32	62.00	60.87	1.86602288922	50
27420	27420	78962	78962	60.25	61.73	60.42	59.50	61.60	60.52	61.17	62.52	61.55	60.31	61.95	60.83	1.86595225983	50
27470	27470	78912	78912	60.17	61.77	60.38	59.48	61.62	60.40	61.02	62.55	61.50	60.23	61.98	60.76	1.86623809769	50
27520	27520	78862	78862	60.27	61.70	60.40	59.48	61.62	60.35	61.15	62.45	61.45	60.30	61.92	60.73	1.86633707059	50
27570	27570	78812	78812	60.15	61.60	60.12	59.42	61.67	60.23	61.08	62.35	61.45	60.22	61.88	60.60	1.86780484737	50
27620	27620	78762	78762	60.20	61.35	59.92	59.50	61.35	60.15	61.10	62.33	61.40	60.27	61.67	60.49	1.86862119634	50
27670	27670	78712	78712	60.02	61.30	59.95	59.45	61.38	60.15	61.10	62.17	61.30	60.19	61.62	60.47	1.86885058334	50
27720	27720	78662	78662	59.98	61.30	59.90	59.40	61.15	60.08	60.98	62.08	61.20	60.12	61.51	60.39	1.87056507131	50
27770	27770	78612	78612	59.92	61.35	59.80	59.27	61.02	60.02	60.98	62.02	61.10	60.06	61.47	60.31	1.87001730255	50
27820	27820	78562	78562	59.88	61.38	59.70	59.23	61.05	60.00	60.92	62.10	61.10	60.01	61.51	60.27	1.87104129925	50
27870	27870	78512	78512	59.83	61.27	59.65	59.15	61.00	60.00	60.88	62.12	61.05	59.95	61.47	60.23	1.87138371701	50
27920	27920	78462	78462	59.70	61.20	59.58	59.12	60.92	59.90	60.80	62.05	61.05	59.88	61.39	60.17	1.87089812756	50
27970	27970	78412	78412	59.67	61.20	59.62	59.05	60.90	59.85	60.70	62.05	61.02	59.81	61.38	60.17	1.87059157032	50
28020	28020	78362	78362	59.60	61.12	59.60	58.98	60.85	59.77	60.55	61.95	61.00	59.71	61.31	60.12	1.8711538506	50
28070	28070	78312	78312	59.58	61.05	59.62	58.92	60.85	59.73	60.42	61.92	61.00	59.64	61.27	60.12	1.87090126434	50
28120	28120	78262	78262	59.55	61.02	59.60	58.95	60.77	59.67	60.45	61.88	60.90	59.65	61.23	60.06	1.87095102209	50
28170	28170	78212	78212	59.52	60.98	59.48	58.83	60.75	59.52	60.25	61.85	60.83	59.53	61.19	59.94	1.870775375	50
28220	28220	78162	78162	59.58	60.85	59.48	58.80	60.67	59.50	60.23	61.77	60.80	59.53	61.10	59.92	1.87104167866	50
28270	28270	78112	78112	59.55	60.80	59.48	58.80	60.70	59.42	60.25	61.77	60.73	59.53	61.09	59.88	1.87145303578	50
28320	28320	78062	78062	59.58	60.83	59.38	58.65	60.67	59.45	60.23	61.70	60.70	59.48	61.07	59.84	1.87205121081	50
28370	28370	78012	78012	59.60	60.75	59.38	58.62	60.65	59.40	60.17	61.67	60.67	59.47	61.02	59.82	1.87187200106	50
28420	28420	77962	77962	59.52	60.77	59.33	58.62	60.58	59.23	60.12	61.65	60.50	59.42	61.00	59.68	1.87145398316	50
28470	28470	77912	77912	59.55	60.77	59.38	58.60	60.62	59.30	60.20	61.60	60.52	59.45	61.00	59.73	1.87166693661	50
28520	28520	77862	77862	59.55	60.75	59.38	58.65	60.65	59.30	60.15	61.65	60.48	59.45	61.02	59.72	1.87223381996	50
28570	28570	77812	77812	59.42	60.88	59.35	58.62	60.55	59.30	60.17	61.60	60.42	59.41	61.01	59.69	1.87138618924	50
28620	28620	77762	77762	59.38	60.75	59.27	58.60	60.45	59.27	60.12	61.55	60.38	59.37	60.92	59.64	1.87173371088	50
28670	28670	77712	77712	59.38	60.77	59.23	58.60	60.52	59.17	60.10	61.55	60.35	59.36	60.95	59.58	1.87190505287	50
28720	28720	77662	77662	59.35	60.67	59.25	58.55	60.45	59.17	59.92	61.52	60.33	59.27	60.88	59.58	1.87234706492	50
28770	28770	77612	77612	59.30	60.77	59.20	58.50	60.38	59.15	59.92	61.52	60.35	59.24	60.89	59.57	1.87208906523	50
28820	28820	77562	77562	59.27	60.67	59.17	58.48	60.33	59.12	59.85	61.45	60.23	59.20	60.82	59.51	1.8723274824	50
28870	28870	77512	77512	59.23	60.62	59.15	58.45	60.27	59.10	59.88	61.40	60.23	59.18	60.77	59.49	1.87189105641	50
28920	28920	77462	77462	59.23	60.58	59.08	58.48	60.30	58.95	59.80	61.38	60.23	59.17	60.75	59.42	1.87274297851	50
28970	28970	77412	77412	59.12	60.55	59.05	58.40	60.30	58.92	59.75	61.40	60.15	59.09	60.75	59.38	1.8734689342	50
29020	29020	77362	77362	59.02	60.50	59.05	58.33	60.27	58.92	59.65	61.27	60.08	59.00	60.68	59.35	1.87261389754	50
29070	29070	77312	77312	59.02	60.52	59.00	58.33	60.23	58.92	59.73	61.25	60.02	59.02	60.67	59.32	1.87236218721	50
29120	29120	77262	77262	58.98	60.50	59.05	58.30	60.17	58.95	59.65	61.23	59.98	58.98	60.63	59.33	1.87289608852	50
29170	29170	77212	77212	59.02	60.42	58.90	58.33	60.15	58.95	59.58	61.20	59.95	58.98	60.59	59.27	1.87246782669	50
29220	29220	77162	77162	58.90	60.48	58.90	58.35	60.17	58.88	59.58	61.23	59.88	58.94	60.62	59.22	1.87280390722	50
29270	29270	77112	77112	58.83	60.42	58.92	58.25	60.15	58.83	59.62	61.17	59.88	58.90	60.58	59.21	1.87265945449	50
29320	29320	77062	77062	58.88	60.42	58.98	58.25	60.15	58.80	59.52	61.20	59.88	58.88	60.59	59.22	1.87348821232	50
29370	29370	77012	77012	58.88	60.40	58.95	58.20	60.15	58.75	59.48	61.12	59.77	58.85	60.56	59.16	1.87398247151	50
29420	29420	76962	76962	58.88	60.30	58.92	58.25	60.05	58.75	59.52	61.12	59.70	58.88	60.49	59.12	1.87412987496	50
29470	29470	76912	76912	58.88	60.33	58.88	58.23	60.02	58.70	59.48	61.15	59.70	58.86	60.50	59.09	1.87504415007	50
29520	29520	76862	76862	58.90	60.30	58.85	58.20	60.02	58.67	59.45	61.20	59.73	58.85	60.51	59.08	1.87422166706	50
29570	29570	76812	76812	58.80	60.25	58.80	58.17	59.95	58.65	59.45	61.17	59.60	58.81	60.46	59.02	1.87428211988	50
29620	29620	76762	76762	58.88	60.27	58.85	58.12	59.90	58.65	59.45	61.17	59.58	58.82	60.45	59.02	1.87502740362	50
29670	29670	76712	76712	58.85	60.17	58.80	58.05	59.88	58.60	59.45	61.17	59.52	58.78	60.41	58.98	1.87508904557	50
29720	29720	76662	76662	58.88	60.20	58.77	58.08	59.83	58.58	59.50	61.17	59.55	58.82	60.40	58.97	1.87502251124	50
29770	29770	76612	76612	58.85	60.15	58.77	58.10	59.83	58.60	59.40	61.15	59.52	58.78	60.38	58.97	1.87654494318	50
29820	29820	76562	76562	58.88	60.10	58.75	58.02	59.83	58.58	59.33	61.10	59.50	58.74	60.34	58.94	1.87738444995	50
29870	29870	76512	76512	58.83	60.12	58.75	57.98	59.77	58.58	59.27	61.08	59.52	58.69	60.33	58.95	1.8771533483	50
29920	29920	76462	76462	58.83	60.02	58.67	57.98	59.77	58.50	59.23	61.02	59.50	58.67	60.27	58.89	1.87716616107	50
29970	29970	76412	76412	58.77	60.00	58.62	57.92	59.73	58.45	59.15	61.00	59.45	58.62	60.24	58.84	1.877478811	50
30020	30020	76362	76362	58.75	59.98	58.67	57.92	59.70	58.45	59.12	60.98	59.33	58.60	60.22	58.82	1.87812277886	50
30070	30070	76312	76312	58.70	59.88	58.65	57.90	59.67	58.40	59.15	60.92	59.35	58.58	60.16	58.80	1.87888894997	50
30120	30120	76262	76262	58.60	59.80	58.62	57.88	59.55	58.30	59.10	60.90	59.27	58.52	60.08	58.73	1.87987548499	50
30170	30170	76212	76212	58.58	59.83	58.60	57.90	59.58	58.23	59.08	60.88	59.20	58.52	60.09	58.67	1.87964961351	50
30220	30220	76162	76162	58.55	59.77	58.58	57.90	59.55	58.15	59.00	60.88	59.17	58.48	60.07	58.63	1.8798172274	50
30270	30270	76112	76112	58.50	59.73	58.55	57.80	59.52	58.10	59.00	60.90	59.17	58.43	60.05	58.61	1.88038649438	50
30320	30320	76062	76062	58.48	59.73	58.52	57.73	59.45	58.05	58.95	60.83	59.08	58.38	60.00	58.55	1.88044190087	50
30370	30370	76012	76012	58.42	59.73	58.58	57.75	59.42	58.05	58.95	60.83	59.08	58.38	59.99	58.57	1.8802068059	50
30420	30420	75962	75962	58.40	59.75	58.55	57.70	59.45	58.00	58.90	60.83	58.95	58.33	60.01	58.50	1.88092077711	50
30470	30470	75912	75912	58.42	59.75	58.50	57.62	59.42	57.92	58.90	60.80	58.88	58.32	59.99	58.43	1.88129531119	50
30520	30520	75862	75862	58.35	59.73	58.50	57.58	59.40	57.92	58.80	60.85	58.88	58.24	59.99	58.43	1.88227715028	50
30570	30570	75812	75812	58.35	59.70	58.42	57.58	59.40	57.90	58.77	60.88	58.88	58.23	59.99	58.40	1.88252349458	50
30620	30620	75762	75762	58.30	59.73	58.40	57.60	59.30	57.90	58.75	60.85	58.88	58.22	59.96	58.39	1.88211667142	50
30670	30670	75712	75712	58.33	59.65	58.35	57.50	59.30	57.85	58.83	60.77	58.90	58.22	59.91	58.37	1.88255552778	50
30720	30720	75662	75662	58.25	59.62	58.33	57.45	59.27	57.83	58.73	60.80	58.88	58.14	59.90	58.34	1.8831382861	50
30770	30770	75612	75612	58.25	59.58	58.33	57.48	59.23	57.77	58.67	60.75	58.83	58.13	59.85	58.31	1.88399748007	50
30820	30820	75562	75562	58.17	59.55	58.27	57.48	59.17	57.75	58.65	60.70	58.73	58.10	59.81	58.25	1.88398405812	50
30870	30870	75512	75512	58.17	59.60	58.30	57.42	59.15	57.65	58.55	60.73	58.77	58.05	59.83	58.24	1.88520686345	50
30920	30920	75462	75462	58.15	59.55	58.30	57.45	59.10	57.67	58.55	60.73	58.70	58.05	59.79	58.23	1.88506045564	50
30970	30970	75412	75412	58.12	59.45	58.27	57.35	59.08	57.62	58.48	60.70	58.65	57.98	59.74	58.18	1.88538965897	50
31020	31020	75362	75362	58.12	59.42	58.27	57.33	59.02	57.67	58.48	60.70	58.67	57.98	59.72	58.21	1.88529016694	50
31070	31070	75312	75312	58.02	59.45	58.27	57.30	58.98	57.65	58.30	60.67	58.62	57.88	59.70	58.18	1.88522984862	50
31120	31120	75262	75262	58.02	59.38	58.25	57.33	58.95	57.60	58.20	60.60	58.62	57.85	59.64	58.16	1.88580496735	50
31170	31170	75212	75212	58.05	59.40	58.23	57.30	58.92	57.55	58.25	60.58	58.60	57.87	59.63	58.12	1.88555627249	50
31220	31220	75162	75162	57.98	59.40	58.17	57.27	58.85	57.55	58.23	60.58	58.55	57.83	59.61	58.09	1.88600092022	50
31270	31270	75112	75112	57.90	59.35	58.10	57.25	58.85	57.58	58.17	60.45	58.42	57.77	59.55	58.03	1.88672298936	50
31320	31320	75062	75062	57.90	59.30	58.08	57.20	58.80	57.60	58.05	60.38	58.35	57.72	59.49	58.01	1.88666171585	50
31370	31370	75012	75012	57.92	59.27	58.05	57.12	58.80	57.62	58.02	60.35	58.35	57.69	59.48	58.01	1.88727375766	50
31420	31420	74962	74962	57.88	59.25	58.08	57.08	58.83	57.58	58.00	60.38	58.30	57.65	59.48	57.98	1.88729252941	50
31470	31470	74912	74912	57.88	59.23	58.00	57.08	58.77	57.58	57.98	60.33	58.23	57.64	59.44	57.93	1.88767275132	50
31520	31520	74862	74862	57.83	59.30	57.98	57.05	58.75	57.58	58.05	60.20	58.27	57.64	59.42	57.94	1.88830237248	50
31570	31570	74812	74812	57.80	59.27	57.98	57.05	58.70	57.52	58.02	60.17	58.30	57.62	59.38	57.93	1.88827399795	50
31620	31620	74762	74762	57.77	59.20	57.95	57.05	58.65	57.52	57.90	60.12	58.25	57.58	59.33	57.91	1.88858874882	50
31670	31670	74712	74712	57.77	59.10	57.95	57.05	58.67	57.50	57.90	60.08	58.20	57.58	59.28	57.88	1.88922802176	50
31720	31720	74662	74662	57.73	59.10	57.92	57.05	58.73	57.50	57.90	60.10	58.12	57.56	59.31	57.85	1.88949319235	50
31770	31770	74612	74612	57.70	59.05	57.92	57.00	58.73	57.52	57.88	60.12	58.08	57.52	59.30	57.84	1.88952880316	50
31820	31820	74562	74562	57.75	59.08	57.88	57.02	58.67	57.50	57.88	60.10	58.10	57.55	59.28	57.83	1.89006490033	50
31870	31870	74512	74512	57.73	59.00	57.85	57.00	58.65	57.48	57.85	60.12	58.08	57.52	59.26	57.80	1.89059714178	50
31920	31920	74462	74462	57.65	59.02	57.85	57.05	58.65	57.45	57.83	60.17	58.08	57.51	59.28	57.79	1.89017842496	50
31970	31970	74412	74412	57.65	58.95	57.85	56.95	58.73	57.45	57.85	60.10	58.05	57.48	59.26	57.78	1.89060266462	50
32020	32020	74362	74362	57.62	58.90	57.85	56.95	58.67	57.35	57.90	60.02	58.05	57.49	59.20	57.75	1.89073065195	50
32070	32070	74312	74312	57.62	58.92	57.85	56.95	58.60	57.33	57.95	60.08	58.00	57.51	59.20	57.73	1.89074192457	50
32120	32120	74262	74262	57.62	58.92	57.85	56.98	58.55	57.33	57.92	60.00	57.98	57.51	59.16	57.72	1.89135652769	50
32170	32170	74212	74212	57.58	58.92	57.85	56.95	58.52	57.30	57.90	59.98	57.95	57.48	59.14	57.70	1.89132324325	50
32220	32220	74162	74162	57.50	58.92	57.85	56.95	58.52	57.27	57.83	59.98	57.95	57.42	59.14	57.69	1.8918406326	50
32270	32270	74112	74112	57.48	58.92	57.83	56.98	58.48	57.30	57.77	59.98	57.98	57.41	59.12	57.70	1.89249101251	50
32320	32320	74062	74062	57.48	58.90	57.80	57.00	58.55	57.25	57.80	59.90	58.00	57.42	59.12	57.68	1.892642925	50
32370	32370	74012	74012	57.40	58.83	57.77	57.00	58.58	57.25	57.77	59.90	58.00	57.39	59.10	57.67	1.89226889274	50
32420	32420	73962	73962	57.45	58.80	57.77	57.00	58.55	57.25	57.77	59.90	58.02	57.41	59.08	57.68	1.89254447369	50
32470	32470	73912	73912	57.52	58.80	57.77	57.00	58.55	57.25	57.85	59.88	58.00	57.46	59.08	57.67	1.89340291873	50
32520	32520	73862	73862	57.50	58.77	57.77	57.00	58.50	57.27	57.80	59.88	57.98	57.43	59.05	57.67	1.89404243471	50
32570	32570	73812	73812	57.52	58.75	57.80	56.98	58.50	57.30	57.77	59.88	58.00	57.42	59.04	57.70	1.89412790799	50
32620	32620	73762	73762	57.50	58.73	57.77	56.92	58.50	57.27	57.77	59.88	57.98	57.40	59.03	57.67	1.89473821156	50
32670	32670	73712	73712	57.45	58.75	57.73	56.90	58.48	57.27	57.73	59.83	57.90	57.36	59.02	57.63	1.89459184165	50
32720	32720	73662	73662	57.48	58.70	57.73	56.90	58.45	57.23	57.58	59.88	57.83	57.32	59.01	57.59	1.89473801235	50
32770	32770	73612	73612	57.45	58.73	57.73	56.85	58.48	57.25	57.48	59.88	57.83	57.26	59.02	57.60	1.89536567647	50
32820	32820	73562	73562	57.45	58.67	57.77	56.85	58.48	57.23	57.42	59.92	57.80	57.24	59.02	57.60	1.89542898824	50
32870	32870	73512	73512	57.45	58.70	57.77	56.80	58.52	57.25	57.42	59.88	57.77	57.23	59.03	57.60	1.8955196894	50
32920	32920	73462	73462	57.38	58.65	57.77	56.88	58.42	57.27	57.42	59.83	57.77	57.23	58.97	57.61	1.89556793192	50
32970	32970	73412	73412	57.40	58.65	57.73	56.80	58.40	57.25	57.40	59.85	57.75	57.20	58.97	57.58	1.89678008215	50
33020	33020	73362	73362	57.38	58.65	57.70	56.77	58.50	57.23	57.45	59.88	57.73	57.20	59.01	57.55	1.89683211383	50
33070	33070	73312	73312	57.38	58.67	57.70	56.80	58.48	57.25	57.52	59.90	57.73	57.23	59.02	57.56	1.89774788171	50
33120	33120	73262	73262	57.30	58.67	57.73	56.73	58.42	57.20	57.48	59.85	57.70	57.17	58.98	57.54	1.89833659425	50
33170	33170	73212	73212	57.27	58.60	57.73	56.75	58.52	57.12	57.45	59.83	57.73	57.16	58.98	57.52	1.89858360096	50
33220	33220	73162	73162	57.30	58.62	57.73	56.70	58.48	57.12	57.40	59.88	57.65	57.13	58.99	57.50	1.89841107622	50
33270	33270	73112	73112	57.25	58.60	57.70	56.67	58.48	57.12	57.40	59.85	57.65	57.11	58.98	57.49	1.89891896435	50
33320	33320	73062	73062	57.25	58.60	57.65	56.65	58.48	57.05	57.35	59.83	57.60	57.08	58.97	57.43	1.89918285195	50
33370	33370	73012	73012	57.25	58.58	57.65	56.73	58.45	57.10	57.35	59.85	57.62	57.11	58.96	57.46	1.89898976408	50
33420	33420	72962	72962	57.25	58.55	57.65	56.60	58.48	57.05	57.35	59.85	57.62	57.07	58.96	57.44	1.89961948042	50
33470	33470	72912	72912	57.27	58.52	57.67	56.60	58.50	57.08	57.30	59.85	57.62	57.06	58.96	57.46	1.89947247545	50
33520	33520	72862	72862	57.23	58.55	57.67	56.60	58.45	57.10	57.27	59.83	57.62	57.03	58.94	57.47	1.9001569007	50
33570	33570	72812	72812	57.25	58.52	57.67	56.60	58.42	57.10	57.25	59.85	57.62	57.03	58.93	57.47	1.90028641425	50
33620	33620	72762	72762	57.20	58.52	57.67	56.62	58.40	57.08	57.30	59.88	57.60	57.04	58.93	57.45	1.900948142	50
33670	33670	72712	72712	57.17	58.55	57.67	56.58	58.42	57.10	57.30	59.83	57.58	57.02	58.93	57.45	1.90088227965	50
33720	33720	72662	72662	57.25	58.55	57.67	56.55	58.42	57.08	57.25	59.85	57.60	57.02	58.94	57.45	1.90081194987	50
33770	33770	72612	72612	57.23	58.55	57.67	56.60	58.33	57.10	57.20	59.85	57.60	57.01	58.91	57.46	1.90050535699	50
33820	33820	72562	72562	57.20	58.48	57.62	56.58	58.30	57.12	57.17	59.83	57.58	56.98	58.87	57.44	1.90131986527	50
33870	33870	72512	72512	57.17	58.48	57.62	56.52	58.27	57.10	57.17	59.85	57.58	56.96	58.87	57.43	1.90153444992	50
33920	33920	72462	72462	57.17	58.45	57.60	56.55	58.17	57.10	57.17	59.77	57.55	56.97	58.80	57.42	1.90145839566	50
33970	33970	72412	72412	57.17	58.45	57.55	56.52	58.20	57.02	57.12	59.73	57.55	56.94	58.79	57.38	1.90159613327	50
34020	34020	72362	72362	57.15	58.48	57.52	56.52	58.17	57.00	57.10	59.70	57.55	56.92	58.78	57.36	1.90196902123	50
34070	34070	72312	72312	57.10	58.45	57.52	56.45	58.12	56.95	57.02	59.67	57.58	56.86	58.75	57.35	1.90223302533	50
34120	34120	72262	72262	57.12	58.52	57.48	56.40	58.10	56.98	57.00	59.65	57.55	56.84	58.76	57.33	1.90263052588	50
34170	34170	72212	72212	57.12	58.50	57.48	56.38	58.10	56.95	57.02	59.65	57.55	56.84	58.75	57.33	1.90290908215	50
34220	34220	72162	72162	57.12	58.48	57.52	56.35	58.12	56.95	56.90	59.60	57.50	56.79	58.73	57.33	1.90328038144	50
34270	34270	72112	72112	57.12	58.48	57.52	56.38	58.10	56.98	56.85	59.58	57.50	56.78	58.72	57.33	1.90349160876	50
34320	34320	72062	72062	57.12	58.50	57.50	56.38	58.08	56.95	56.83	59.55	57.45	56.77	58.71	57.30	1.90370202207	50
34370	34370	72012	72012	57.08	58.48	57.45	56.35	58.08	56.98	56.77	59.50	57.48	56.73	58.68	57.30	1.90381769524	50
34420	34420	71962	71962	57.00	58.55	57.45	56.38	58.02	56.95	56.77	59.45	57.45	56.72	58.67	57.28	1.90449476851	50
34470	34470	71912	71912	57.00	58.55	57.40	56.35	58.05	56.90	56.80	59.45	57.45	56.72	58.68	57.25	1.90489301872	50
34520	34520	71862	71862	56.95	58.50	57.35	56.42	58.08	56.92	56.83	59.48	57.38	56.73	58.68	57.22	1.90565823372	50
34570	34570	71812	71812	56.92	58.42	57.33	56.42	58.00	56.88	56.80	59.50	57.30	56.72	58.64	57.17	1.90600532871	50
34620	34620	71762	71762	56.90	58.48	57.33	56.45	57.95	56.88	56.77	59.45	57.33	56.71	58.62	57.17	1.90535788796	50
34670	34670	71712	71712	56.88	58.45	57.30	56.40	58.00	56.85	56.73	59.45	57.33	56.67	58.63	57.16	1.90587416662	50
34720	34720	71662	71662	56.85	58.42	57.30	56.30	58.00	56.88	56.73	59.45	57.35	56.62	58.62	57.17	1.90652354662	50
34770	34770	71612	71612	56.85	58.42	57.30	56.35	57.98	56.85	56.67	59.45	57.38	56.62	58.62	57.17	1.90646030831	50
34820	34820	71562	71562	56.88	58.45	57.30	56.38	57.98	56.85	56.70	59.45	57.33	56.65	58.62	57.16	1.90667667809	50
34870	34870	71512	71512	56.88	58.48	57.30	56.35	57.98	56.88	56.67	59.45	57.33	56.63	58.63	57.17	1.90701344744	50
34920	34920	71462	71462	56.88	58.48	57.27	56.38	57.95	56.85	56.65	59.42	57.27	56.63	58.62	57.13	1.90718976463	50
34970	34970	71412	71412	56.88	58.40	57.27	56.33	57.92	56.85	56.62	59.40	57.30	56.61	58.58	57.14	1.90738934254	50
35020	35020	71362	71362	56.83	58.33	57.27	56.38	57.92	56.80	56.65	59.33	57.25	56.62	58.52	57.11	1.90731080939	50
35070	35070	71312	71312	56.83	58.33	57.27	56.35	57.88	56.83	56.58	59.30	57.25	56.58	58.50	57.12	1.90724919749	50
35120	35120	71262	71262	56.80	58.33	57.25	56.30	57.90	56.85	56.60	59.33	57.25	56.57	58.52	57.12	1.90781441724	50
35170	35170	71212	71212	56.77	58.33	57.25	56.30	57.92	56.83	56.58	59.27	57.25	56.55	58.51	57.11	1.90751724645	50
35220	35220	71162	71162	56.75	58.27	57.23	56.30	57.95	56.80	56.55	59.15	57.23	56.53	58.46	57.08	1.90801312978	50
35270	35270	71112	71112	56.75	58.23	57.20	56.20	57.95	56.83	56.52	59.15	57.20	56.49	58.44	57.08	1.90777653639	50
35320	35320	71062	71062	56.80	58.23	57.17	56.20	57.95	56.75	56.52	59.12	57.20	56.51	58.43	57.04	1.90791508434	50
35370	35370	71012	71012	56.80	58.27	57.17	56.20	57.95	56.77	56.48	59.08	57.17	56.49	58.43	57.04	1.90780029808	50
35420	35420	70962	70962	56.80	58.27	57.17	56.20	57.95	56.80	56.52	59.05	57.12	56.51	58.42	57.03	1.90788792641	50
35470	35470	70912	70912	56.83	58.23	57.15	56.20	57.92	56.80	56.48	59.08	57.12	56.50	58.41	57.02	1.90843684532	50
35520	35520	70862	70862	56.73	58.27	57.17	56.17	57.95	56.75	56.48	59.05	57.12	56.46	58.42	57.02	1.90844183616	50
35570	35570	70812	70812	56.73	58.23	57.17	56.20	57.92	56.77	56.45	59.02	57.15	56.46	58.39	57.03	1.90847429146	50
35620	35620	70762	70762	56.67	58.27	57.12	56.10	57.90	56.75	56.42	59.05	57.15	56.40	58.41	57.01	1.90882820114	50
35670	35670	70712	70712	56.62	58.27	57.12	56.00	57.83	56.75	56.45	59.05	57.15	56.36	58.38	57.01	1.90887560088	50
35720	35720	70662	70662	56.62	58.25	57.12	56.00	57.83	56.73	56.38	59.05	57.17	56.33	58.38	57.01	1.90947716086	50
35770	35770	70612	70612	56.60	58.25	57.08	55.98	57.80	56.67	56.40	59.08	57.15	56.33	58.38	56.97	1.90951013477	50
35820	35820	70562	70562	56.58	58.25	57.10	56.00	57.80	56.70	56.40	59.02	57.12	56.33	58.36	56.98	1.90959479837	50
35870	35870	70512	70512	56.55	58.30	57.08	56.00	57.77	56.70	56.38	59.08	57.10	56.31	58.38	56.96	1.90924330154	50
35920	35920	70462	70462	56.50	58.27	57.05	55.98	57.73	56.67	56.40	59.02	57.15	56.29	58.34	56.96	1.90915948349	50
35970	35970	70412	70412	56.58	58.17	57.05	55.98	57.70	56.67	56.40	59.00	57.10	56.32	58.29	56.94	1.90902775367	50
36020	36020	70362	70362	56.58	58.17	57.05	55.98	57.70	56.70	56.42	59.02	57.10	56.33	58.30	56.95	1.90869985815	50
36070	36070	70312	70312	56.50	58.23	57.05	55.95	57.67	56.67	56.42	58.98	57.08	56.29	58.29	56.93	1.90858413389	50
36120	36120	70262	70262	56.55	58.23	57.05	55.92	57.62	56.67	56.42	58.95	57.10	56.30	58.27	56.94	1.90866623511	50
36170	36170	70212	70212	56.55	58.17	57.02	55.92	57.65	56.67	56.42	58.92	57.08	56.30	58.25	56.92	1.90866600129	50
36220	36220	70162	70162	56.50	58.17	57.00	55.90	57.60	56.70	56.40	58.98	57.12	56.27	58.25	56.94	1.90869146724	50
36270	36270	70112	70112	56.55	58.12	57.00	55.90	57.60	56.67	56.42	58.90	57.15	56.29	58.21	56.94	1.90879542362	50
36320	36320	70062	70062	56.55	58.08	57.00	55.85	57.60	56.65	56.40	58.90	57.10	56.27	58.19	56.92	1.90928143721	50
36370	36370	70012	70012	56.52	58.08	56.98	55.88	57.58	56.65	56.45	58.83	57.10	56.28	58.16	56.91	1.90926672584	50
36420	36420	69962	69962	56.45	58.05	56.98	55.88	57.58	56.60	56.38	58.88	57.05	56.23	58.17	56.88	1.91000111443	50
36470	36470	69912	69912	56.48	58.10	56.95	55.83	57.52	56.58	56.38	58.90	57.08	56.23	58.17	56.87	1.90980897019	50
36520	36520	69862	69862	56.40	58.10	56.95	55.73	57.52	56.55	56.38	58.90	57.02	56.17	58.17	56.84	1.90959279407	50
36570	36570	69812	69812	56.40	58.12	56.95	55.73	57.52	56.55	56.40	58.95	57.02	56.17	58.20	56.84	1.90941834127	50
36620	36620	69762	69762	56.45	58.10	56.98	55.70	57.50	56.50	56.40	58.88	57.00	56.18	58.16	56.83	1.91019715839	50
36670	36670	69712	69712	56.42	58.15	57.02	55.73	57.52	56.50	56.42	58.92	56.98	56.19	58.20	56.83	1.91042485084	50
36720	36720	69662	69662	56.48	58.15	56.95	55.70	57.52	56.50	56.42	58.90	56.90	56.20	58.19	56.78	1.91025719904	50
36770	36770	69612	69612	56.48	58.17	56.92	55.70	57.50	56.52	56.42	58.85	56.88	56.20	58.17	56.77	1.91029545965	50
36820	36820	69562	69562	56.45	58.17	56.92	55.65	57.52	56.52	56.38	58.83	56.90	56.16	58.17	56.78	1.91043606642	50
36870	36870	69512	69512	56.45	58.23	56.90	55.65	57.50	56.48	56.38	58.77	56.88	56.16	58.17	56.75	1.91033797717	50
36920	36920	69462	69462	56.45	58.20	56.90	55.58	57.50	56.48	56.38	58.80	56.83	56.13	58.17	56.73	1.91033881589	50
36970	36970	69412	69412	56.40	58.12	56.90	55.55	57.45	56.48	56.35	58.77	56.83	56.10	58.12	56.73	1.91036832694	50
37020	37020	69362	69362	56.40	58.17	56.85	55.48	57.45	56.48	56.33	58.80	56.85	56.07	58.14	56.73	1.90994433648	50
37070	37070	69312	69312	56.40	58.15	56.85	55.48	57.45	56.48	56.33	58.75	56.83	56.07	58.12	56.72	1.91029958721	50
37120	37120	69262	69262	56.42	58.12	56.88	55.42	57.42	56.40	56.33	58.83	56.83	56.06	58.12	56.70	1.91073692896	50
37170	37170	69212	69212	56.42	58.10	56.88	55.45	57.48	56.38	56.30	58.80	56.85	56.06	58.12	56.70	1.91116373627	50
37220	37220	69162	69162	56.40	58.12	56.92	55.45	57.45	56.35	56.33	58.80	56.83	56.06	58.12	56.70	1.91145576642	50
37270	37270	69112	69112	56.42	58.12	56.92	55.42	57.42	56.35	56.33	58.80	56.80	56.06	58.12	56.69	1.91131625985	50
37320	37320	69062	69062	56.38	58.10	56.92	55.38	57.45	56.35	56.33	58.77	56.80	56.02	58.11	56.69	1.91171882594	50
37370	37370	69012	69012	56.40	58.10	56.92	55.38	57.38	56.33	56.27	58.75	56.88	56.02	58.08	56.71	1.911482814	50
37420	37420	68962	68962	56.35	58.10	56.92	55.35	57.33	56.33	56.23	58.73	56.80	55.98	58.05	56.68	1.91147039541	50
37470	37470	68912	68912	56.27	58.08	56.90	55.33	57.38	56.33	56.17	58.75	56.85	55.92	58.07	56.69	1.91179561961	50
37520	37520	68862	68862	56.27	58.08	56.85	55.35	57.40	56.33	56.17	58.65	56.85	55.93	58.04	56.67	1.91172547113	50
37570	37570	68812	68812	56.27	58.08	56.83	55.30	57.42	56.33	56.15	58.65	56.85	55.91	58.05	56.67	1.91130349807	50
37620	37620	68762	68762	56.27	58.08	56.80	55.23	57.45	56.33	56.17	58.60	56.85	55.89	58.04	56.66	1.91141963698	50
37670	37670	68712	68712	56.27	58.08	56.80	55.25	57.48	56.35	56.17	58.60	56.85	55.90	58.05	56.67	1.91145725863	50
37720	37720	68662	68662	56.23	58.05	56.77	55.25	57.42	56.30	56.12	58.60	56.83	55.87	58.02	56.63	1.91127075949	50
37770	37770	68612	68612	56.20	58.08	56.77	55.17	57.40	56.27	56.10	58.62	56.83	55.83	58.03	56.62	1.91137264894	50
37820	37820	68562	68562	56.15	58.02	56.80	55.20	57.42	56.33	56.08	58.60	56.80	55.81	58.02	56.64	1.91205566318	50
37870	37870	68512	68512	56.12	57.98	56.83	55.15	57.42	56.27	56.10	58.60	56.85	55.79	58.00	56.65	1.9123755934	50
37920	37920	68462	68462	56.12	58.00	56.77	55.12	57.38	56.27	56.10	58.58	56.83	55.78	57.98	56.62	1.91304132229	50
37970	37970	68412	68412	56.08	58.02	56.75	55.12	57.40	56.30	56.10	58.60	56.85	55.77	58.01	56.63	1.91308433096	50
38020	38020	68362	68362	56.08	58.00	56.75	55.15	57.38	56.33	56.08	58.52	56.80	55.77	57.97	56.62	1.91280525513	50
38070	38070	68312	68312	56.05	57.98	56.73	55.15	57.38	56.25	56.02	58.55	56.83	55.74	57.97	56.60	1.91295146605	50
38120	38120	68262	68262	56.05	58.02	56.75	55.17	57.33	56.23	55.98	58.52	56.85	55.73	57.96	56.61	1.91285924849	50
38170	38170	68212	68212	55.92	57.98	56.75	55.17	57.35	56.25	55.98	58.50	56.83	55.69	57.94	56.61	1.91326711268	50
38220	38220	68162	68162	55.90	57.98	56.73	55.15	57.35	56.23	55.98	58.52	56.77	55.67	57.95	56.58	1.91293717866	50
38270	38270	68112	68112	56.00	57.92	56.67	55.15	57.33	56.23	55.92	58.50	56.75	55.69	57.92	56.55	1.9131622956	50
38320	38320	68062	68062	55.98	57.92	56.65	55.12	57.33	56.25	55.88	58.50	56.75	55.66	57.92	56.55	1.91397010055	50
38370	38370	68012	68012	56.00	57.92	56.67	55.10	57.33	56.27	55.85	58.50	56.77	55.65	57.92	56.58	1.91377911962	50
38420	38420	67962	67962	55.95	57.92	56.65	55.10	57.35	56.20	55.85	58.52	56.77	55.63	57.93	56.54	1.91381623868	50
38470	38470	67912	67912	55.92	57.90	56.65	55.10	57.35	56.17	55.85	58.48	56.75	55.62	57.91	56.52	1.91366116828	50
38520	38520	67862	67862	55.90	57.88	56.62	55.05	57.35	56.17	55.85	58.50	56.73	55.60	57.91	56.51	1.913866391	50
38570	38570	67812	67812	55.90	57.90	56.62	55.05	57.35	56.17	55.85	58.42	56.67	55.60	57.89	56.49	1.91401477038	50
38620	38620	67762	67762	55.88	57.92	56.65	54.95	57.35	56.15	55.85	58.42	56.70	55.56	57.90	56.50	1.9137973682	50
38670	38670	67712	67712	55.88	57.90	56.65	54.98	57.35	56.12	55.85	58.45	56.70	55.57	57.90	56.49	1.91380527969	50
38720	38720	67662	67662	55.90	57.90	56.62	54.98	57.33	56.10	55.83	58.40	56.73	55.57	57.88	56.48	1.91391556888	50
38770	38770	67612	67612	55.92	57.90	56.65	54.98	57.35	56.10	55.83	58.42	56.73	55.58	57.89	56.49	1.91424064138	50
38820	38820	67562	67562	55.90	57.85	56.55	54.98	57.35	56.10	55.80	58.35	56.75	55.56	57.85	56.47	1.91393861017	50
38870	38870	67512	67512	55.95	57.80	56.58	55.02	57.35	56.12	55.77	58.35	56.75	55.58	57.83	56.48	1.91441901801	50
38920	38920	67462	67462	55.90	57.83	56.55	55.02	57.35	56.10	55.67	58.27	56.73	55.53	57.82	56.46	1.9144069845	50
38970	38970	67412	67412	55.92	57.80	56.58	54.95	57.35	56.17	55.70	58.35	56.65	55.52	57.83	56.47	1.91493111022	50
39020	39020	67362	67362	55.92	57.77	56.58	54.92	57.35	56.08	55.67	58.33	56.60	55.51	57.82	56.42	1.91512326734	50
39070	39070	67312	67312	55.90	57.80	56.58	54.92	57.33	56.05	55.65	58.38	56.60	55.49	57.83	56.41	1.91534520958	50
39120	39120	67262	67262	55.80	57.80	56.55	54.92	57.33	56.00	55.65	58.35	56.58	55.46	57.83	56.38	1.9152994843	50
39170	39170	67212	67212	55.80	57.80	56.52	54.92	57.35	56.02	55.62	58.38	56.60	55.45	57.84	56.38	1.91543768763	50
39220	39220	67162	67162	55.80	57.83	56.52	54.92	57.30	55.98	55.65	58.42	56.65	55.46	57.85	56.38	1.91549529523	50
39270	39270	67112	67112	55.83	57.83	56.50	54.92	57.23	56.02	55.60	58.45	56.60	55.45	57.83	56.38	1.91556177446	50
39320	39320	67062	67062	55.75	57.80	56.50	54.83	57.25	55.95	55.60	58.38	56.58	55.39	57.81	56.34	1.91556042498	50
39370	39370	67012	67012	55.75	57.77	56.48	54.75	57.20	55.90	55.58	58.38	56.55	55.36	57.78	56.31	1.91599947871	50
39420	39420	66962	66962	55.73	57.77	56.45	54.73	57.20	55.88	55.55	58.38	56.52	55.33	57.78	56.28	1.91552266507	50
39470	39470	66912	66912	55.67	57.85	56.40	54.73	57.23	55.85	55.55	58.38	56.55	55.32	57.82	56.27	1.91571487986	50
39520	39520	66862	66862	55.62	57.77	56.42	54.73	57.23	55.85	55.52	58.38	56.50	55.29	57.79	56.26	1.91590510252	50
39570	39570	66812	66812	55.55	57.75	56.45	54.70	57.23	55.88	55.50	58.35	56.42	55.25	57.77	56.25	1.91631248292	50
39620	39620	66762	66762	55.62	57.67	56.42	54.75	57.20	55.88	55.50	58.33	56.38	55.29	57.73	56.23	1.91618231158	50
39670	39670	66712	66712	55.60	57.70	56.40	54.67	57.23	55.85	55.48	58.30	56.38	55.25	57.74	56.21	1.91605313093	50
39720	39720	66662	66662	55.58	57.70	56.40	54.65	57.20	55.92	55.48	58.23	56.38	55.23	57.71	56.23	1.91599225364	50
39770	39770	66612	66612	55.52	57.70	56.38	54.65	57.25	55.90	55.48	58.23	56.35	55.22	57.73	56.21	1.91595848183	50
39820	39820	66562	66562	55.48	57.70	56.40	54.65	57.23	55.92	55.48	58.23	56.33	55.20	57.72	56.22	1.91595837552	50
39870	39870	66512	66512	55.40	57.70	56.40	54.62	57.23	55.92	55.48	58.25	56.35	55.17	57.73	56.23	1.91575096525	50
39920	39920	66462	66462	55.40	57.73	56.35	54.67	57.23	55.80	55.42	58.25	56.30	55.17	57.73	56.15	1.91601965314	50
39970	39970	66412	66412	55.40	57.73	56.33	54.58	57.20	55.88	55.40	58.15	56.33	55.12	57.69	56.17	1.91599332875	50
40020	40020	66362	66362	55.40	57.67	56.30	54.58	57.17	55.80	55.42	58.12	56.27	55.13	57.66	56.12	1.91636081485	50
40070	40070	66312	66312	55.40	57.67	56.30	54.58	57.15	55.88	55.40	58.12	56.27	55.12	57.65	56.15	1.91620633489	50
40120	40120	66262	66262	55.38	57.70	56.33	54.52	57.15	55.83	55.35	58.12	56.30	55.08	57.66	56.15	1.9162034667	50
40170	40170	66212	66212	55.35	57.67	56.33	54.55	57.15	55.83	55.33	58.15	56.25	55.08	57.66	56.13	1.91608464257	50
40220	40220	66162	66162	55.30	57.65	56.33	54.50	57.15	55.80	55.33	58.15	56.25	55.04	57.65	56.12	1.91653678096	50
40270	40270	66112	66112	55.30	57.67	56.30	54.50	57.17	55.80	55.30	58.12	56.23	55.03	57.66	56.11	1.91714761505	50
40320	40320	66062	66062	55.27	57.62	56.27	54.45	57.12	55.77	55.27	58.15	56.20	55.00	57.63	56.08	1.91675797484	50
40370	40370	66012	66012	55.30	57.65	56.27	54.48	57.15	55.73	55.27	58.12	56.20	55.02	57.64	56.07	1.91719672768	50
40420	40420	65962	65962	55.27	57.62	56.25	54.50	57.10	55.70	55.27	58.12	56.17	55.02	57.62	56.04	1.91741423274	50
40470	40470	65912	65912	55.25	57.62	56.25	54.55	57.10	55.73	55.27	58.10	56.12	55.02	57.61	56.03	1.9169297052	50
40520	40520	65862	65862	55.27	57.67	56.23	54.50	57.12	55.75	55.33	58.10	56.10	55.03	57.63	56.02	1.91727069476	50
40570	40570	65812	65812	55.25	57.65	56.23	54.42	57.10	55.73	55.33	58.02	56.17	55.00	57.59	56.04	1.91811069134	50
40620	40620	65762	65762	55.25	57.55	56.23	54.42	57.10	55.67	55.30	58.02	56.15	54.99	57.56	56.02	1.91832866156	50
40670	40670	65712	65712	55.27	57.50	56.25	54.45	57.10	55.65	55.27	58.05	56.17	55.00	57.55	56.02	1.9178152474	50
40720	40720	65662	65662	55.25	57.55	56.20	54.42	57.08	55.62	55.30	58.02	56.15	54.99	57.55	55.99	1.91791946555	50
40770	40770	65612	65612	55.27	57.50	56.15	54.42	57.10	55.55	55.30	58.05	56.17	55.00	57.55	55.96	1.91816235225	50
40820	40820	65562	65562	55.20	57.55	56.15	54.42	57.10	55.55	55.25	58.02	56.15	54.96	57.56	55.95	1.91817350451	50
40870	40870	65512	65512	55.23	57.48	56.15	54.38	57.10	55.55	55.23	58.00	56.12	54.94	57.52	55.94	1.91839243411	50
40920	40920	65462	65462	55.23	57.40	56.15	54.35	57.10	55.48	55.23	58.00	56.10	54.93	57.50	55.91	1.9180917506	50
40970	40970	65412	65412	55.20	57.42	56.15	54.35	57.10	55.52	55.23	57.98	56.08	54.92	57.50	55.92	1.91823838167	50
41020	41020	65362	65362	55.23	57.40	56.15	54.35	57.05	55.52	55.23	57.98	56.05	54.93	57.48	55.91	1.9182642498	50
41070	41070	65312	65312	55.23	57.40	56.10	54.35	57.05	55.52	55.20	57.98	56.05	54.92	57.48	55.89	1.9182850937	50
41120	41120	65262	65262	55.20	57.38	56.10	54.35	57.05	55.55	55.20	58.00	56.02	54.92	57.48	55.89	1.91839004596	50
41170	41170	65212	65212	55.17	57.42	56.10	54.33	57.02	55.52	55.17	58.00	56.05	54.89	57.48	55.89	1.91871437882	50
41220	41220	65162	65162	55.15	57.40	56.10	54.33	57.02	55.48	55.15	58.00	56.05	54.88	57.48	55.88	1.91898190018	50
41270	41270	65112	65112	55.15	57.45	56.10	54.33	57.02	55.50	55.12	58.02	56.02	54.87	57.50	55.88	1.91912442667	50
41320	41320	65062	65062	55.10	57.40	56.08	54.30	56.98	55.45	55.12	57.98	56.05	54.84	57.45	55.86	1.91930886043	50
41370	41370	65012	65012	55.12	57.42	56.12	54.33	57.00	55.50	55.12	57.98	56.02	54.86	57.47	55.88	1.91897317718	50
41420	41420	64962	64962	55.08	57.40	56.10	54.33	57.00	55.48	55.10	57.98	56.02	54.83	57.46	55.87	1.91930632483	50
41470	41470	64912	64912	55.10	57.40	56.05	54.27	56.98	55.48	55.10	57.98	56.00	54.83	57.45	55.84	1.91984943678	50
41520	41520	64862	64862	55.10	57.42	56.02	54.23	56.98	55.50	55.05	57.92	55.98	54.79	57.44	55.83	1.9197443898	50
41570	41570	64812	64812	55.05	57.38	56.02	54.23	57.00	55.48	55.00	57.98	55.92	54.76	57.45	55.81	1.92005534545	50
41620	41620	64762	64762	55.08	57.35	56.02	54.27	57.00	55.48	54.98	57.98	55.90	54.77	57.44	55.80	1.92036299026	50
41670	41670	64712	64712	55.10	57.35	56.02	54.33	56.95	55.42	54.98	57.95	55.90	54.80	57.42	55.78	1.92082889409	50
41720	41720	64662	64662	55.05	57.33	56.00	54.25	56.98	55.45	54.98	57.92	55.90	54.76	57.41	55.78	1.92038366812	48
41768	41768	64614	64614	55.02	57.33	55.98	54.20	56.98	55.45	54.95	57.95	55.88	54.73	57.42	55.77	1.92089927673	50
41818	41818	64564	64564	54.95	57.30	55.98	54.17	56.95	55.45	54.92	57.92	55.88	54.68	57.39	55.77	1.92075618246	50
41868	41868	64514	64514	54.92	57.27	55.98	54.12	56.90	55.42	54.92	57.92	55.85	54.66	57.37	55.75	1.92116146545	50
41918	41918	64464	64464	54.90	57.27	55.98	54.12	56.88	55.42	54.92	57.88	55.80	54.65	57.34	55.73	1.92108598164	50
41968	41968	64414	64414	54.88	57.30	55.98	54.08	56.88	55.48	54.90	57.88	55.75	54.62	57.35	55.73	1.92103848185	50
42018	42018	64364	64364	54.88	57.25	55.98	54.08	56.88	55.48	54.92	57.83	55.75	54.62	57.32	55.73	1.92118800517	50
42068	42068	64314	64314	54.85	57.30	55.98	54.02	56.88	55.45	54.92	57.85	55.73	54.60	57.34	55.72	1.92133181974	50
42118	42118	64264	64264	54.88	57.25	55.95	54.02	56.88	55.45	54.88	57.85	55.70	54.59	57.33	55.70	1.92130316113	50
42168	42168	64214	64214	54.90	57.27	55.95	53.98	56.88	55.45	54.85	57.85	55.70	54.58	57.33	55.70	1.92136458579	50
42218	42218	64164	64164	54.88	57.33	55.95	54.02	56.92	55.45	54.83	57.83	55.73	54.58	57.36	55.71	1.92160139445	50
42268	42268	64114	64114	54.80	57.33	55.92	54.02	56.90	55.40	54.80	57.83	55.70	54.54	57.35	55.67	1.92146851386	50
42318	42318	64064	64064	54.80	57.35	55.90	54.02	56.88	55.38	54.80	57.83	55.67	54.54	57.35	55.65	1.92154908053	50
42368	42368	64014	64014	54.77	57.35	55.90	54.02	56.92	55.38	54.77	57.80	55.67	54.52	57.36	55.65	1.92162822816	50
42418	42418	63964	63964	54.77	57.33	55.90	54.00	56.92	55.38	54.80	57.80	55.67	54.52	57.35	55.65	1.92176612911	50
42468	42468	63914	63914	54.77	57.25	55.88	53.98	56.90	55.38	54.80	57.77	55.67	54.52	57.31	55.64	1.9221373333	50
42518	42518	63864	63864	54.80	57.25	55.90	53.95	56.92	55.38	54.80	57.77	55.62	54.52	57.32	55.63	1.92216535288	50
42568	42568	63814	63814	54.77	57.25	55.88	53.98	56.90	55.38	54.83	57.80	55.62	54.52	57.32	55.62	1.92254764649	50
42618	42618	63764	63764	54.75	57.20	55.90	53.95	56.88	55.38	54.83	57.77	55.62	54.51	57.28	55.63	1.92281810129	50
42668	42668	63714	63714	54.80	57.23	55.90	53.98	56.85	55.35	54.83	57.80	55.60	54.53	57.29	55.62	1.92305101913	50
42718	42718	63664	63664	54.80	57.27	55.88	53.98	56.90	55.33	54.80	57.73	55.58	54.52	57.30	55.59	1.92365431531	50
42768	42768	63614	63614	54.80	57.27	55.88	53.98	56.90	55.33	54.75	57.73	55.55	54.51	57.30	55.58	1.92351502569	50
42818	42818	63564	63564	54.83	57.20	55.83	53.92	56.88	55.30	54.73	57.67	55.52	54.49	57.25	55.55	1.92369301716	50
42868	42868	63514	63514	54.73	57.20	55.83	53.98	56.85	55.30	54.70	57.73	55.48	54.47	57.26	55.53	1.92432666441	50
42918	42918	63464	63464	54.77	57.15	55.80	53.92	56.88	55.30	54.70	57.70	55.48	54.47	57.24	55.52	1.92472434521	50
42968	42968	63414	63414	54.75	57.20	55.80	53.92	56.80	55.30	54.67	57.70	55.48	54.45	57.23	55.52	1.92458494361	50
43018	43018	63364	63364	54.77	57.20	55.80	53.90	56.77	55.30	54.70	57.73	55.50	54.46	57.23	55.53	1.92456484658	50
43068	43068	63314	63314	54.75	57.15	55.77	53.88	56.77	55.25	54.70	57.67	55.48	54.44	57.20	55.50	1.92492658194	50
43118	43118	63264	63264	54.80	57.10	55.73	53.88	56.77	55.25	54.70	57.65	55.45	54.46	57.17	55.48	1.9246951442	50
43168	43168	63214	63214	54.77	57.15	55.75	53.88	56.75	55.25	54.70	57.65	55.48	54.45	57.18	55.49	1.9250127325	50
43218	43218	63164	63164	54.73	57.15	55.75	53.85	56.77	55.25	54.73	57.60	55.50	54.43	57.17	55.50	1.9260812019	50
43268	43268	63114	63114	54.73	57.15	55.75	53.83	56.77	55.23	54.70	57.58	55.45	54.42	57.17	55.48	1.9257017265	50
43318	43318	63064	63064	54.67	57.12	55.73	53.80	56.77	55.23	54.67	57.60	55.45	54.38	57.17	55.47	1.92616418901	50
43368	43368	63014	63014	54.67	57.12	55.73	53.80	56.80	55.25	54.65	57.62	55.45	54.38	57.18	55.48	1.92607172086	50
43418	43418	62964	62964	54.70	57.12	55.73	53.83	56.80	55.23	54.65	57.60	55.42	54.39	57.17	55.46	1.92671780221	50
43468	43468	62914	62914	54.70	57.12	55.73	53.85	56.80	55.20	54.67	57.62	55.38	54.41	57.18	55.43	1.92685486626	50
43518	43518	62864	62864	54.65	57.10	55.73	53.88	56.80	55.20	54.70	57.55	55.38	54.41	57.15	55.43	1.92667806371	50
43568	43568	62814	62814	54.65	57.10	55.73	53.85	56.83	55.20	54.67	57.60	55.35	54.39	57.17	55.42	1.92737763275	50
43618	43618	62764	62764	54.70	57.10	55.73	53.83	56.80	55.17	54.67	57.60	55.35	54.40	57.17	55.42	1.92769473229	50
43668	43668	62714	62714	54.65	57.12	55.67	53.83	56.80	55.17	54.70	57.55	55.35	54.39	57.16	55.40	1.92754331478	50
43718	43718	62664	62664	54.65	57.15	55.70	53.83	56.85	55.17	54.70	57.52	55.35	54.39	57.17	55.41	1.92754223863	50
