12120	12120	94562	94562	75.10	77.75	79.85	74.58	77.62	79.25	75.28	78.53	79.90	74.98	77.97	79.67	1.71556658485
12120	12120	92562	92562	75.03	77.75	79.85	74.58	77.65	79.25	75.30	78.53	79.90	74.97	77.97	79.67	1.69601526833	100
12220	12220	92462	92462	75.62	77.03	79.60	74.92	76.90	79.12	75.95	78.22	79.92	75.50	77.38	79.55	1.82735781596	100
12320	12320	92362	92362	75.72	77.58	79.20	74.78	77.03	78.88	76.03	78.30	79.90	75.51	77.63	79.33	1.85510188927	100
12420	12420	92262	92262	75.85	77.50	79.00	74.55	77.00	78.62	76.10	77.85	79.90	75.50	77.45	79.17	1.85680336606	100
12520	12520	92162	92162	75.97	76.97	78.75	74.62	76.08	78.25	76.15	77.65	79.83	75.58	76.90	78.94	1.86032672174	100
12620	12620	92062	92062	75.85	76.95	78.67	74.60	76.33	78.28	76.42	77.60	80.03	75.62	76.96	78.99	1.85725631159	100
12720	12720	91962	91962	75.38	76.78	78.38	74.60	75.90	77.75	76.50	77.40	79.65	75.49	76.69	78.59	1.85916761581	100
12820	12820	91862	91862	75.72	76.92	78.47	74.55	75.95	77.62	76.60	77.30	79.40	75.62	76.72	78.50	1.86325617953	100
12920	12920	91762	91762	75.65	76.80	78.33	74.35	75.65	77.30	76.60	77.00	79.45	75.53	76.48	78.36	1.85511373464	100
13020	13020	91662	91662	75.40	76.53	78.20	74.45	75.45	76.83	76.65	76.92	79.20	75.50	76.30	78.08	1.85732652041	100
13120	13120	91562	91562	75.58	76.22	77.97	74.55	75.25	76.55	76.40	76.70	79.00	75.51	76.06	77.84	1.84807338379	100
13220	13220	91462	91462	75.42	76.40	77.65	74.35	75.00	76.35	76.35	76.35	78.85	75.38	75.92	77.62	1.84537920846	100
13320	13320	91362	91362	75.10	76.40	77.50	73.88	75.03	76.25	76.35	76.38	78.75	75.11	75.93	77.50	1.84778980603	100
13420	13420	91262	91262	74.88	76.50	77.30	73.90	74.85	75.97	75.97	76.33	78.47	74.92	75.89	77.25	1.84622454554	100
13520	13520	91162	91162	74.67	76.03	77.15	73.65	74.72	75.85	76.12	76.00	78.17	74.82	75.58	77.06	1.8441867411	100
13620	13620	91062	91062	74.55	75.95	76.92	73.60	74.53	75.55	75.92	75.72	77.90	74.69	75.40	76.79	1.84525332156	100
13720	13720	90962	90962	74.60	75.80	76.80	73.45	74.53	75.50	75.88	75.72	78.03	74.64	75.35	76.78	1.8445440185	100
13820	13820	90862	90862	74.53	75.90	76.78	73.15	74.35	75.45	75.65	75.60	77.88	74.44	75.28	76.70	1.8408601204	100
13920	13920	90762	90762	74.15	75.58	76.72	73.08	74.08	75.38	75.67	75.50	77.72	74.30	75.05	76.61	1.84058227499	100
14020	14020	90662	90662	74.03	75.55	76.50	72.83	73.92	75.08	75.67	75.45	77.47	74.17	74.97	76.35	1.84009834533	100
14120	14120	90562	90562	74.03	75.20	76.30	72.75	73.80	75.08	75.38	75.25	77.28	74.05	74.75	76.22	1.84042125425	100
14220	14220	90462	90462	73.72	74.90	76.12	72.83	73.60	74.62	75.47	75.03	77.17	74.01	74.51	75.97	1.83723142292	100
14320	14320	90362	90362	73.88	74.65	76.12	72.67	73.33	74.35	75.35	75.12	76.92	73.97	74.37	75.80	1.83681949193	100
14420	14420	90262	90262	73.75	74.30	75.80	72.53	73.20	74.35	75.15	75.03	76.95	73.81	74.17	75.70	1.83502913637	100
14520	14520	90162	90162	73.62	74.30	75.80	72.50	73.03	74.25	74.83	74.78	76.72	73.65	74.03	75.59	1.83329125342	100
14620	14620	90062	90062	73.55	74.22	75.65	72.47	72.95	74.00	74.88	74.58	76.45	73.63	73.92	75.37	1.83377239112	100
14720	14720	89962	89962	73.20	73.97	75.55	71.97	72.67	73.78	74.85	74.55	76.53	73.34	73.73	75.28	1.8347744124	100
14820	14820	89862	89862	73.10	73.90	75.28	71.80	72.55	73.45	74.70	74.53	76.33	73.20	73.66	75.02	1.83523026928	100
14920	14920	89762	89762	73.12	73.70	75.17	71.90	72.35	73.40	74.75	74.38	76.15	73.26	73.47	74.91	1.83211399848	100
15020	15020	89662	89662	72.92	73.62	74.88	71.55	72.17	73.28	74.28	74.00	76.22	72.92	73.27	74.79	1.82839318119	100
15120	15120	89562	89562	72.78	73.12	74.55	71.38	72.08	72.90	74.17	73.88	75.88	72.78	73.03	74.44	1.82888775409	100
15220	15220	89462	89462	72.55	73.10	74.30	71.30	71.78	72.55	73.80	73.72	75.72	72.55	72.87	74.19	1.82889524383	100
15320	15320	89362	89362	72.72	72.85	74.25	71.28	71.45	72.47	73.75	73.58	75.60	72.58	72.62	74.11	1.82922796056	100
15420	15420	89262	89262	72.50	72.78	74.00	71.38	71.38	72.25	73.40	73.50	75.38	72.42	72.55	73.88	1.82923141326	100
15520	15520	89162	89162	72.47	72.85	73.72	71.03	71.28	72.28	73.33	73.42	75.40	72.28	72.52	73.80	1.82595781431	100
15620	15620	89062	89062	72.20	72.72	73.53	70.83	71.00	72.33	73.22	73.12	75.35	72.08	72.28	73.73	1.82568703976	100
15720	15720	88962	88962	72.03	72.55	73.42	70.70	70.65	72.08	72.97	73.08	75.03	71.90	72.09	73.51	1.82593729133	100
15820	15820	88862	88862	71.62	72.42	73.33	70.47	70.75	72.00	72.65	73.15	74.97	71.58	72.11	73.43	1.82621388208	100
15920	15920	88762	88762	71.58	72.47	73.20	70.33	70.65	71.97	72.72	72.80	74.72	71.54	71.97	73.30	1.82553358125	100
16020	16020	88662	88662	71.35	72.50	72.83	70.17	70.53	71.67	72.45	72.70	74.28	71.33	71.91	72.92	1.82448399483	100
16120	16120	88562	88562	71.00	72.30	72.60	69.88	70.35	71.38	72.17	72.62	74.05	71.02	71.76	72.67	1.82308747798	100
16220	16220	88462	88462	71.00	72.15	72.58	69.85	70.12	71.08	71.78	72.45	73.72	70.88	71.58	72.46	1.82363895868	100
16320	16320	88362	88362	70.67	71.88	72.47	69.75	69.72	70.95	71.80	72.15	73.55	70.74	71.25	72.33	1.8245427758	100
16420	16420	88262	88262	70.53	71.60	72.17	69.58	69.62	70.75	71.47	72.05	73.10	70.53	71.09	72.01	1.82562984888	100
16520	16520	88162	88162	70.25	71.53	71.97	69.60	69.47	70.50	71.40	72.08	72.88	70.42	71.03	71.78	1.8255603495	100
16620	16620	88062	88062	70.00	71.22	71.70	69.45	69.30	70.47	71.17	72.15	72.67	70.21	70.89	71.62	1.82634325273	100
16720	16720	87962	87962	69.92	70.97	71.58	69.22	69.20	70.25	71.22	71.90	72.50	70.12	70.69	71.44	1.82958609075	100
16820	16820	87862	87862	69.70	70.85	71.42	69.05	69.25	70.35	71.28	71.75	72.33	70.01	70.62	71.37	1.83139335044	100
16920	16920	87762	87762	69.67	70.62	71.33	69.08	69.10	70.08	71.08	71.80	72.17	69.94	70.51	71.19	1.83006819212	100
17020	17020	87662	87662	69.70	70.70	71.17	68.97	68.90	69.88	70.95	71.65	72.05	69.88	70.42	71.03	1.83289149073	100
17120	17120	87562	87562	69.58	70.58	70.90	68.70	68.83	69.62	70.78	71.47	71.85	69.68	70.29	70.79	1.83229730131	100
17220	17220	87462	87462	69.45	70.47	70.67	68.58	68.80	69.53	70.62	71.35	71.70	69.55	70.21	70.63	1.83178635347	100
17320	17320	87362	87362	69.20	70.45	70.60	68.47	68.55	69.38	70.50	71.17	71.38	69.39	70.06	70.45	1.83168006196	100
17420	17420	87262	87262	69.15	70.12	70.45	68.38	68.28	69.17	70.25	71.12	71.22	69.26	69.84	70.28	1.83130703824	100
17520	17520	87162	87162	69.08	70.00	70.22	68.33	68.15	69.00	70.08	70.92	70.97	69.16	69.69	70.07	1.8313973118	100
17620	17620	87062	87062	69.12	69.58	69.95	68.00	67.88	68.70	69.85	70.70	70.72	68.99	69.38	69.79	1.83023052474	100
17720	17720	86962	86962	68.97	69.55	69.92	68.03	67.67	68.67	69.58	70.42	70.60	68.86	69.22	69.73	1.83045735547	100
17820	17820	86862	86862	68.90	69.53	69.83	68.15	67.58	68.47	69.45	70.30	70.42	68.83	69.13	69.58	1.82995139837	100
17920	17920	86762	86762	68.47	69.42	69.85	67.75	67.55	68.28	69.33	70.38	70.28	68.52	69.12	69.47	1.8299917766	100
18020	18020	86662	86662	68.45	69.25	69.72	67.50	67.58	68.10	69.08	70.05	70.10	68.34	68.96	69.31	1.83013301772	100
18120	18120	86562	86562	68.30	69.10	69.47	67.38	67.60	67.90	68.88	70.03	69.95	68.18	68.91	69.11	1.82925795498	100
18220	18220	86462	86462	68.03	68.85	69.28	67.17	67.25	67.78	68.83	69.80	69.72	68.01	68.63	68.92	1.82937744173	100
18320	18320	86362	86362	67.95	68.67	69.00	67.10	67.33	67.67	68.42	69.58	69.72	67.83	68.53	68.80	1.82964259062	100
18420	18420	86262	86262	67.83	68.53	68.88	66.70	67.10	67.65	68.17	69.47	69.38	67.57	68.37	68.63	1.82866698274	100
18520	18520	86162	86162	67.72	68.35	68.78	66.45	67.10	67.40	68.00	69.25	69.20	67.39	68.23	68.46	1.83038031011	100
18620	18620	86062	86062	67.70	68.10	68.35	66.33	67.05	67.15	67.95	69.10	69.05	67.33	68.08	68.18	1.83235249297	100
18720	18720	85962	85962	67.42	67.88	68.28	66.10	66.95	66.95	67.80	69.03	68.90	67.11	67.95	68.04	1.83439719624	100
18820	18820	85862	85862	67.28	67.80	68.12	65.80	66.90	66.85	67.80	69.00	68.75	66.96	67.90	67.91	1.83371717095	100
18920	18920	85762	85762	67.00	67.80	67.92	65.80	66.83	66.60	67.58	68.83	68.58	66.79	67.82	67.70	1.8338173839	100
19020	19020	85662	85662	66.85	67.72	67.83	65.60	66.75	66.50	67.42	68.78	68.35	66.62	67.75	67.56	1.83413954343	100
19120	19120	85562	85562	66.60	67.70	67.60	65.47	66.42	66.17	67.05	68.47	68.20	66.38	67.53	67.33	1.83560777931	100
19220	19220	85462	85462	66.42	67.53	67.45	65.25	66.25	65.92	66.83	68.28	68.05	66.17	67.35	67.14	1.83766859034	100
19320	19320	85362	85362	66.22	67.60	67.30	64.97	66.20	65.75	66.92	68.25	67.75	66.04	67.35	66.93	1.8394195039	100
19420	19420	85262	85262	65.97	67.47	67.12	64.92	66.03	65.55	66.65	68.10	67.55	65.85	67.20	66.74	1.83936980144	100
19520	19520	85162	85162	66.03	67.35	67.03	64.78	66.03	65.25	66.55	67.95	67.55	65.78	67.11	66.61	1.83938708676	100
19620	19620	85062	85062	65.80	67.08	66.80	64.65	65.80	65.15	66.47	67.92	67.53	65.64	66.93	66.49	1.83944985376	100
19720	19720	84962	84962	65.72	66.92	66.60	64.62	65.65	64.95	66.45	67.65	67.28	65.60	66.74	66.28	1.84131717735	100
19820	19820	84862	84862	65.55	66.85	66.47	64.45	65.70	64.80	66.28	67.67	66.97	65.42	66.74	66.08	1.84026379317	100
19920	19920	84762	84762	65.50	66.70	66.45	64.28	65.78	64.80	66.03	67.53	66.80	65.27	66.67	66.02	1.84083751006	100
20020	20020	84662	84662	65.55	66.55	66.33	64.15	65.60	64.60	65.83	67.30	66.45	65.17	66.48	65.79	1.84015577746	100
20120	20120	84562	84562	65.25	66.50	66.12	64.17	65.53	64.45	65.67	67.22	66.40	65.03	66.42	65.66	1.8413308667	100
20220	20220	84462	84462	65.08	66.42	66.00	64.17	65.47	64.38	65.60	67.05	66.35	64.95	66.32	65.58	1.8390119313	100
20320	20320	84362	84362	64.95	66.30	65.83	64.05	65.28	64.35	65.50	67.00	66.30	64.83	66.19	65.49	1.84028514586	100
20420	20420	84262	84262	65.00	66.17	65.83	64.03	65.25	64.25	65.33	67.00	65.97	64.78	66.14	65.35	1.83942150656	100
20520	20520	84162	84162	64.80	66.12	65.67	63.85	65.03	64.22	65.08	67.08	65.83	64.58	66.08	65.24	1.83829927621	100
20620	20620	84062	84062	64.67	65.97	65.58	63.77	65.05	64.10	64.95	66.92	65.83	64.47	65.98	65.17	1.83923628735	100
20720	20720	83962	83962	64.55	65.92	65.50	63.73	64.88	63.90	65.03	66.60	65.62	64.43	65.80	65.01	1.83978599149	100
20820	20820	83862	83862	64.40	65.75	65.35	63.52	64.72	63.75	64.80	66.50	65.53	64.24	65.66	64.88	1.83939114252	100
20920	20920	83762	83762	64.38	65.70	65.20	63.35	64.62	63.67	64.78	66.35	65.40	64.17	65.56	64.76	1.84064628461	100
21020	21020	83662	83662	64.25	65.62	65.00	63.15	64.38	63.62	64.62	66.15	65.35	64.01	65.38	64.66	1.84035379647	100
21120	21120	83562	83562	63.95	65.35	64.65	63.00	64.25	63.52	64.47	65.90	65.10	63.81	65.17	64.42	1.84145348786	100
21220	21220	83462	83462	63.85	65.30	64.53	62.98	64.25	63.38	64.47	65.88	65.08	63.77	65.14	64.33	1.84247657277	100
21320	21320	83362	83362	63.73	65.30	64.42	62.80	64.08	63.33	64.40	65.80	65.00	63.64	65.06	64.25	1.84211544348	100
21420	21420	83262	83262	63.55	65.12	64.05	62.65	64.03	63.12	64.30	65.65	65.00	63.50	64.93	64.06	1.84200572204	100
21520	21520	83162	83162	63.50	65.15	63.92	62.65	63.95	63.20	64.17	65.50	64.75	63.44	64.87	63.96	1.84247452075	100
21620	21620	83062	83062	63.35	65.03	63.85	62.52	63.88	63.20	64.25	65.42	64.65	63.38	64.78	63.90	1.84426491062	100
21720	21720	82962	82962	63.33	64.85	63.75	62.42	63.80	63.20	64.10	65.33	64.53	63.28	64.66	63.83	1.84471483814	100
21820	21820	82862	82862	63.27	64.88	63.65	62.25	63.80	63.02	64.05	65.30	64.28	63.19	64.66	63.65	1.84503312721	100
21920	21920	82762	82762	63.25	64.72	63.65	62.15	63.60	62.95	64.05	65.20	64.15	63.15	64.51	63.58	1.84710400558	100
22020	22020	82662	82662	63.05	64.50	63.60	62.05	63.50	62.77	63.92	64.97	64.08	63.01	64.33	63.48	1.84806837418	100
22120	22120	82562	82562	63.10	64.25	63.50	62.23	63.25	62.67	63.90	64.92	64.05	63.08	64.14	63.41	1.84811539033	100
22220	22220	82462	82462	63.00	64.17	63.35	62.20	63.35	62.67	63.83	64.67	63.95	63.01	64.07	63.33	1.84810909673	100
22320	22320	82362	82362	62.92	64.08	63.23	62.17	63.27	62.73	63.80	64.58	63.85	62.97	63.98	63.27	1.84846063648	100
22420	22420	82262	82262	62.95	64.05	63.23	62.15	63.10	62.60	63.67	64.60	63.75	62.92	63.92	63.19	1.84856143534	100
22520	22520	82162	82162	62.83	63.98	63.20	62.08	62.90	62.52	63.50	64.65	63.67	62.80	63.84	63.13	1.84926391304	100
22620	22620	82062	82062	62.70	64.03	63.15	61.98	62.85	62.45	63.30	64.65	63.67	62.66	63.84	63.09	1.8492168033	100
22720	22720	81962	81962	62.58	63.95	63.10	61.95	62.88	62.42	63.17	64.60	63.58	62.57	63.81	63.03	1.85023251595	100
22820	22820	81862	81862	62.52	63.90	62.98	61.95	62.73	62.33	63.17	64.40	63.58	62.55	63.67	62.96	1.85112817549	100
22920	22920	81762	81762	62.42	63.85	62.85	61.90	62.67	62.27	63.05	64.35	63.58	62.46	63.62	62.90	1.85274078627	100
23020	23020	81662	81662	62.25	63.85	62.70	61.83	62.52	62.15	63.10	64.30	63.55	62.39	63.56	62.80	1.8536094543	100
23120	23120	81562	81562	62.08	63.77	62.50	61.50	62.50	62.08	62.95	64.28	63.40	62.17	63.52	62.66	1.85369743706	100
23220	23220	81462	81462	62.02	63.58	62.40	61.35	62.55	61.90	62.92	64.17	63.25	62.10	63.43	62.52	1.85300764503	100
23320	23320	81362	81362	61.95	63.60	62.40	61.33	62.58	61.83	62.73	64.00	63.05	62.00	63.39	62.42	1.85316922886	100
23420	23420	81262	81262	61.88	63.50	62.30	61.27	62.55	61.75	62.77	63.90	62.92	61.98	63.32	62.33	1.85393422622	100
23520	23520	81162	81162	61.77	63.33	62.35	61.12	62.55	61.73	62.60	63.70	62.80	61.83	63.19	62.29	1.85385225241	100
23620	23620	81062	81062	61.73	63.35	62.15	61.08	62.48	61.65	62.50	63.80	62.73	61.77	63.21	62.17	1.8545060731	100
23720	23720	80962	80962	61.70	63.33	62.08	61.02	62.35	61.55	62.38	63.85	62.75	61.70	63.17	62.12	1.85508151289	100
23820	23820	80862	80862	61.58	63.30	62.02	60.88	62.23	61.52	62.23	63.65	62.65	61.56	63.06	62.07	1.85464481848	100
23920	23920	80762	80762	61.45	63.25	61.92	60.83	62.12	61.45	62.30	63.48	62.60	61.52	62.95	61.99	1.85457461792	100
24020	24020	80662	80662	61.38	63.15	61.88	60.83	62.12	61.42	62.23	63.48	62.48	61.48	62.92	61.92	1.85573387186	100
24120	24120	80562	80562	61.38	63.05	61.70	60.77	62.17	61.40	61.92	63.40	62.40	61.36	62.88	61.83	1.8568470477	100
24220	24220	80462	80462	61.25	62.95	61.70	60.73	62.08	61.38	61.88	63.38	62.33	61.28	62.80	61.80	1.85662671521	100
24320	24320	80362	80362	61.05	62.77	61.50	60.58	61.90	61.27	61.67	63.15	62.17	61.10	62.61	61.65	1.85583257123	100
24420	24420	80262	80262	60.90	62.65	61.35	60.52	62.00	61.12	61.60	63.05	62.17	61.01	62.57	61.55	1.85589980758	100
24520	24520	80162	80162	60.83	62.62	61.33	60.48	61.95	61.12	61.58	63.00	62.02	60.96	62.52	61.49	1.85622627668	100
24620	24620	80062	80062	60.77	62.52	61.30	60.38	61.92	60.90	61.58	62.85	61.77	60.91	62.43	61.33	1.85676916904	100
24720	24720	79962	79962	60.58	62.42	61.23	60.20	61.83	60.80	61.52	62.77	61.77	60.77	62.34	61.27	1.85723590284	100
24820	24820	79862	79862	60.58	62.27	61.15	60.23	61.73	60.73	61.58	62.62	61.80	60.79	62.21	61.23	1.85604968909	100
24920	24920	79762	79762	60.58	62.23	61.12	60.02	61.65	60.65	61.45	62.70	61.70	60.68	62.19	61.16	1.8565300019	100
25020	25020	79662	79662	60.65	62.02	61.05	60.12	61.60	60.55	61.27	62.73	61.67	60.68	62.12	61.09	1.85662712847	100
25120	25120	79562	79562	60.52	62.08	60.95	60.10	61.60	60.52	61.20	62.60	61.62	60.61	62.09	61.03	1.85694492579	100
25220	25220	79462	79462	60.42	62.08	60.80	60.02	61.55	60.50	61.12	62.55	61.65	60.52	62.06	60.98	1.85708013744	100
25320	25320	79362	79362	60.30	61.98	60.77	59.88	61.50	60.50	60.90	62.50	61.65	60.36	61.99	60.98	1.85727700052	100
25420	25420	79262	79262	60.27	61.98	60.62	59.77	61.35	60.35	60.80	62.40	61.45	60.28	61.91	60.81	1.85832650127	100
25520	25520	79162	79162	60.20	61.88	60.58	59.75	61.30	60.27	60.65	62.33	61.40	60.20	61.83	60.75	1.85875280603	100
25620	25620	79062	79062	60.20	61.77	60.55	59.65	61.38	60.12	60.62	62.25	61.33	60.16	61.80	60.67	1.85808165302	100
25720	25720	78962	78962	60.10	61.75	60.45	59.62	61.25	60.02	60.45	62.27	61.15	60.06	61.76	60.54	1.85902595402	100
25820	25820	78862	78862	60.02	61.77	60.42	59.55	61.25	60.05	60.38	62.27	61.15	59.98	61.77	60.54	1.85913963769	100
25920	25920	78762	78762	59.98	61.65	60.30	59.38	61.20	60.05	60.38	62.02	60.98	59.91	61.62	60.44	1.85952790812	100
26020	26020	78662	78662	59.98	61.70	60.12	59.25	61.12	60.00	60.30	61.98	60.88	59.84	61.60	60.33	1.85970500601	100
26120	26120	78562	78562	59.92	61.62	60.10	59.25	60.95	59.95	60.33	61.95	60.80	59.83	61.51	60.28	1.8598142076	100
26220	26220	78462	78462	59.85	61.50	60.00	59.15	60.83	59.85	60.27	61.98	60.70	59.76	61.43	60.18	1.85988465184	100
26320	26320	78362	78362	59.77	61.45	59.98	59.17	60.73	59.73	60.23	61.88	60.60	59.73	61.35	60.10	1.85912405739	100
26420	26420	78262	78262	59.70	61.25	59.83	59.15	60.62	59.55	60.05	61.75	60.58	59.63	61.21	59.98	1.85998346052	100
26520	26520	78162	78162	59.52	61.12	59.70	59.12	60.58	59.45	59.90	61.67	60.52	59.52	61.12	59.89	1.86106365332	100
26620	26620	78062	78062	59.48	61.10	59.65	59.05	60.52	59.38	59.83	61.60	60.45	59.45	61.08	59.83	1.85999826847	100
26720	26720	77962	77962	59.50	61.08	59.60	59.02	60.45	59.23	59.70	61.50	60.45	59.41	61.01	59.76	1.86078921101	100
26820	26820	77862	77862	59.45	60.98	59.48	58.95	60.38	59.12	59.62	61.40	60.25	59.34	60.92	59.62	1.8606542533	100
26920	26920	77762	77762	59.33	60.98	59.27	58.88	60.33	59.08	59.50	61.27	60.17	59.23	60.86	59.51	1.86101442636	100
27020	27020	77662	77662	59.25	60.88	59.10	58.88	60.25	59.02	59.52	61.20	60.02	59.22	60.77	59.38	1.86121518892	100
27120	27120	77562	77562	59.23	60.83	59.02	58.77	60.23	58.88	59.45	61.10	59.90	59.15	60.72	59.27	1.8610385333	100
27220	27220	77462	77462	59.20	60.73	59.02	58.75	60.08	58.90	59.38	61.10	59.83	59.11	60.63	59.25	1.86133342768	100
27320	27320	77362	77362	59.23	60.60	58.95	58.65	59.98	58.85	59.20	61.12	59.75	59.02	60.57	59.18	1.86113186632	100
27420	27420	77262	77262	59.05	60.60	58.80	58.58	59.95	58.85	59.15	61.20	59.73	58.92	60.58	59.12	1.86156778763	100
27520	27520	77162	77162	59.00	60.42	58.85	58.50	59.83	58.83	59.05	61.10	59.62	58.85	60.45	59.10	1.86262749322	100
27620	27620	77062	77062	58.98	60.38	58.83	58.42	59.85	58.80	59.00	61.05	59.62	58.80	60.42	59.08	1.86277528515	100
27720	27720	76962	76962	58.88	60.30	58.77	58.25	59.85	58.70	59.00	60.92	59.45	58.71	60.36	58.98	1.8625968681	100
27820	27820	76862	76862	58.77	60.25	58.80	58.23	59.77	58.70	58.90	60.95	59.40	58.63	60.33	58.97	1.86297163623	100
27920	27920	76762	76762	58.75	60.17	58.67	58.23	59.77	58.55	58.90	60.80	59.23	58.62	60.25	58.82	1.862341839	100
28020	28020	76662	76662	58.65	60.10	58.65	58.17	59.73	58.48	58.85	60.73	59.23	58.56	60.18	58.78	1.86233596785	100
28120	28120	76562	76562	58.65	60.12	58.62	58.17	59.67	58.45	58.73	60.62	59.08	58.52	60.14	58.72	1.86378177125	100
28220	28220	76462	76462	58.62	60.08	58.62	58.12	59.52	58.33	58.75	60.45	58.98	58.50	60.02	58.64	1.86334659379	100
28320	28320	76362	76362	58.62	59.95	58.52	58.08	59.48	58.30	58.73	60.40	58.90	58.48	59.94	58.58	1.86424318057	100
28420	28420	76262	76262	58.42	59.95	58.45	58.05	59.33	58.23	58.55	60.20	58.92	58.34	59.83	58.53	1.86523335428	100
28520	28520	76162	76162	58.30	59.95	58.50	57.95	59.27	58.20	58.55	60.12	58.80	58.27	59.78	58.50	1.86603747746	100
28620	28620	76062	76062	58.23	59.83	58.45	57.85	59.17	58.12	58.48	60.15	58.67	58.18	59.72	58.42	1.86571982022	100
28720	28720	75962	75962	58.17	59.80	58.40	57.85	59.20	58.02	58.35	59.95	58.58	58.12	59.65	58.33	1.86622948133	100
28820	28820	75862	75862	58.20	59.70	58.40	57.77	59.17	58.02	58.25	59.83	58.52	58.08	59.57	58.32	1.86691901169	100
28920	28920	75762	75762	58.15	59.73	58.33	57.65	59.12	58.00	58.23	59.83	58.45	58.01	59.56	58.26	1.86780062031	100
29020	29020	75662	75662	58.08	59.67	58.20	57.65	59.05	57.95	58.17	59.75	58.40	57.97	59.49	58.18	1.86746976161	100
29120	29120	75562	75562	57.98	59.55	58.08	57.55	59.12	57.85	58.05	59.65	58.30	57.86	59.44	58.08	1.86811905637	100
29220	29220	75462	75462	58.02	59.50	58.05	57.58	59.08	57.83	58.02	59.52	58.30	57.88	59.37	58.06	1.86833488712	100
29320	29320	75362	75362	57.88	59.48	58.02	57.55	58.92	57.77	57.92	59.45	58.17	57.78	59.28	57.99	1.86870886029	100
29420	29420	75262	75262	57.75	59.50	57.98	57.35	58.92	57.80	57.73	59.40	58.15	57.61	59.27	57.98	1.86899196398	100
29520	29520	75162	75162	57.67	59.42	57.92	57.15	58.92	57.77	57.70	59.38	58.02	57.51	59.24	57.91	1.8692481911	100
29620	29620	75062	75062	57.70	59.35	57.83	57.17	58.83	57.67	57.67	59.33	57.90	57.52	59.17	57.80	1.86886601185	100
29720	29720	74962	74962	57.62	59.33	57.83	57.25	58.83	57.58	57.58	59.30	57.85	57.48	59.15	57.75	1.86934757936	100
29820	29820	74862	74862	57.60	59.35	57.75	57.10	58.85	57.58	57.62	59.30	57.88	57.44	59.17	57.73	1.86904628357	100
29920	29920	74762	74762	57.55	59.20	57.70	57.05	58.80	57.52	57.40	59.25	57.83	57.33	59.08	57.68	1.86926347779	100
30020	30020	74662	74662	57.50	59.20	57.62	57.05	58.80	57.50	57.33	59.23	57.70	57.29	59.08	57.61	1.86971147868	100
30120	30120	74562	74562	57.30	59.20	57.62	56.95	58.73	57.45	57.27	59.25	57.58	57.17	59.06	57.55	1.87013673435	100
30220	30220	74462	74462	57.33	59.12	57.52	56.83	58.75	57.42	57.08	59.23	57.60	57.08	59.03	57.52	1.8700581579	100
30320	30320	74362	74362	57.33	59.10	57.50	56.80	58.65	57.38	57.05	59.23	57.58	57.06	58.99	57.48	1.87092560766	100
30420	30420	74262	74262	57.23	59.05	57.50	56.83	58.55	57.35	57.00	59.15	57.50	57.02	58.92	57.45	1.87140136732	100
30520	30520	74162	74162	57.20	59.00	57.42	56.73	58.45	57.35	56.95	59.10	57.45	56.96	58.85	57.41	1.87212103382	100
30620	30620	74062	74062	57.12	58.95	57.35	56.65	58.33	57.30	56.92	59.12	57.40	56.90	58.80	57.35	1.87197191173	100
30720	30720	73962	73962	57.10	58.92	57.38	56.70	58.33	57.25	56.88	59.05	57.38	56.89	58.77	57.33	1.87273878021	100
30820	30820	73862	73862	57.08	58.83	57.33	56.58	58.30	57.20	56.83	59.00	57.38	56.83	58.71	57.30	1.87343320483	100
30920	30920	73762	73762	57.02	58.75	57.35	56.52	58.23	57.05	56.75	58.95	57.30	56.77	58.64	57.23	1.8733547395	100
31020	31020	73662	73662	56.92	58.67	57.33	56.45	58.25	57.08	56.73	58.90	57.30	56.70	58.61	57.23	1.87398525956	100
31120	31120	73562	73562	56.92	58.60	57.30	56.40	58.27	56.98	56.70	58.90	57.27	56.67	58.59	57.18	1.87417926551	100
31220	31220	73462	73462	56.88	58.58	57.25	56.35	58.23	56.98	56.65	58.95	57.30	56.62	58.58	57.17	1.87492642445	100
31320	31320	73362	73362	56.90	58.55	57.23	56.30	58.20	56.90	56.65	58.90	57.33	56.62	58.55	57.15	1.87554558838	100
31420	31420	73262	73262	56.83	58.58	57.15	56.25	58.17	56.90	56.60	58.90	57.27	56.56	58.55	57.11	1.87615819576	100
31520	31520	73162	73162	56.80	58.55	57.12	56.20	58.12	56.80	56.50	58.90	57.30	56.50	58.52	57.08	1.87655103846	100
31620	31620	73062	73062	56.73	58.58	57.08	56.10	58.15	56.80	56.52	58.90	57.30	56.45	58.54	57.06	1.87695201461	100
31720	31720	72962	72962	56.73	58.52	57.08	56.02	58.05	56.85	56.42	58.90	57.20	56.39	58.49	57.04	1.87764206861	100
31820	31820	72862	72862	56.65	58.45	56.98	55.98	58.08	56.73	56.30	58.88	57.20	56.31	58.47	56.97	1.87884138385	100
31920	31920	72762	72762	56.55	58.50	56.98	55.92	57.98	56.73	56.33	58.85	57.12	56.27	58.44	56.94	1.87923292594	100
32020	32020	72662	72662	56.52	58.48	56.92	55.90	57.95	56.73	56.33	58.80	57.08	56.25	58.41	56.91	1.87947515603	100
32120	32120	72562	72562	56.45	58.45	56.88	55.85	57.98	56.70	56.35	58.80	57.00	56.22	58.41	56.86	1.88100003773	100
32220	32220	72462	72462	56.45	58.45	56.88	55.75	57.85	56.70	56.25	58.75	56.98	56.15	58.35	56.85	1.88140250939	100
32320	32320	72362	72362	56.42	58.40	56.88	55.70	57.83	56.67	56.23	58.62	56.90	56.12	58.28	56.82	1.88213442145	100
32420	32420	72262	72262	56.38	58.35	56.83	55.73	57.80	56.65	56.17	58.55	56.85	56.09	58.23	56.77	1.88269531365	100
32520	32520	72162	72162	56.27	58.38	56.80	55.62	57.70	56.62	56.17	58.55	56.85	56.02	58.21	56.76	1.88344984918	100
32620	32620	72062	72062	56.20	58.35	56.75	55.55	57.70	56.60	56.17	58.55	56.75	55.98	58.20	56.70	1.88354478029	100
32720	32720	71962	71962	56.10	58.33	56.77	55.50	57.65	56.60	56.12	58.50	56.75	55.91	58.16	56.71	1.88416069584	100
32820	32820	71862	71862	56.08	58.35	56.73	55.40	57.70	56.50	56.10	58.45	56.75	55.86	58.17	56.66	1.88524831807	100
32920	32920	71762	71762	56.08	58.33	56.73	55.40	57.62	56.45	56.02	58.40	56.77	55.83	58.12	56.65	1.88575800146	100
33020	33020	71662	71662	56.05	58.38	56.67	55.30	57.62	56.42	55.95	58.40	56.70	55.77	58.13	56.60	1.88635646333	100
33120	33120	71562	71562	56.08	58.38	56.70	55.30	57.60	56.38	55.88	58.33	56.67	55.75	58.10	56.58	1.88716812823	100
33220	33220	71462	71462	55.98	58.25	56.70	55.25	57.55	56.33	55.83	58.27	56.65	55.68	58.02	56.56	1.88781961724	100
33320	33320	71362	71362	55.98	58.27	56.67	55.23	57.50	56.30	55.77	58.27	56.67	55.66	58.02	56.55	1.88815042012	100
33420	33420	71262	71262	56.00	58.23	56.67	55.25	57.48	56.20	55.75	58.35	56.70	55.67	58.02	56.52	1.88873021339	100
33520	33520	71162	71162	56.00	58.12	56.65	55.25	57.48	56.23	55.77	58.30	56.67	55.67	57.97	56.52	1.88896673233	100
33620	33620	71062	71062	56.02	58.05	56.60	55.20	57.38	56.15	55.75	58.27	56.50	55.66	57.90	56.42	1.88956435777	100
33720	33720	70962	70962	55.98	58.10	56.55	55.15	57.45	56.17	55.73	58.25	56.52	55.62	57.93	56.42	1.89007877919	100
33820	33820	70862	70862	55.92	58.08	56.58	55.10	57.48	56.17	55.80	58.27	56.48	55.61	57.94	56.41	1.89095347765	100
33920	33920	70762	70762	55.98	58.00	56.55	55.05	57.48	56.12	55.75	58.35	56.48	55.59	57.94	56.38	1.89079429485	100
34020	34020	70662	70662	55.90	57.98	56.50	55.02	57.42	56.08	55.73	58.20	56.42	55.55	57.87	56.33	1.8913562646	100
34120	34120	70562	70562	55.98	57.98	56.48	55.05	57.40	56.02	55.67	58.12	56.42	55.57	57.83	56.31	1.89164714114	100
34220	34220	70462	70462	55.88	57.92	56.50	55.00	57.42	55.98	55.70	58.10	56.42	55.52	57.82	56.30	1.89186436506	100
34320	34320	70362	70362	55.83	57.92	56.48	54.90	57.35	55.92	55.65	58.12	56.35	55.46	57.80	56.25	1.89211800199	100
34420	34420	70262	70262	55.83	57.92	56.42	54.90	57.35	55.92	55.58	58.10	56.33	55.43	57.79	56.23	1.89237049603	100
34520	34520	70162	70162	55.80	57.90	56.40	54.92	57.30	55.92	55.65	58.05	56.27	55.46	57.75	56.20	1.89296387002	100
34620	34620	70062	70062	55.88	57.85	56.38	54.92	57.25	55.88	55.58	57.95	56.25	55.46	57.68	56.17	1.89290400414	100
34720	34720	69962	69962	55.83	57.77	56.38	54.90	57.25	55.83	55.48	57.98	56.25	55.40	57.67	56.15	1.89344468905	100
34820	34820	69862	69862	55.77	57.73	56.33	54.85	57.20	55.75	55.42	57.85	56.20	55.35	57.59	56.09	1.89361674672	100
34920	34920	69762	69762	55.77	57.70	56.27	54.80	57.20	55.70	55.38	57.83	56.23	55.32	57.58	56.07	1.89448762295	100
35020	35020	69662	69662	55.77	57.65	56.23	54.77	57.15	55.65	55.35	57.73	56.23	55.30	57.51	56.03	1.89500520233	100
35120	35120	69562	69562	55.73	57.67	56.23	54.75	57.12	55.65	55.35	57.80	56.23	55.27	57.53	56.03	1.89573696087	100
35220	35220	69462	69462	55.67	57.70	56.20	54.73	57.10	55.55	55.38	57.77	56.25	55.26	57.52	56.00	1.89630684798	100
35320	35320	69362	69362	55.65	57.75	56.23	54.70	57.10	55.60	55.27	57.80	56.23	55.21	57.55	56.02	1.89692941142	100
35420	35420	69262	69262	55.65	57.75	56.20	54.70	57.12	55.55	55.25	57.85	56.25	55.20	57.58	56.00	1.89768900819	100
35520	35520	69162	69162	55.62	57.73	56.20	54.70	57.12	55.55	55.15	57.80	56.27	55.16	57.55	56.01	1.89780256018	100
35620	35620	69062	69062	55.65	57.75	56.17	54.67	57.12	55.55	55.17	57.73	56.27	55.17	57.53	56.00	1.89844853253	100
35720	35720	68962	68962	55.62	57.73	56.15	54.65	57.08	55.50	55.17	57.67	56.25	55.15	57.49	55.97	1.89909566837	100
35820	35820	68862	68862	55.62	57.70	56.12	54.65	57.08	55.50	55.15	57.60	56.20	55.14	57.46	55.94	1.89904237457	100
35920	35920	68762	68762	55.67	57.65	56.08	54.62	57.02	55.50	55.15	57.60	56.15	55.15	57.42	55.91	1.89977382795	100
36020	36020	68662	68662	55.60	57.65	56.08	54.55	57.05	55.50	55.02	57.50	56.20	55.06	57.40	55.92	1.89977530284	100
36120	36120	68562	68562	55.52	57.65	56.05	54.62	57.05	55.45	54.98	57.50	56.12	55.04	57.40	55.88	1.89994837707	100
36220	36220	68462	68462	55.40	57.62	56.10	54.62	56.98	55.42	54.98	57.48	56.08	55.00	57.36	55.87	1.9001396196	100
36320	36320	68362	68362	55.42	57.65	56.10	54.58	57.00	55.40	55.00	57.42	56.10	55.00	57.36	55.87	1.90056881911	100
36420	36420	68262	68262	55.38	57.62	56.10	54.60	56.95	55.40	54.95	57.40	56.08	54.98	57.33	55.86	1.90027211474	100
36520	36520	68162	68162	55.33	57.65	56.05	54.58	56.92	55.40	55.00	57.38	56.02	54.97	57.32	55.83	1.90098222703	100
36620	36620	68062	68062	55.30	57.62	56.10	54.62	56.90	55.33	54.98	57.33	56.00	54.97	57.28	55.81	1.90117797871	100
36720	36720	67962	67962	55.27	57.65	56.02	54.60	56.92	55.38	54.92	57.27	56.02	54.93	57.28	55.81	1.90184132031	100
36820	36820	67862	67862	55.25	57.58	56.00	54.52	56.88	55.38	54.90	57.30	55.98	54.89	57.25	55.78	1.90181697246	100
36920	36920	67762	67762	55.20	57.60	55.98	54.55	56.88	55.35	54.83	57.33	55.95	54.86	57.27	55.76	1.90242608205	100
37020	37020	67662	67662	55.17	57.52	55.90	54.45	56.85	55.27	54.83	57.27	55.98	54.82	57.22	55.72	1.90279968055	100
37120	37120	67562	67562	55.15	57.52	55.92	54.40	56.83	55.27	54.80	57.25	55.90	54.78	57.20	55.70	1.90294896302	100
37220	37220	67462	67462	55.17	57.45	55.92	54.35	56.83	55.27	54.75	57.27	55.85	54.76	57.18	55.68	1.90379526584	100
37320	37320	67362	67362	55.20	57.50	55.90	54.35	56.85	55.27	54.67	57.25	55.88	54.74	57.20	55.68	1.9037496604	100
37420	37420	67262	67262	55.15	57.50	55.88	54.30	56.80	55.25	54.73	57.20	55.80	54.73	57.17	55.64	1.90489352786	100
37520	37520	67162	67162	55.17	57.50	55.85	54.27	56.80	55.20	54.70	57.20	55.70	54.72	57.17	55.58	1.90514272086	99
37619	37619	67063	67063	55.15	57.45	55.83	54.25	56.77	55.20	54.65	57.15	55.67	54.68	57.12	55.57	1.90529882208	100
37719	37719	66963	66963	55.15	57.38	55.83	54.20	56.77	55.15	54.65	57.17	55.67	54.67	57.11	55.55	1.90592535342	100
37819	37819	66863	66863	55.10	57.42	55.83	54.12	56.80	55.12	54.65	57.23	55.67	54.62	57.15	55.54	1.90644913828	100
37919	37919	66763	66763	55.12	57.40	55.83	54.12	56.80	55.15	54.65	57.23	55.60	54.63	57.14	55.52	1.90663726043	100
38019	38019	66663	66663	55.10	57.35	55.80	54.10	56.75	55.15	54.62	57.17	55.58	54.61	57.09	55.51	1.9071215496	100
38119	38119	66563	66563	55.08	57.27	55.77	54.12	56.67	55.15	54.60	57.15	55.50	54.60	57.03	55.48	1.90733818996	100
38219	38219	66463	66463	55.10	57.30	55.75	54.08	56.62	55.12	54.55	57.17	55.52	54.58	57.03	55.47	1.90732386236	100
38319	38319	66363	66363	55.02	57.23	55.75	53.95	56.62	55.15	54.58	57.10	55.50	54.52	56.98	55.47	1.90756487293	100
38419	38419	66263	66263	55.02	57.27	55.73	54.00	56.65	55.15	54.50	57.12	55.50	54.51	57.02	55.46	1.90784774969	100
38519	38519	66163	66163	55.02	57.25	55.70	53.95	56.65	55.15	54.52	57.15	55.45	54.50	57.02	55.43	1.90820757564	100
38619	38619	66063	66063	54.95	57.25	55.73	53.95	56.70	55.15	54.52	57.12	55.40	54.48	57.02	55.42	1.90835622485	100
38719	38719	65963	65963	54.98	57.27	55.73	54.00	56.65	55.12	54.52	57.12	55.40	54.50	57.02	55.42	1.90840609963	100
38819	38819	65863	65863	54.90	57.27	55.70	53.98	56.62	55.15	54.52	57.08	55.40	54.47	56.99	55.42	1.90859882505	100
38919	38919	65763	65763	54.88	57.25	55.70	53.98	56.60	55.15	54.52	57.08	55.38	54.46	56.98	55.41	1.90897607117	100
39019	39019	65663	65663	54.85	57.23	55.70	53.98	56.58	55.12	54.52	57.08	55.38	54.45	56.96	55.40	1.90884434938	100
39119	39119	65563	65563	54.83	57.20	55.70	53.95	56.55	55.08	54.50	57.08	55.40	54.42	56.94	55.39	1.9091968736	100
39219	39219	65463	65463	54.77	57.23	55.70	53.88	56.48	55.05	54.48	57.08	55.33	54.38	56.92	55.36	1.9094701164	100
39319	39319	65363	65363	54.77	57.17	55.67	53.85	56.48	55.02	54.48	57.08	55.30	54.37	56.91	55.33	1.90996618894	100
39419	39419	65263	65263	54.73	57.20	55.65	53.88	56.48	54.98	54.42	57.02	55.23	54.34	56.90	55.28	1.91060964122	100
39519	39519	65163	65163	54.77	57.20	55.65	53.83	56.48	55.00	54.40	57.00	55.25	54.33	56.89	55.30	1.91104695846	100
39619	39619	65063	65063	54.80	57.17	55.60	53.77	56.48	55.02	54.42	57.00	55.25	54.33	56.88	55.29	1.9113323297	100
39719	39719	64963	64963	54.77	57.08	55.58	53.77	56.48	54.98	54.42	57.00	55.23	54.33	56.85	55.26	1.91154844377	100
39819	39819	64863	64863	54.75	57.08	55.58	53.75	56.48	55.02	54.40	56.98	55.23	54.30	56.84	55.27	1.91197380825	100
39919	39919	64763	64763	54.80	57.10	55.58	53.75	56.48	55.02	54.33	56.98	55.23	54.29	56.85	55.27	1.91231996287	100
40019	40019	64663	64663	54.85	57.10	55.55	53.77	56.48	55.02	54.38	56.95	55.20	54.33	56.84	55.26	1.9121601541	100
40119	40119	64563	64563	54.85	57.12	55.55	53.77	56.45	54.92	54.33	56.90	55.17	54.32	56.83	55.22	1.91238374054	100
40219	40219	64463	64463	54.77	57.10	55.55	53.75	56.35	54.98	54.35	56.88	55.15	54.29	56.77	55.23	1.91272567894	100
40319	40319	64363	64363	54.80	57.10	55.55	53.75	56.35	55.00	54.33	56.88	55.12	54.29	56.77	55.23	1.91318768014	100
40419	40419	64263	64263	54.75	57.05	55.55	53.73	56.35	54.98	54.25	56.90	55.12	54.24	56.77	55.22	1.91332661358	100
40519	40519	64163	64163	54.70	57.00	55.52	53.75	56.42	54.95	54.33	56.98	55.10	54.26	56.80	55.19	1.91374528286	100
40619	40619	64063	64063	54.65	57.02	55.50	53.75	56.35	54.98	54.33	56.90	55.10	54.24	56.76	55.19	1.91372587669	100
40719	40719	63963	63963	54.62	56.98	55.45	53.73	56.40	54.95	54.30	56.77	55.10	54.22	56.72	55.17	1.91380028918	100
40819	40819	63863	63863	54.60	56.95	55.45	53.75	56.35	54.98	54.23	56.80	55.08	54.19	56.70	55.17	1.91374537316	100
40919	40919	63763	63763	54.55	56.92	55.45	53.65	56.38	54.98	54.20	56.75	55.02	54.13	56.68	55.15	1.91404397923	100
41019	41019	63663	63663	54.60	56.98	55.40	53.58	56.33	54.95	54.23	56.75	54.98	54.13	56.68	55.11	1.91464118511	100
41119	41119	63563	63563	54.60	56.90	55.33	53.58	56.30	54.95	54.17	56.80	55.00	54.12	56.67	55.09	1.91545527448	100
41219	41219	63463	63463	54.58	56.83	55.30	53.60	56.27	54.92	54.17	56.75	54.95	54.12	56.62	55.06	1.91517030093	100
41319	41319	63363	63363	54.55	56.85	55.30	53.58	56.25	54.85	54.20	56.75	54.98	54.11	56.62	55.04	1.9155358005	100
41419	41419	63263	63263	54.50	56.85	55.30	53.55	56.27	54.88	54.17	56.75	54.98	54.08	56.62	55.05	1.91657724914	100
41519	41519	63163	63163	54.50	56.83	55.27	53.52	56.30	54.88	54.20	56.70	54.98	54.08	56.61	55.04	1.91704134641	100
41619	41619	63063	63063	54.48	56.83	55.30	53.50	56.27	54.88	54.15	56.70	54.95	54.04	56.60	55.04	1.91751777635	100
41719	41719	62963	62963	54.42	56.88	55.27	53.50	56.20	54.88	54.10	56.67	54.92	54.01	56.58	55.02	1.9175560246	100
41819	41819	62863	62863	54.38	56.85	55.27	53.50	56.20	54.90	54.12	56.67	54.92	54.00	56.58	55.03	1.91743027639	100
41919	41919	62763	62763	54.40	56.90	55.27	53.48	56.17	54.83	54.12	56.65	54.90	54.00	56.58	55.00	1.91743870383	100
42019	42019	62663	62663	54.30	56.88	55.25	53.42	56.12	54.83	54.17	56.67	54.88	53.97	56.56	54.98	1.91780279515	100
42119	42119	62563	62563	54.30	56.85	55.27	53.42	56.15	54.80	54.15	56.70	54.90	53.96	56.57	54.99	1.91809041472	100
42219	42219	62463	62463	54.35	56.83	55.20	53.40	56.15	54.77	54.20	56.65	54.90	53.98	56.54	54.96	1.91850449699	100
42319	42319	62363	62363	54.30	56.75	55.10	53.38	56.15	54.77	54.12	56.52	54.83	53.93	56.48	54.90	1.91893077491	100
42419	42419	62263	62263	54.30	56.75	55.08	53.33	56.15	54.70	54.08	56.50	54.80	53.90	56.47	54.86	1.92019830667	100
42519	42519	62163	62163	54.30	56.70	55.00	53.33	56.12	54.65	54.02	56.50	54.70	53.88	56.44	54.78	1.9255772337	100
42619	42619	62063	62063	54.17	56.70	54.95	53.30	56.10	54.62	54.00	56.50	54.65	53.83	56.43	54.74	1.94049074868	100
42719	42719	61963	61963	54.12	56.73	54.98	53.35	56.08	54.65	54.00	56.45	54.58	53.83	56.42	54.73	1.95301948949	100
42819	42819	61863	61863	54.15	56.73	54.90	53.30	56.08	54.60	54.02	56.48	54.58	53.83	56.42	54.69	1.9555291911	100
42919	42919	61763	61763	54.17	56.67	54.88	53.30	56.08	54.50	54.02	56.45	54.62	53.83	56.40	54.67	1.95793928485	100
43019	43019	61663	61663	54.17	56.73	54.90	53.33	56.02	54.45	53.95	56.45	54.62	53.82	56.40	54.66	1.95805859505	100
43119	43119	61563	61563	54.15	56.67	54.92	53.27	56.02	54.48	53.98	56.48	54.62	53.80	56.39	54.67	1.95479387723	100
43219	43219	61463	61463	54.15	56.70	54.92	53.33	56.02	54.42	53.98	56.45	54.62	53.82	56.39	54.66	1.9557957093	100
43319	43319	61363	61363	54.15	56.65	54.92	53.35	56.00	54.42	53.95	56.45	54.62	53.82	56.37	54.66	1.95036839209	100
43419	43419	61263	61263	54.12	56.60	54.90	53.33	55.98	54.45	53.95	56.45	54.62	53.80	56.34	54.66	1.94707840924	100
43519	43519	61163	61163	54.12	56.58	54.88	53.27	55.98	54.45	53.95	56.42	54.62	53.78	56.33	54.65	1.9445291255	100
43619	43619	61063	61063	54.12	56.50	54.90	53.27	56.00	54.42	53.95	56.48	54.60	53.78	56.33	54.64	1.93927556293	100
43719	43719	60963	60963	54.08	56.55	54.83	53.27	55.98	54.40	54.00	56.48	54.55	53.78	56.33	54.59	1.93495694797	100
43819	43819	60863	60863	54.12	56.52	54.83	53.27	56.00	54.40	53.98	56.50	54.55	53.79	56.34	54.59	1.93273702508	100
43919	43919	60763	60763	54.10	56.48	54.80	53.30	56.00	54.40	53.92	56.48	54.55	53.77	56.32	54.58	1.93150445797	100
44019	44019	60663	60663	54.08	56.52	54.80	53.33	56.02	54.42	53.90	56.48	54.55	53.77	56.34	54.59	1.93062687352	100
44119	44119	60563	60563	54.08	56.48	54.80	53.27	56.00	54.40	53.80	56.48	54.55	53.72	56.32	54.58	1.93021735929	100
44219	44219	60463	60463	54.08	56.48	54.80	53.25	55.92	54.40	53.88	56.45	54.55	53.73	56.28	54.58	1.93008817455	100
44319	44319	60363	60363	54.08	56.48	54.75	53.23	55.95	54.38	53.92	56.42	54.55	53.74	56.28	54.56	1.92934298521	100
44419	44419	60263	60263	54.02	56.48	54.73	53.23	55.95	54.38	53.90	56.45	54.52	53.72	56.29	54.54	1.92956587793	100
44519	44519	60163	60163	54.00	56.45	54.73	53.23	55.98	54.35	53.92	56.45	54.52	53.72	56.29	54.53	1.92977117054	100
44619	44619	60063	60063	54.05	56.38	54.70	53.23	55.95	54.38	53.92	56.40	54.52	53.73	56.24	54.53	1.93004779276	100
44719	44719	59963	59963	54.05	56.35	54.73	53.23	55.90	54.38	53.92	56.40	54.50	53.73	56.22	54.53	1.93010526713	100
44819	44819	59863	59863	54.02	56.40	54.70	53.23	55.92	54.38	53.90	56.38	54.50	53.72	56.23	54.52	1.92995313584	100
44919	44919	59763	59763	54.02	56.38	54.73	53.20	55.92	54.38	53.88	56.35	54.45	53.70	56.22	54.52	1.93003522773	100
45019	45019	59663	59663	54.05	56.38	54.73	53.17	55.98	54.35	53.83	56.38	54.45	53.68	56.24	54.51	1.93018942874	100
45119	45119	59563	59563	54.05	56.33	54.70	53.17	55.92	54.35	53.80	56.35	54.45	53.67	56.20	54.50	1.93006272962	100
45219	45219	59463	59463	54.05	56.30	54.70	53.15	55.92	54.35	53.90	56.30	54.48	53.70	56.17	54.51	1.93019994829	100
45319	45319	59363	59363	54.02	56.27	54.67	53.15	55.90	54.35	53.90	56.30	54.48	53.69	56.16	54.50	1.93014207794	100
45419	45419	59263	59263	54.08	56.27	54.65	53.15	55.90	54.33	53.85	56.27	54.42	53.69	56.15	54.47	1.93013730037	100
45519	45519	59163	59163	54.10	56.25	54.65	53.12	55.83	54.38	53.88	56.27	54.42	53.70	56.12	54.48	1.93046209571	100
45619	45619	59063	59063	54.02	56.25	54.62	53.12	55.80	54.35	53.83	56.27	54.42	53.66	56.11	54.47	1.93048326903	100
45719	45719	58963	58963	54.02	56.17	54.62	53.12	55.80	54.35	53.83	56.30	54.42	53.66	56.09	54.47	1.93071936627	100
45819	45819	58863	58863	54.00	56.23	54.62	53.10	55.83	54.33	53.85	56.23	54.40	53.65	56.09	54.45	1.93112271465	100
45919	45919	58763	58763	54.02	56.20	54.65	53.10	55.83	54.27	53.88	56.33	54.40	53.67	56.12	54.44	1.93137665894	100
46019	46019	58663	58663	53.98	56.17	54.62	53.12	55.73	54.30	53.83	56.30	54.40	53.64	56.07	54.44	1.93182382967	100
46119	46119	58563	58563	53.98	56.15	54.60	53.12	55.73	54.30	53.85	56.27	54.38	53.65	56.05	54.42	1.93191524668	100
46219	46219	58463	58463	53.98	56.20	54.58	53.10	55.70	54.33	53.83	56.23	54.38	53.63	56.04	54.42	1.93196474767	100
46319	46319	58363	58363	53.92	56.20	54.58	53.10	55.70	54.30	53.77	56.25	54.35	53.60	56.05	54.41	1.93210482378	100
46419	46419	58263	58263	53.90	56.15	54.60	53.12	55.62	54.30	53.83	56.25	54.38	53.62	56.01	54.42	1.9322463877	100
46519	46519	58163	58163	53.90	56.20	54.52	53.15	55.62	54.27	53.85	56.23	54.38	53.63	56.02	54.39	1.93249576173	100
46619	46619	58063	58063	53.90	56.17	54.55	53.15	55.67	54.23	53.83	56.20	54.38	53.62	56.02	54.38	1.93276023964	94
46713	46713	57969	57969	53.90	56.15	54.52	53.10	55.67	54.23	53.85	56.17	54.35	53.62	56.00	54.37	1.93300912213	100
46813	46813	57869	57869	53.95	56.10	54.48	53.15	55.67	54.27	53.85	56.08	54.38	53.65	55.95	54.38	1.93282040053	100
46913	46913	57769	57769	53.88	56.08	54.48	53.15	55.67	54.27	53.85	56.10	54.38	53.62	55.95	54.38	1.93305502788	100
47013	47013	57669	57669	53.92	56.10	54.55	53.10	55.65	54.25	53.80	56.10	54.38	53.61	55.95	54.39	1.93320192082	100
47113	47113	57569	57569	53.90	56.08	54.52	53.08	55.65	54.25	53.77	56.08	54.35	53.58	55.93	54.38	1.93363673596	100
47213	47213	57469	57469	53.92	56.10	54.50	53.08	55.65	54.27	53.77	56.10	54.35	53.59	55.95	54.38	1.93365749808	100
47313	47313	57369	57369	53.85	56.08	54.50	53.08	55.65	54.25	53.73	56.08	54.38	53.55	55.93	54.38	1.93384385529	100
47413	47413	57269	57269	53.88	56.05	54.48	53.08	55.62	54.27	53.75	56.10	54.38	53.57	55.92	54.38	1.93385551333	100
47513	47513	57169	57169	53.88	56.00	54.45	53.12	55.60	54.25	53.80	56.08	54.38	53.60	55.89	54.36	1.93436076815	100
47613	47613	57069	57069	53.90	55.98	54.45	53.12	55.60	54.23	53.77	56.00	54.38	53.60	55.86	54.35	1.93447127251	100
47713	47713	56969	56969	53.88	55.98	54.45	53.10	55.55	54.23	53.80	55.95	54.38	53.59	55.83	54.35	1.93487792333	100
47813	47813	56869	56869	53.88	56.00	54.45	53.10	55.55	54.23	53.80	55.98	54.35	53.59	55.84	54.34	1.93506489434	100
47913	47913	56769	56769	53.83	55.98	54.45	53.10	55.62	54.23	53.77	55.90	54.33	53.57	55.83	54.33	1.93531969848	100
48013	48013	56669	56669	53.88	55.98	54.45	53.05	55.55	54.20	53.77	55.90	54.27	53.57	55.81	54.31	1.93548624985	100
48113	48113	56569	56569	53.85	55.95	54.40	53.08	55.55	54.20	53.80	55.92	54.27	53.58	55.81	54.29	1.93621089669	100
48213	48213	56469	56469	53.85	55.92	54.40	53.08	55.60	54.20	53.77	55.92	54.27	53.57	55.82	54.29	1.93641692823	100
48313	48313	56369	56369	53.85	55.92	54.35	53.05	55.58	54.23	53.83	55.85	54.25	53.58	55.78	54.27	1.93648739119	100
48413	48413	56269	56269	53.83	55.90	54.35	53.05	55.60	54.23	53.80	55.85	54.27	53.56	55.78	54.28	1.93690283608	100
48513	48513	56169	56169	53.85	55.85	54.35	53.02	55.62	54.23	53.80	55.83	54.27	53.56	55.77	54.28	1.93766269467	100
48613	48613	56069	56069	53.85	55.85	54.30	53.00	55.62	54.25	53.80	55.83	54.27	53.55	55.77	54.27	1.93794051072	100
48713	48713	55969	55969	53.80	55.80	54.30	53.00	55.58	54.25	53.80	55.85	54.30	53.53	55.74	54.28	1.93780929533	100
48813	48813	55869	55869	53.83	55.80	54.30	53.02	55.55	54.25	53.83	55.85	54.30	53.56	55.73	54.28	1.93829116638	100
48913	48913	55769	55769	53.83	55.75	54.27	53.02	55.55	54.25	53.83	55.85	54.27	53.56	55.72	54.27	1.93794486073	100
49013	49013	55669	55669	53.83	55.77	54.27	52.98	55.52	54.23	53.83	55.83	54.25	53.54	55.71	54.25	1.93843236122	100
49113	49113	55569	55569	53.83	55.77	54.30	52.98	55.50	54.20	53.83	55.83	54.30	53.54	55.70	54.27	1.93853704742	100
49213	49213	55469	55469	53.83	55.70	54.33	52.98	55.45	54.17	53.83	55.85	54.27	53.54	55.67	54.26	1.93886696173	100
49313	49313	55369	55369	53.85	55.70	54.33	52.95	55.45	54.17	53.85	55.83	54.25	53.55	55.66	54.25	1.93889245017	100
49413	49413	55269	55269	53.83	55.75	54.30	52.95	55.42	54.17	53.85	55.85	54.23	53.54	55.67	54.23	1.93913961086	100
49513	49513	55169	55169	53.83	55.73	54.33	52.98	55.45	54.17	53.88	55.83	54.23	53.56	55.67	54.24	1.93924787326	100
49613	49613	55069	55069	53.85	55.73	54.30	52.95	55.40	54.17	53.88	55.80	54.23	53.56	55.64	54.23	1.93954484598	100
49713	49713	54969	54969	53.85	55.73	54.33	52.95	55.35	54.15	53.85	55.73	54.25	53.55	55.60	54.24	1.94017109361	100
49813	49813	54869	54869	53.85	55.75	54.30	52.95	55.38	54.15	53.85	55.75	54.27	53.55	55.62	54.24	1.94038694693	100
49913	49913	54769	54769	53.83	55.73	54.30	52.98	55.35	54.15	53.85	55.73	54.25	53.55	55.60	54.23	1.94034166622	100
50013	50013	54669	54669	53.83	55.70	54.30	52.98	55.42	54.15	53.85	55.75	54.23	53.55	55.62	54.23	1.94022788125	100
50113	50113	54569	54569	53.85	55.73	54.30	52.98	55.38	54.15	53.85	55.73	54.23	53.56	55.61	54.23	1.9406995192	100
50213	50213	54469	54469	53.83	55.73	54.30	52.95	55.45	54.15	53.85	55.73	54.17	53.54	55.63	54.21	1.94118196136	100
50313	50313	54369	54369	53.83	55.75	54.25	52.95	55.45	54.15	53.85	55.73	54.17	53.54	55.64	54.19	1.9417431033	100
50413	50413	54269	54269	53.80	55.77	54.25	52.95	55.42	54.17	53.85	55.73	54.12	53.53	55.64	54.18	1.94221274674	100
50513	50513	54169	54169	53.80	55.75	54.23	52.95	55.38	54.17	53.85	55.73	54.12	53.53	55.62	54.17	1.94219435906	100
50613	50613	54069	54069	53.80	55.73	54.25	52.95	55.42	54.17	53.88	55.73	54.15	53.54	55.62	54.19	1.94217263662	100
50713	50713	53969	53969	53.80	55.75	54.23	52.92	55.40	54.17	53.77	55.75	54.15	53.50	55.63	54.18	1.94229024017	100
50813	50813	53869	53869	53.83	55.67	54.23	52.92	55.35	54.17	53.85	55.67	54.15	53.53	55.57	54.18	1.94263062531	100
50913	50913	53769	53769	53.83	55.67	54.25	52.92	55.35	54.17	53.85	55.70	54.12	53.53	55.58	54.18	1.9427748282	100
51013	51013	53669	53669	53.80	55.65	54.23	52.92	55.35	54.17	53.85	55.70	54.10	53.52	55.57	54.17	1.94272981354	100
51113	51113	53569	53569	53.80	55.70	54.25	52.92	55.33	54.17	53.83	55.75	54.12	53.52	55.59	54.18	1.94324619507	100
51213	51213	53469	53469	53.80	55.65	54.25	52.92	55.38	54.17	53.83	55.73	54.12	53.52	55.58	54.18	1.94340867537	100
51313	51313	53369	53369	53.83	55.60	54.25	52.92	55.40	54.17	53.80	55.77	54.12	53.52	55.59	54.18	1.94357524213	100
51413	51413	53269	53269	53.83	55.62	54.23	52.92	55.42	54.17	53.80	55.73	54.12	53.52	55.59	54.17	1.94408046541	100
51513	51513	53169	53169	53.85	55.62	54.23	52.92	55.38	54.17	53.83	55.77	54.10	53.53	55.59	54.17	1.94409127619	100
51613	51613	53069	53069	53.83	55.65	54.23	52.92	55.35	54.15	53.83	55.77	54.10	53.52	55.59	54.16	1.94415006681	100
51713	51713	52969	52969	53.80	55.67	54.20	52.92	55.30	54.15	53.85	55.80	54.10	53.52	55.59	54.15	1.94420622053	100
51813	51813	52869	52869	53.80	55.73	54.23	52.92	55.27	54.15	53.88	55.83	54.08	53.53	55.61	54.15	1.94453649524	100
51913	51913	52769	52769	53.80	55.70	54.23	52.95	55.30	54.15	53.88	55.80	54.05	53.54	55.60	54.14	1.9446538468	100
52013	52013	52669	52669	53.77	55.73	54.20	52.95	55.30	54.17	53.90	55.80	54.05	53.54	55.61	54.14	1.94467056334	100
52113	52113	52569	52569	53.77	55.67	54.17	52.95	55.30	54.17	53.88	55.83	54.02	53.53	55.60	54.12	1.94481769934	100
52213	52213	52469	52469	53.77	55.67	54.15	52.95	55.35	54.17	53.88	55.83	54.05	53.53	55.62	54.12	1.94500664218	100
52313	52313	52369	52369	53.77	55.67	54.15	52.95	55.30	54.20	53.88	55.83	54.05	53.53	55.60	54.13	1.94506897962	100
52413	52413	52269	52269	53.77	55.65	54.15	52.95	55.33	54.20	53.85	55.83	54.02	53.52	55.60	54.12	1.9449422555	100
52513	52513	52169	52169	53.77	55.65	54.17	52.95	55.33	54.20	53.85	55.77	54.02	53.52	55.58	54.13	1.94522853636	100
52613	52613	52069	52069	53.77	55.62	54.17	52.95	55.33	54.20	53.83	55.77	54.00	53.52	55.58	54.12	1.94522295932	100
52713	52713	51969	51969	53.80	55.62	54.15	52.92	55.30	54.20	53.83	55.77	53.98	53.52	55.57	54.11	1.94559070884	100
52813	52813	51869	51869	53.77	55.62	54.17	52.92	55.30	54.20	53.83	55.73	53.95	53.51	55.55	54.11	1.94602135187	100
52913	52913	51769	51769	53.80	55.62	54.17	52.92	55.38	54.20	53.80	55.75	54.00	53.51	55.58	54.12	1.94624686587	100
53013	53013	51669	51669	53.77	55.62	54.17	52.92	55.30	54.20	53.75	55.67	53.98	53.48	55.53	54.12	1.94632844923	100
53113	53113	51569	51569	53.77	55.65	54.17	52.92	55.30	54.20	53.70	55.70	54.05	53.47	55.55	54.14	1.94665420952	100
53213	53213	51469	51469	53.77	55.67	54.17	52.95	55.27	54.20	53.77	55.75	54.05	53.50	55.57	54.14	1.94686415694	100
53313	53313	51369	51369	53.80	55.67	54.17	52.95	55.25	54.20	53.75	55.75	54.05	53.50	55.56	54.14	1.94690673914	100
53413	53413	51269	51269	53.77	55.73	54.17	52.95	55.27	54.20	53.77	55.70	54.05	53.50	55.57	54.14	1.94707153156	100
53513	53513	51169	51169	53.80	55.73	54.17	52.95	55.25	54.20	53.73	55.67	54.05	53.49	55.55	54.14	1.94711057081	100
53613	53613	51069	51069	53.80	55.73	54.15	52.95	55.25	54.20	53.75	55.65	54.05	53.50	55.54	54.13	1.94720540352	100
53713	53713	50969	50969	53.77	55.67	54.15	52.98	55.25	54.23	53.75	55.67	54.05	53.50	55.53	54.14	1.94731222016	100
53813	53813	50869	50869	53.77	55.65	54.15	52.98	55.30	54.23	53.80	55.62	54.05	53.52	55.52	54.14	1.94747641909	100
53913	53913	50769	50769	53.80	55.65	54.17	52.98	55.30	54.23	53.77	55.62	54.02	53.52	55.52	54.14	1.94763994224	100
54013	54013	50669	50669	53.80	55.60	54.12	53.00	55.27	54.23	53.80	55.62	54.05	53.53	55.50	54.13	1.94765775773	100
54113	54113	50569	50569	53.80	55.60	54.10	52.98	55.27	54.23	53.83	55.62	54.05	53.53	55.50	54.12	1.94772095428	100
54213	54213	50469	50469	53.80	55.60	54.10	52.98	55.25	54.23	53.80	55.65	54.08	53.52	55.50	54.13	1.94827226006	100
54313	54313	50369	50369	53.80	55.62	54.10	52.98	55.23	54.23	53.83	55.67	54.05	53.53	55.51	54.12	1.94870256865	100
54413	54413	50269	50269	53.80	55.62	54.05	52.98	55.25	54.23	53.88	55.67	54.05	53.55	55.52	54.11	1.94883601717	100
54513	54513	50169	50169	53.80	55.60	54.05	52.98	55.20	54.23	53.83	55.65	54.05	53.53	55.48	54.11	1.94883900215	100
54613	54613	50069	50069	53.77	55.62	54.05	52.98	55.20	54.23	53.85	55.67	54.05	53.53	55.50	54.11	1.94897169074	100
54713	54713	49969	49969	53.77	55.60	54.08	52.98	55.23	54.23	53.85	55.62	54.02	53.53	55.48	54.11	1.94880254719	100
54813	54813	49869	49869	53.80	55.62	54.10	52.98	55.23	54.25	53.83	55.62	54.02	53.53	55.49	54.12	1.94922167366	100
54913	54913	49769	49769	53.80	55.60	54.10	52.98	55.23	54.25	53.83	55.62	54.02	53.53	55.48	54.12	1.94966217984	100
55013	55013	49669	49669	53.77	55.62	54.10	52.98	55.20	54.25	53.85	55.62	54.02	53.53	55.48	54.12	1.95007232485	100
55113	55113	49569	49569	53.77	55.60	54.10	52.95	55.15	54.25	53.88	55.65	54.00	53.53	55.47	54.12	1.94977943263	100
55213	55213	49469	49469	53.77	55.58	54.10	52.95	55.12	54.27	53.85	55.65	54.00	53.52	55.45	54.12	1.9497817681	100
55313	55313	49369	49369	53.77	55.60	54.15	52.95	55.15	54.25	53.90	55.65	54.00	53.54	55.47	54.13	1.94997012255	100
55413	55413	49269	49269	53.75	55.58	54.15	52.98	55.15	54.27	53.90	55.65	54.02	53.54	55.46	54.15	1.95021545299	100
55513	55513	49169	49169	53.77	55.62	54.15	52.95	55.15	54.27	53.90	55.65	54.00	53.54	55.48	54.14	1.95027645243	100
55613	55613	49069	49069	53.75	55.60	54.15	52.95	55.10	54.27	53.90	55.70	54.00	53.53	55.47	54.14	1.95041711505	100
55713	55713	48969	48969	53.77	55.60	54.15	52.95	55.10	54.27	53.88	55.67	54.02	53.53	55.46	54.15	1.95064909475	100
55813	55813	48869	48869	53.73	55.65	54.15	52.95	55.10	54.30	53.85	55.70	54.02	53.51	55.48	54.16	1.95081627528	100
55913	55913	48769	48769	53.73	55.65	54.17	52.95	55.10	54.30	53.85	55.70	54.00	53.51	55.48	54.16	1.95116002577	100
56013	56013	48669	48669	53.70	55.65	54.17	53.00	55.10	54.30	53.88	55.65	54.02	53.52	55.47	54.17	1.95107275163	100
56113	56113	48569	48569	53.70	55.62	54.15	53.02	55.10	54.30	53.88	55.65	54.02	53.53	55.46	54.16	1.95092643514	100
56213	56213	48469	48469	53.67	55.65	54.15	53.02	55.10	54.27	53.88	55.65	54.00	53.52	55.47	54.14	1.95100112243	100
56313	56313	48369	48369	53.67	55.67	54.15	53.02	55.15	54.27	53.85	55.65	54.00	53.52	55.49	54.14	1.95078218722	100
56413	56413	48269	48269	53.67	55.70	54.17	53.02	55.15	54.27	53.90	55.70	54.00	53.53	55.52	54.15	1.95082958546	100
56513	56513	48169	48169	53.67	55.73	54.17	53.02	55.17	54.27	53.88	55.67	54.00	53.52	55.52	54.15	1.95057093376	100
56613	56613	48069	48069	53.70	55.70	54.17	53.02	55.20	54.27	53.88	55.67	54.02	53.53	55.52	54.16	1.95056803845	100
56713	56713	47969	47969	53.70	55.70	54.17	53.00	55.17	54.27	53.88	55.67	54.00	53.52	55.52	54.15	1.95039339418	100
56813	56813	47869	47869	53.70	55.70	54.15	53.00	55.17	54.30	53.88	55.65	54.00	53.52	55.51	54.15	1.95061093424	100
56913	56913	47769	47769	53.73	55.70	54.15	53.00	55.17	54.30	53.88	55.62	54.00	53.53	55.50	54.15	1.95073061829	100
57013	57013	47669	47669	53.73	55.75	54.15	53.02	55.17	54.30	53.88	55.62	54.00	53.54	55.52	54.15	1.9506547255	100
57113	57113	47569	47569	53.73	55.77	54.15	53.05	55.17	54.30	53.88	55.60	54.00	53.55	55.52	54.15	1.9504270449	100
57213	57213	47469	47469	53.75	55.73	54.20	53.08	55.17	54.35	53.88	55.58	54.00	53.57	55.49	54.18	1.95038229116	100
57313	57313	47369	47369	53.75	55.75	54.25	53.08	55.15	54.35	53.85	55.58	53.98	53.56	55.49	54.19	1.95028667952	100
57413	57413	47269	47269	53.77	55.67	54.27	53.08	55.12	54.35	53.90	55.58	53.95	53.58	55.46	54.19	1.95011520358	100
57513	57513	47169	47169	53.77	55.75	54.27	53.08	55.15	54.38	53.90	55.55	53.92	53.58	55.48	54.19	1.95032970842	100
57613	57613	47069	47069	53.75	55.67	54.25	53.08	55.12	54.38	53.90	55.58	53.90	53.58	55.46	54.17	1.95017029445	100
57713	57713	46969	46969	53.73	55.73	54.27	53.08	55.15	54.38	53.90	55.60	53.92	53.57	55.49	54.19	1.95030816534	100
57813	57813	46869	46869	53.73	55.73	54.25	53.08	55.15	54.38	53.88	55.58	53.98	53.56	55.48	54.20	1.9507382765	100
57913	57913	46769	46769	53.75	55.75	54.25	53.08	55.15	54.35	53.88	55.62	53.95	53.57	55.51	54.18	1.95137966749	100
58013	58013	46669	46669	53.73	55.73	54.30	53.08	55.15	54.35	53.83	55.62	53.98	53.54	55.50	54.21	1.95217577292	100
58113	58113	46569	46569	53.75	55.77	54.25	53.08	55.12	54.35	53.83	55.60	53.95	53.55	55.50	54.18	1.95147088239	100
58213	58213	46469	46469	53.75	55.80	54.33	53.08	55.15	54.35	53.88	55.60	53.95	53.57	55.52	54.21	1.95084383787	100
58313	58313	46369	46369	53.77	55.80	54.33	53.10	55.17	54.35	53.92	55.58	53.95	53.60	55.52	54.21	1.95054474182	100
58413	58413	46269	46269	53.77	55.80	54.33	53.10	55.17	54.35	53.92	55.58	53.98	53.60	55.52	54.22	1.95027606019	100
58513	58513	46169	46169	53.70	55.80	54.27	53.12	55.20	54.35	53.88	55.60	53.98	53.57	55.53	54.20	1.94997074759	100
58613	58613	46069	46069	53.73	55.83	54.30	53.10	55.23	54.35	53.85	55.62	54.00	53.56	55.56	54.22	1.95003813666	100
58713	58713	45969	45969	53.75	55.80	54.30	53.10	55.20	54.45	53.90	55.62	54.02	53.58	55.54	54.26	1.94996741739	100
58813	58813	45869	45869	53.75	55.77	54.35	53.10	55.23	54.48	53.88	55.60	54.00	53.58	55.53	54.27	1.95023772566	100
58913	58913	45769	45769	53.75	55.77	54.33	53.10	55.20	54.50	53.90	55.60	54.02	53.58	55.52	54.28	1.94959219025	100
59013	59013	45669	45669	53.77	55.77	54.30	53.10	55.17	54.50	53.85	55.60	54.05	53.58	55.52	54.28	1.94965406565	100
59113	59113	45569	45569	53.70	55.77	54.33	53.10	55.17	54.50	53.88	55.55	54.08	53.56	55.50	54.30	1.94971010069	100
59213	59213	45469	45469	53.70	55.77	54.35	53.12	55.23	54.55	53.88	55.55	54.08	53.57	55.52	54.33	1.94945584643	100
59313	59313	45369	45369	53.73	55.77	54.35	53.12	55.23	54.60	53.98	55.55	54.10	53.61	55.52	54.35	1.94959369834	100
59413	59413	45269	45269	53.75	55.77	54.40	53.12	55.23	54.62	53.98	55.58	54.10	53.62	55.52	54.38	1.94905421553	100
59513	59513	45169	45169	53.75	55.75	54.40	53.12	55.23	54.65	53.98	55.58	54.17	53.62	55.52	54.41	1.94929432939	100
59613	59613	45069	45069	53.75	55.75	54.40	53.12	55.23	54.60	53.98	55.58	54.23	53.62	55.52	54.41	1.94895268231	100
59713	59713	44969	44969	53.75	55.75	54.42	53.12	55.23	54.65	54.00	55.60	54.23	53.62	55.52	54.43	1.94887744985	100
59813	59813	44869	44869	53.77	55.73	54.42	53.12	55.23	54.65	53.95	55.60	54.20	53.62	55.52	54.42	1.94869808483	100
59913	59913	44769	44769	53.73	55.73	54.42	53.12	55.27	54.65	53.90	55.60	54.20	53.58	55.53	54.42	1.94860265265	100
60013	60013	44669	44669	53.77	55.70	54.42	53.12	55.30	54.62	53.95	55.55	54.20	53.62	55.52	54.42	1.94841530038	100
60113	60113	44569	44569	53.75	55.73	54.42	53.12	55.25	54.62	53.95	55.58	54.20	53.61	55.52	54.42	1.94835670483	100
60213	60213	44469	44469	53.77	55.75	54.38	53.12	55.30	54.62	53.92	55.58	54.20	53.61	55.54	54.40	1.94776308374	100
60313	60313	44369	44369	53.77	55.80	54.38	53.12	55.30	54.62	53.95	55.58	54.20	53.62	55.56	54.40	1.94758940944	100
60413	60413	44269	44269	53.80	55.80	54.38	53.15	55.27	54.62	53.95	55.55	54.20	53.63	55.54	54.40	1.94787144139	100
60513	60513	44169	44169	53.80	55.83	54.38	53.15	55.27	54.62	53.95	55.58	54.20	53.63	55.56	54.40	1.94744183755	100
60613	60613	44069	44069	53.77	55.83	54.35	53.15	55.27	54.62	53.95	55.52	54.20	53.62	55.54	54.39	1.9481442033	100
60713	60713	43969	43969	53.77	55.83	54.35	53.15	55.23	54.62	53.95	55.55	54.20	53.62	55.53	54.39	1.94971370964	100
60813	60813	43869	43869	53.77	55.80	54.35	53.15	55.23	54.62	53.98	55.55	54.17	53.63	55.52	54.38	1.95044655426	100
60913	60913	43769	43769	53.77	55.80	54.35	53.15	55.25	54.65	53.95	55.52	54.17	53.62	55.52	54.39	1.94922501561	100
61013	61013	43669	43669	53.80	55.77	54.35	53.15	55.25	54.65	53.92	55.52	54.20	53.62	55.52	54.40	1.94815510642	100
61113	61113	43569	43569	53.80	55.77	54.38	53.15	55.25	54.62	53.92	55.52	54.20	53.62	55.52	54.40	1.94774290144	100
61213	61213	43469	43469	53.80	55.77	54.38	53.15	55.23	54.65	53.90	55.55	54.20	53.62	55.52	54.41	1.94739971457	100
61313	61313	43369	43369	53.80	55.77	54.42	53.15	55.23	54.67	53.90	55.52	54.17	53.62	55.51	54.42	1.94699597508	100
61413	61413	43269	43269	53.80	55.75	54.45	53.12	55.23	54.67	53.90	55.55	54.20	53.61	55.51	54.44	1.94610329565	100
61513	61513	43169	43169	53.80	55.77	54.40	53.12	55.23	54.67	53.92	55.55	54.17	53.62	55.52	54.42	1.94557315375	100
61613	61613	43069	43069	53.80	55.80	54.38	53.12	55.20	54.65	53.88	55.58	54.20	53.60	55.52	54.41	1.94567461591	100
61713	61713	42969	42969	53.80	55.80	54.38	53.12	55.20	54.65	53.90	55.55	54.17	53.61	55.52	54.40	1.94556515236	100
61813	61813	42869	42869	53.80	55.80	54.38	53.12	55.20	54.65	53.90	55.52	54.17	53.61	55.51	54.40	1.94540469797	100
61913	61913	42769	42769	53.80	55.80	54.38	53.12	55.20	54.62	53.92	55.50	54.15	53.62	55.50	54.38	1.94476872833	100
62013	62013	42669	42669	53.77	55.80	54.38	53.12	55.20	54.65	53.90	55.52	54.15	53.60	55.51	54.39	1.94469710792	100
62113	62113	42569	42569	53.77	55.83	54.38	53.12	55.15	54.67	53.90	55.52	54.17	53.60	55.50	54.41	1.94484586899	100
62213	62213	42469	42469	53.77	55.83	54.40	53.12	55.15	54.67	53.88	55.52	54.17	53.59	55.50	54.42	1.94540366468	100
62313	62313	42369	42369	53.75	55.83	54.40	53.12	55.15	54.65	53.88	55.52	54.20	53.58	55.50	54.42	1.94512022961	100
62413	62413	42269	42269	53.75	55.83	54.35	53.12	55.15	54.65	53.88	55.50	54.20	53.58	55.49	54.40	1.9449007505	100
62513	62513	42169	42169	53.75	55.80	54.38	53.15	55.15	54.65	53.88	55.50	54.20	53.59	55.48	54.41	1.94441916769	100
62613	62613	42069	42069	53.75	55.80	54.40	53.12	55.17	54.65	53.85	55.50	54.17	53.58	55.49	54.41	1.9441104476	100
62713	62713	41969	41969	53.75	55.80	54.35	53.12	55.20	54.65	53.88	55.55	54.15	53.58	55.52	54.38	1.94381672781	100
62813	62813	41869	41869	53.75	55.83	54.40	53.12	55.20	54.65	53.90	55.58	54.15	53.59	55.53	54.40	1.94393744041	100
62913	62913	41769	41769	53.75	55.80	54.40	53.12	55.20	54.65	53.85	55.60	54.15	53.58	55.53	54.40	1.94347707561	100
63013	63013	41669	41669	53.73	55.77	54.40	53.12	55.23	54.65	53.85	55.60	54.20	53.57	55.53	54.42	1.94315209866	100
63113	63113	41569	41569	53.73	55.73	54.42	53.12	55.20	54.65	53.88	55.62	54.23	53.58	55.52	54.43	1.94415241117	100
63213	63213	41469	41469	53.73	55.75	54.40	53.12	55.23	54.62	53.83	55.65	54.20	53.56	55.54	54.41	1.94452010692	100
63313	63313	41369	41369	53.70	55.83	54.40	53.12	55.17	54.62	53.83	55.73	54.20	53.55	55.58	54.41	1.94479994602	100
63413	63413	41269	41269	53.70	55.85	54.40	53.12	55.17	54.62	53.83	55.70	54.20	53.55	55.58	54.41	1.94758469595	100
63513	63513	41169	41169	53.70	55.85	54.42	53.12	55.17	54.70	53.80	55.73	54.20	53.54	55.58	54.44	1.95367087516	100
63613	63613	41069	41069	53.70	55.88	54.48	53.12	55.25	54.67	53.83	55.67	54.17	53.55	55.60	54.44	1.9592846021	100
63713	63713	40969	40969	53.73	55.92	54.42	53.12	55.27	54.70	53.80	55.65	54.17	53.55	55.62	54.43	1.96368010414	100
63813	63813	40869	40869	53.73	55.88	54.42	53.12	55.27	54.70	53.80	55.65	54.20	53.55	55.60	54.44	1.96858546889	100
63913	63913	40769	40769	53.73	55.88	54.42	53.15	55.30	54.70	53.80	55.62	54.20	53.56	55.60	54.44	1.97204613854	100
64013	64013	40669	40669	53.73	55.90	54.45	53.12	55.30	54.70	53.80	55.65	54.23	53.55	55.62	54.46	1.97482812041	100
64113	64113	40569	40569	53.73	55.88	54.45	53.12	55.30	54.70	53.80	55.65	54.25	53.55	55.61	54.47	1.97714696542	100
64213	64213	40469	40469	53.73	55.83	54.45	53.15	55.33	54.70	53.80	55.65	54.25	53.56	55.60	54.47	1.97831373177	100
64313	64313	40369	40369	53.73	55.83	54.45	53.15	55.33	54.70	53.80	55.65	54.25	53.56	55.60	54.47	1.97930544909	100
64413	64413	40269	40269	53.73	55.88	54.45	53.15	55.33	54.70	53.80	55.67	54.25	53.56	55.62	54.47	1.97922254859	100
64513	64513	40169	40169	53.70	55.90	54.45	53.15	55.35	54.67	53.80	55.67	54.25	53.55	55.64	54.46	1.97837212967	100
64613	64613	40069	40069	53.70	55.90	54.48	53.15	55.35	54.67	53.80	55.67	54.25	53.55	55.64	54.47	1.97623142835	100
64713	64713	39969	39969	53.70	55.90	54.50	53.15	55.40	54.70	53.83	55.65	54.25	53.56	55.65	54.48	1.97299522345	100
64813	64813	39869	39869	53.73	55.90	54.52	53.15	55.38	54.70	53.83	55.67	54.25	53.57	55.65	54.49	1.96847172527	100
64913	64913	39769	39769	53.73	55.92	54.50	53.17	55.40	54.70	53.83	55.67	54.25	53.58	55.67	54.48	1.96331534545	100
65013	65013	39669	39669	53.73	55.95	54.50	53.20	55.40	54.67	53.85	55.70	54.25	53.59	55.68	54.48	1.95845652849	100
65113	65113	39569	39569	53.75	55.95	54.50	53.20	55.40	54.75	53.85	55.70	54.27	53.60	55.68	54.51	1.95518759002	100
65213	65213	39469	39469	53.75	55.92	54.50	53.17	55.40	54.75	53.85	55.70	54.27	53.59	55.67	54.51	1.95288506654	100
65313	65313	39369	39369	53.77	55.92	54.48	53.23	55.40	54.77	53.85	55.73	54.25	53.62	55.68	54.50	1.95150463999	100
