12120	12120	94562	94562	75.08	77.75	79.85	74.58	77.65	79.25	75.30	78.53	79.88	74.98	77.97	79.66	1.08944550514
12120	12120	84562	84562	75.08	77.75	79.85	74.58	77.65	79.25	75.28	78.53	79.88	74.97	77.97	79.66	1.08500526854	100
12220	12220	84462	84462	75.53	76.53	77.80	74.17	75.70	77.33	76.10	76.95	79.42	75.27	76.39	78.18	1.74057472852	100
12320	12320	84362	84362	74.97	76.45	77.55	74.00	75.85	76.95	76.12	77.03	78.90	75.03	76.44	77.80	1.84166985024	100
12420	12420	84262	84262	74.85	76.00	77.35	74.00	75.65	76.45	76.05	76.47	78.78	74.97	76.04	77.53	1.8374916545	100
12520	12520	84162	84162	74.20	75.83	77.03	73.75	75.33	75.88	76.03	76.17	78.58	74.66	75.78	77.16	1.82620306747	100
12620	12620	84062	84062	73.85	75.55	76.80	73.40	74.90	75.65	75.78	75.97	78.38	74.34	75.47	76.94	1.82309322212	100
12720	12720	83962	83962	73.90	75.45	76.65	73.40	74.08	75.58	75.85	75.42	78.12	74.38	74.98	76.78	1.81136793057	100
12820	12820	83862	83862	73.83	75.05	76.35	73.25	73.78	75.38	75.62	75.05	77.97	74.23	74.62	76.57	1.79648229151	100
12920	12920	83762	83762	73.75	74.28	76.15	73.35	73.35	75.05	75.38	74.95	77.65	74.16	74.19	76.28	1.78802681501	100
13020	13020	83662	83662	73.67	74.08	76.08	72.95	73.03	75.03	75.20	74.50	77.20	73.94	73.87	76.10	1.77543683601	100
13120	13120	83562	83562	73.50	73.85	75.80	72.40	73.08	74.50	75.05	74.58	76.85	73.65	73.83	75.72	1.77011087152	100
13220	13220	83462	83462	73.50	73.40	75.22	72.50	72.42	74.35	74.95	74.03	76.33	73.65	73.28	75.30	1.7561578929	100
13320	13320	83362	83362	72.95	73.08	74.67	72.45	72.20	73.72	74.55	73.88	76.05	73.32	73.05	74.82	1.75111871093	100
13420	13420	83262	83262	72.38	72.78	74.33	71.55	71.72	72.80	74.03	73.78	75.60	72.65	72.76	74.24	1.76036984037	100
13520	13520	83162	83162	71.95	72.45	73.78	71.15	71.05	72.28	73.72	73.12	74.80	72.28	72.21	73.62	1.77609811401	100
13620	13620	83062	83062	71.47	71.97	72.97	70.55	70.55	71.40	72.78	72.40	74.10	71.60	71.64	72.83	1.78823471789	100
13720	13720	82962	82962	71.05	71.90	72.30	69.97	70.00	70.97	72.20	72.12	73.40	71.08	71.34	72.22	1.80974348246	100
13820	13820	82862	82862	70.15	71.45	71.62	69.33	69.92	70.42	71.50	71.70	72.25	70.33	71.03	71.43	1.82459424495	100
13920	13920	82762	82762	69.70	71.08	71.38	69.15	69.50	70.25	71.08	71.25	71.92	69.97	70.61	71.18	1.8304282264	100
14020	14020	82662	82662	69.30	70.83	70.85	68.80	69.45	69.92	70.55	70.95	71.92	69.55	70.41	70.90	1.84410644643	100
14120	14120	82562	82562	69.20	70.72	70.53	68.58	69.22	69.75	70.42	70.92	71.62	69.40	70.29	70.63	1.84787166576	100
14220	14220	82462	82462	68.88	70.15	70.25	68.25	69.05	69.47	70.22	70.78	71.25	69.12	69.99	70.33	1.85403101857	100
14320	14320	82362	82362	68.75	69.97	70.00	68.10	68.62	69.17	69.88	70.47	70.95	68.91	69.69	70.04	1.85520441325	100
14420	14420	82262	82262	68.53	69.88	69.75	68.03	68.28	68.90	69.53	70.08	70.53	68.69	69.41	69.72	1.85453564338	100
14520	14520	82162	82162	68.20	69.72	69.55	68.10	67.97	68.62	69.42	69.97	70.58	68.58	69.22	69.58	1.85268469503	100
14620	14620	82062	82062	68.00	69.53	69.22	67.83	68.12	68.33	69.33	69.58	70.15	68.38	69.08	69.23	1.85633051195	100
14720	14720	81962	81962	67.83	69.38	68.97	67.67	67.92	67.90	69.20	69.40	69.95	68.23	68.90	68.94	1.85542435183	100
14820	14820	81862	81862	67.90	69.08	68.67	67.47	67.65	67.62	68.78	69.40	69.85	68.05	68.71	68.72	1.85552977699	100
14920	14920	81762	81762	67.60	68.75	68.50	67.40	67.38	67.38	68.80	68.97	69.50	67.93	68.37	68.46	1.8581142896	100
15020	15020	81662	81662	67.50	68.85	68.50	67.15	67.25	67.22	68.70	68.92	69.25	67.78	68.34	68.33	1.85587600189	100
15120	15120	81562	81562	67.42	68.75	68.22	66.67	67.33	67.08	68.50	68.88	69.17	67.53	68.32	68.16	1.85625539364	100
15220	15220	81462	81462	67.08	68.58	68.15	66.42	67.00	66.92	68.30	68.75	68.97	67.27	68.11	68.02	1.8556058278	100
15320	15320	81362	81362	67.08	68.42	67.80	66.42	66.83	66.88	68.25	68.72	68.97	67.25	67.99	67.88	1.85459215371	100
15420	15420	81262	81262	66.90	68.45	67.72	66.33	66.62	66.50	68.17	68.65	68.67	67.13	67.91	67.63	1.8559275271	100
15520	15520	81162	81162	66.65	68.30	67.58	66.22	66.58	66.38	68.00	68.45	68.42	66.96	67.78	67.46	1.85625639389	100
15620	15620	81062	81062	66.47	68.22	67.42	65.97	66.42	66.08	67.60	68.28	68.22	66.68	67.64	67.24	1.85822302007	100
15720	15720	80962	80962	66.05	67.95	67.17	65.75	66.25	65.92	67.53	68.22	67.90	66.44	67.47	67.00	1.8587853464	100
15820	15820	80862	80862	65.88	67.83	67.20	65.60	66.22	65.75	67.28	68.03	67.97	66.25	67.36	66.97	1.86093667512	100
15920	15920	80762	80762	65.50	67.62	67.00	65.42	66.05	65.65	67.58	68.05	67.78	66.17	67.24	66.81	1.86025010083	100
16020	16020	80662	80662	65.33	67.55	66.70	65.25	66.05	65.47	67.35	67.95	67.53	65.97	67.18	66.57	1.86029003358	100
16120	16120	80562	80562	65.12	67.58	66.62	65.08	65.97	65.08	67.15	67.95	67.35	65.78	67.17	66.35	1.86023279963	100
16220	16220	80462	80462	65.17	67.50	66.38	64.92	65.90	65.05	66.88	67.80	67.20	65.66	67.07	66.21	1.86010486826	100
16320	16320	80362	80362	65.05	67.30	66.35	64.90	65.83	65.08	66.67	67.88	66.92	65.54	67.00	66.12	1.85950259573	100
16420	16420	80262	80262	64.88	67.17	66.25	64.67	65.75	64.95	66.65	67.60	66.85	65.40	66.84	66.02	1.85975532196	100
16520	16520	80162	80162	64.70	67.22	66.20	64.47	65.30	64.65	66.47	67.55	66.65	65.22	66.69	65.83	1.86040357621	100
16620	16620	80062	80062	64.62	67.05	66.20	64.45	65.30	64.70	66.10	67.28	66.50	65.06	66.54	65.80	1.86051273434	100
16720	16720	79962	79962	64.60	66.88	66.03	64.28	65.22	64.55	66.10	67.30	66.53	64.99	66.47	65.70	1.8604580873	100
16820	16820	79862	79862	64.65	66.78	65.92	64.12	65.15	64.58	65.92	67.20	66.42	64.90	66.38	65.64	1.86008695715	100
16920	16920	79762	79762	64.45	66.62	65.80	63.95	65.15	64.50	65.83	67.17	66.25	64.74	66.32	65.52	1.86002039854	100
17020	17020	79662	79662	64.45	66.50	65.75	63.92	65.20	64.50	65.75	67.17	66.17	64.71	66.29	65.47	1.85943545038	100
17120	17120	79562	79562	64.15	66.45	65.62	63.88	65.15	64.40	65.67	67.05	66.03	64.57	66.22	65.35	1.85793789195	100
17220	17220	79462	79462	64.12	66.40	65.40	63.75	65.08	64.30	65.45	67.05	65.88	64.44	66.17	65.19	1.85721249141	100
17320	17320	79362	79362	64.08	66.35	65.22	63.70	64.95	64.40	65.22	66.83	65.85	64.33	66.04	65.16	1.85584816074	100
17420	17420	79262	79262	63.95	66.15	65.00	63.60	64.78	64.20	64.83	66.72	65.58	64.12	65.88	64.92	1.85564317042	100
17520	17520	79162	79162	63.70	66.10	64.85	63.55	64.75	64.03	64.67	66.72	65.28	63.98	65.86	64.72	1.85515427657	100
17620	17620	79062	79062	63.58	66.00	64.83	63.40	64.50	63.90	64.65	66.40	65.17	63.88	65.63	64.63	1.85369981214	100
17720	17720	78962	78962	63.50	65.60	64.85	63.35	64.53	63.75	64.40	66.20	65.12	63.75	65.44	64.58	1.85487472839	100
17820	17820	78862	78862	63.38	65.60	64.67	63.17	64.35	63.60	64.25	66.17	64.92	63.60	65.38	64.40	1.85471633118	100
17920	17920	78762	78762	63.08	65.67	64.62	63.10	64.20	63.50	64.25	66.35	64.70	63.48	65.41	64.28	1.85438144147	100
18020	18020	78662	78662	62.75	65.53	64.40	62.88	64.38	63.38	63.95	66.33	64.62	63.19	65.41	64.13	1.85639370472	100
18120	18120	78562	78562	62.80	65.40	64.22	62.73	64.15	63.20	63.75	66.17	64.38	63.09	65.24	63.93	1.85432550305	100
18220	18220	78462	78462	62.70	65.12	64.25	62.62	64.12	63.08	63.58	66.08	64.08	62.97	65.11	63.80	1.85571202925	100
18320	18320	78362	78362	62.52	65.10	64.00	62.48	64.10	62.83	63.25	65.97	63.95	62.75	65.06	63.59	1.8554490748	100
18420	18420	78262	78262	62.40	65.03	64.03	62.27	64.10	62.73	63.23	65.78	63.95	62.63	64.97	63.57	1.85662100763	100
18520	18520	78162	78162	62.48	64.97	63.90	62.25	63.98	62.40	63.25	65.83	63.77	62.66	64.92	63.36	1.85790196315	100
18620	18620	78062	78062	62.30	64.75	63.73	62.33	63.73	62.38	63.20	65.78	63.75	62.61	64.75	63.28	1.85821264972	100
18720	18720	77962	77962	62.25	64.62	63.52	62.15	63.73	62.23	62.92	65.60	63.42	62.44	64.65	63.06	1.85861118504	100
18820	18820	77862	77862	62.20	64.58	63.40	61.75	63.67	62.12	62.73	65.47	63.27	62.23	64.58	62.93	1.85738576358	100
18920	18920	77762	77762	62.05	64.47	63.27	61.52	63.67	62.02	62.73	65.38	63.12	62.10	64.51	62.81	1.85685465547	100
19020	19020	77662	77662	61.83	64.55	63.15	61.45	63.60	61.75	62.65	65.35	63.25	61.98	64.50	62.72	1.85658790413	100
19120	19120	77562	77562	61.90	64.30	63.00	61.45	63.50	61.70	62.55	65.20	62.95	61.97	64.33	62.55	1.85483438628	100
19220	19220	77462	77462	61.88	64.25	62.85	61.33	63.35	61.62	62.52	65.00	62.90	61.91	64.20	62.46	1.85362727507	100
19320	19320	77362	77362	61.62	64.22	62.80	61.33	63.42	61.52	62.48	64.85	62.83	61.81	64.17	62.38	1.85425803506	100
19420	19420	77262	77262	61.52	64.10	62.75	61.20	63.38	61.48	62.27	64.78	62.85	61.67	64.08	62.36	1.85433462238	100
19520	19520	77162	77162	61.48	64.05	62.67	61.05	63.23	61.35	62.15	64.72	62.55	61.56	64.00	62.19	1.85532788303	100
19620	19620	77062	77062	61.42	64.03	62.55	61.00	62.90	61.33	62.08	64.62	62.55	61.50	63.85	62.14	1.85526896444	100
19720	19720	76962	76962	61.30	63.83	62.55	60.98	62.75	61.30	62.08	64.42	62.52	61.45	63.67	62.12	1.85426474545	100
19820	19820	76862	76862	61.15	63.80	62.38	60.85	62.67	61.25	61.92	64.25	62.38	61.31	63.58	62.00	1.855229495	100
19920	19920	76762	76762	61.12	63.80	62.27	60.85	62.75	61.15	62.10	64.20	62.42	61.36	63.58	61.95	1.85383423617	100
20020	20020	76662	76662	61.17	63.83	62.23	60.77	62.65	61.17	61.85	64.10	62.23	61.27	63.52	61.88	1.85308286856	100
20120	20120	76562	76562	61.15	63.75	62.12	60.77	62.55	61.17	61.73	64.05	62.17	61.22	63.45	61.83	1.85235744249	100
20220	20220	76462	76462	61.02	63.52	62.02	60.75	62.48	61.15	61.60	64.00	62.12	61.12	63.33	61.77	1.85376881599	100
20320	20320	76362	76362	61.08	63.50	61.88	60.48	62.42	61.25	61.62	63.92	62.05	61.06	63.28	61.73	1.85359148446	100
20420	20420	76262	76262	60.95	63.40	61.80	60.35	62.38	61.17	61.58	63.98	62.00	60.96	63.25	61.66	1.85414138292	100
20520	20520	76162	76162	60.83	63.35	61.77	60.30	62.38	61.08	61.38	64.00	61.92	60.83	63.24	61.59	1.85264494524	100
20620	20620	76062	76062	60.80	63.23	61.73	60.27	62.42	60.90	61.27	63.95	61.90	60.78	63.20	61.51	1.85355735172	100
20720	20720	75962	75962	60.73	63.15	61.73	60.12	62.35	60.83	61.02	63.95	61.75	60.62	63.15	61.43	1.85235421649	100
20820	20820	75862	75862	60.70	63.00	61.58	60.10	62.25	60.75	60.88	63.92	61.70	60.56	63.06	61.34	1.85211915997	100
20920	20920	75762	75762	60.55	63.05	61.48	60.05	62.25	60.73	60.65	63.92	61.70	60.42	63.08	61.30	1.85156047839	100
21020	21020	75662	75662	60.48	62.95	61.23	59.83	62.17	60.60	60.42	63.88	61.50	60.24	63.00	61.11	1.85125296883	100
21120	21120	75562	75562	60.23	62.85	61.15	59.60	62.08	60.55	60.27	63.80	61.45	60.03	62.91	61.05	1.85104896828	100
21220	21220	75462	75462	60.15	62.75	61.05	59.67	61.98	60.48	60.17	63.83	61.48	60.00	62.85	61.00	1.85122171901	100
21320	21320	75362	75362	60.08	62.80	61.02	59.52	61.98	60.35	60.08	63.80	61.48	59.89	62.86	60.95	1.85158401759	100
21420	21420	75262	75262	59.90	62.67	60.92	59.48	61.70	60.25	60.20	63.40	61.48	59.86	62.59	60.88	1.85120380296	100
21520	21520	75162	75162	59.83	62.45	60.90	59.45	61.70	60.17	60.12	63.33	61.38	59.80	62.49	60.82	1.85068427928	100
21620	21620	75062	75062	59.73	62.50	60.85	59.42	61.77	60.12	60.00	63.27	61.27	59.72	62.52	60.75	1.85044705227	100
21720	21720	74962	74962	59.55	62.40	60.75	59.20	61.67	60.08	59.77	63.17	61.20	59.51	62.42	60.67	1.85080748894	100
21820	21820	74862	74862	59.60	62.35	60.70	59.12	61.55	60.00	59.67	63.38	61.23	59.47	62.42	60.64	1.85202183748	100
21920	21920	74762	74762	59.55	62.17	60.70	59.17	61.50	60.00	59.55	63.12	61.08	59.42	62.27	60.59	1.85079279625	100
22020	22020	74662	74662	59.33	62.08	60.42	59.10	61.50	59.85	59.42	63.08	60.88	59.28	62.22	60.38	1.85134624258	100
22120	22120	74562	74562	59.35	62.05	60.58	59.02	61.45	59.85	59.35	63.08	60.83	59.24	62.19	60.42	1.85046941118	100
22220	22220	74462	74462	59.33	62.05	60.52	58.98	61.38	59.77	59.33	62.90	60.83	59.21	62.11	60.38	1.84956316987	100
22320	22320	74362	74362	59.27	61.98	60.33	58.88	61.38	59.73	59.23	62.88	60.77	59.12	62.08	60.27	1.8495365858	100
22420	22420	74262	74262	59.30	61.95	60.23	58.77	61.25	59.55	59.00	62.85	60.73	59.02	62.02	60.17	1.84779474024	100
22520	22520	74162	74162	59.20	61.83	60.12	58.73	61.30	59.52	58.95	62.70	60.55	58.96	61.94	60.07	1.84711626562	100
22620	22620	74062	74062	59.25	61.67	60.02	58.50	61.10	59.45	58.83	62.60	60.52	58.86	61.79	60.00	1.84760813411	100
22720	22720	73962	73962	59.08	61.62	59.85	58.45	61.05	59.30	58.70	62.25	60.45	58.74	61.64	59.87	1.84807903876	100
22820	22820	73862	73862	59.00	61.48	59.77	58.35	60.98	59.00	58.62	62.17	60.35	58.66	61.54	59.71	1.84852970495	100
22920	22920	73762	73762	58.92	61.42	59.60	58.27	60.65	59.00	58.40	62.08	60.33	58.53	61.38	59.64	1.84844038401	100
23020	23020	73662	73662	58.90	61.38	59.55	58.17	60.58	58.90	58.42	61.90	60.12	58.50	61.28	59.52	1.84877658232	100
23120	23120	73562	73562	58.85	61.27	59.38	58.08	60.45	58.80	58.33	61.90	60.08	58.42	61.21	59.42	1.849009263	100
23220	23220	73462	73462	58.77	61.23	59.35	58.02	60.50	58.75	58.30	61.80	60.05	58.37	61.17	59.38	1.84813759998	100
23320	23320	73362	73362	58.65	61.10	59.25	58.00	60.50	58.70	58.25	61.75	59.85	58.30	61.12	59.27	1.84895281449	100
23420	23420	73262	73262	58.60	61.10	59.20	57.80	60.48	58.60	57.95	61.67	59.65	58.12	61.08	59.15	1.84783479708	100
23520	23520	73162	73162	58.55	61.05	59.12	57.77	60.35	58.50	57.90	61.77	59.55	58.08	61.06	59.06	1.8473903619	100
23620	23620	73062	73062	58.50	60.95	59.17	57.62	60.23	58.50	57.92	61.50	59.35	58.02	60.89	59.01	1.84740268075	100
23720	23720	72962	72962	58.45	60.85	59.12	57.58	60.02	58.42	57.83	61.40	59.35	57.95	60.76	58.97	1.84835034158	100
23820	23820	72862	72862	58.30	60.83	59.02	57.50	59.95	58.33	57.90	61.38	59.30	57.90	60.72	58.88	1.84893098573	100
23920	23920	72762	72762	58.35	60.62	59.00	57.38	59.85	58.25	57.73	61.30	59.23	57.82	60.59	58.83	1.84865947071	100
24020	24020	72662	72662	58.25	60.60	58.88	57.33	59.60	58.17	57.80	61.15	59.12	57.79	60.45	58.73	1.84881959274	100
24120	24120	72562	72562	58.25	60.55	58.83	57.33	59.48	58.15	57.58	60.95	58.92	57.72	60.33	58.63	1.84983930877	100
24220	24220	72462	72462	58.17	60.45	58.62	57.25	59.42	58.12	57.45	60.95	58.83	57.62	60.27	58.52	1.85019110789	100
24320	24320	72362	72362	58.08	60.35	58.60	57.20	59.42	58.00	57.30	60.90	58.62	57.52	60.23	58.41	1.85114862062	100
24420	24420	72262	72262	58.02	60.08	58.45	57.15	59.33	57.95	57.27	60.83	58.50	57.48	60.08	58.30	1.85188374653	100
24520	24520	72162	72162	58.00	59.92	58.35	57.10	59.23	57.83	57.17	60.83	58.45	57.42	59.99	58.21	1.85331952703	100
24620	24620	72062	72062	58.00	59.75	58.20	57.05	59.10	57.58	57.12	60.70	58.40	57.39	59.85	58.06	1.85250581333	100
24720	24720	71962	71962	58.00	59.75	58.17	57.00	59.08	57.50	57.02	60.42	58.33	57.34	59.75	58.00	1.8521044938	100
24820	24820	71862	71862	57.95	59.60	58.10	56.95	58.92	57.40	56.98	60.23	58.23	57.29	59.58	57.91	1.85145688383	100
24920	24920	71762	71762	57.88	59.60	58.05	56.95	58.83	57.40	56.90	60.20	58.25	57.24	59.54	57.90	1.85284907064	100
25020	25020	71662	71662	57.92	59.50	57.98	56.85	58.77	57.38	56.90	60.08	58.12	57.23	59.45	57.83	1.85227641636	100
25120	25120	71562	71562	57.83	59.38	57.90	56.73	58.62	57.27	56.75	60.05	58.05	57.10	59.35	57.74	1.85236684063	100
25220	25220	71462	71462	57.77	59.30	57.83	56.73	58.60	57.10	56.67	59.88	57.98	57.06	59.26	57.63	1.85363422193	100
25320	25320	71362	71362	57.73	59.30	57.80	56.62	58.48	57.02	56.75	59.88	57.85	57.03	59.22	57.56	1.8523154008	100
25420	25420	71262	71262	57.70	59.30	57.73	56.50	58.48	56.95	56.65	59.90	57.85	56.95	59.23	57.51	1.85257677086	100
25520	25520	71162	71162	57.65	59.15	57.65	56.48	58.35	56.85	56.48	59.67	57.65	56.87	59.06	57.38	1.85242932773	100
25620	25620	71062	71062	57.60	59.15	57.58	56.40	58.27	56.85	56.45	59.55	57.67	56.82	58.99	57.37	1.85260470709	100
25720	25720	70962	70962	57.50	59.00	57.60	56.35	58.25	56.75	56.33	59.42	57.70	56.73	58.89	57.35	1.85395383692	100
25820	25820	70862	70862	57.40	58.92	57.52	56.23	58.25	56.80	56.27	59.35	57.52	56.63	58.84	57.28	1.85388428541	100
25920	25920	70762	70762	57.38	58.90	57.45	56.17	58.20	56.73	56.27	59.33	57.45	56.61	58.81	57.21	1.85451283419	100
26020	26020	70662	70662	57.30	58.77	57.42	56.12	58.12	56.62	56.30	59.20	57.27	56.58	58.70	57.11	1.85458327681	100
26120	26120	70562	70562	57.15	58.80	57.30	56.12	58.10	56.70	56.25	59.08	57.23	56.51	58.66	57.08	1.85384113799	100
26220	26220	70462	70462	57.17	58.65	57.25	56.05	57.95	56.65	56.25	58.98	57.23	56.49	58.52	57.04	1.85399210867	100
26320	26320	70362	70362	57.08	58.65	57.17	56.00	57.75	56.52	56.15	58.95	57.12	56.41	58.45	56.94	1.85425494781	100
26420	26420	70262	70262	57.08	58.45	57.05	55.92	57.73	56.38	56.02	58.80	56.92	56.34	58.33	56.78	1.85537395942	100
26520	26520	70162	70162	57.02	58.50	56.90	55.95	57.67	56.17	56.02	58.67	57.00	56.33	58.28	56.69	1.8557819128	100
26620	26620	70062	70062	57.05	58.50	56.90	55.88	57.67	56.12	55.92	58.62	56.88	56.28	58.27	56.63	1.85561661803	100
26720	26720	69962	69962	56.95	58.42	56.90	55.80	57.62	56.08	55.92	58.58	56.90	56.23	58.21	56.62	1.85483493045	100
26820	26820	69862	69862	56.90	58.45	56.83	55.80	57.65	56.05	55.88	58.55	56.83	56.19	58.22	56.57	1.85480570555	100
26920	26920	69762	69762	56.85	58.33	56.77	55.73	57.62	56.02	55.77	58.48	56.83	56.12	58.14	56.54	1.85641414389	100
27020	27020	69662	69662	56.73	58.30	56.75	55.77	57.48	56.00	55.77	58.33	56.75	56.09	58.03	56.50	1.85591720269	100
27120	27120	69562	69562	56.67	58.23	56.65	55.70	57.52	55.95	55.77	58.35	56.58	56.05	58.03	56.39	1.85570420779	100
27220	27220	69462	69462	56.67	58.17	56.65	55.62	57.40	55.95	55.67	58.27	56.48	55.99	57.95	56.36	1.85567578653	100
27320	27320	69362	69362	56.65	58.05	56.58	55.62	57.35	55.95	55.65	58.27	56.45	55.98	57.89	56.33	1.85553980989	100
27420	27420	69262	69262	56.65	58.05	56.60	55.58	57.23	55.80	55.60	58.20	56.35	55.94	57.83	56.25	1.85685874776	100
27520	27520	69162	69162	56.52	57.92	56.60	55.55	57.17	55.80	55.55	58.12	56.25	55.88	57.74	56.22	1.8568166386	100
27620	27620	69062	69062	56.30	57.80	56.48	55.58	57.15	55.77	55.48	58.05	56.23	55.78	57.67	56.16	1.85750585678	100
27720	27720	68962	68962	56.17	57.70	56.42	55.52	57.10	55.73	55.40	57.90	56.27	55.70	57.57	56.14	1.85744822337	100
27820	27820	68862	68862	56.15	57.73	56.33	55.40	57.12	55.73	55.38	57.95	56.25	55.64	57.60	56.10	1.85833518115	100
27920	27920	68762	68762	56.02	57.67	56.23	55.35	57.08	55.77	55.33	57.98	56.15	55.57	57.58	56.05	1.85797111876	100
28020	28020	68662	68662	55.98	57.60	56.20	55.30	56.85	55.70	55.30	57.90	56.08	55.52	57.45	55.99	1.85752126799	100
28120	28120	68562	68562	56.00	57.52	56.17	55.25	56.83	55.65	55.33	57.85	55.98	55.52	57.40	55.93	1.85796394154	100
28220	28220	68462	68462	56.00	57.55	56.20	55.27	56.77	55.58	55.33	57.83	55.88	55.53	57.38	55.88	1.8575709246	100
28320	28320	68362	68362	55.90	57.50	56.02	55.25	56.65	55.60	55.15	57.80	55.85	55.43	57.32	55.83	1.85740063955	100
28420	28420	68262	68262	55.88	57.40	56.02	55.15	56.58	55.58	55.27	57.77	55.85	55.43	57.25	55.82	1.85798740048	100
28520	28520	68162	68162	55.77	57.35	56.00	55.12	56.60	55.50	55.20	57.62	55.80	55.37	57.19	55.77	1.85877261615	100
28620	28620	68062	68062	55.83	57.33	55.95	55.05	56.55	55.42	55.20	57.58	55.80	55.36	57.15	55.73	1.85823279607	100
28720	28720	67962	67962	55.83	57.27	55.88	54.90	56.52	55.38	55.25	57.50	55.83	55.33	57.10	55.69	1.85848354369	100
28820	28820	67862	67862	55.73	57.23	55.85	54.88	56.58	55.30	55.10	57.45	55.77	55.23	57.08	55.64	1.85914098516	100
28920	28920	67762	67762	55.70	57.17	55.77	54.77	56.42	55.30	55.10	57.35	55.73	55.19	56.98	55.60	1.85871904648	100
29020	29020	67662	67662	55.62	57.15	55.70	54.70	56.38	55.33	55.08	57.27	55.65	55.13	56.93	55.56	1.85908650047	100
29120	29120	67562	67562	55.60	57.15	55.65	54.62	56.35	55.27	55.10	57.23	55.62	55.11	56.91	55.52	1.85915915157	100
29220	29220	67462	67462	55.52	57.08	55.60	54.58	56.33	55.25	55.08	57.25	55.55	55.06	56.88	55.47	1.85872265143	100
29320	29320	67362	67362	55.50	57.00	55.58	54.60	56.35	55.27	55.05	57.23	55.55	55.05	56.86	55.47	1.85830957228	100
29420	29420	67262	67262	55.45	56.88	55.50	54.62	56.38	55.23	54.95	57.15	55.52	55.01	56.80	55.42	1.85847015313	100
29520	29520	67162	67162	55.48	56.90	55.48	54.58	56.25	55.20	55.00	57.05	55.50	55.02	56.73	55.39	1.85921734475	100
29620	29620	67062	67062	55.38	56.75	55.42	54.50	56.23	55.17	54.98	57.00	55.35	54.95	56.66	55.32	1.85918975141	100
29720	29720	66962	66962	55.33	56.67	55.38	54.50	56.25	55.17	54.98	56.92	55.38	54.93	56.62	55.31	1.8596387744	100
29820	29820	66862	66862	55.30	56.67	55.35	54.40	56.23	55.12	54.92	56.90	55.35	54.88	56.60	55.27	1.86003306098	100
29920	29920	66762	66762	55.27	56.60	55.33	54.45	56.20	55.10	54.90	56.88	55.27	54.88	56.56	55.23	1.85957539764	100
30020	30020	66662	66662	55.30	56.45	55.35	54.30	56.20	55.05	54.88	56.73	55.25	54.83	56.46	55.22	1.86014236318	100
30120	30120	66562	66562	55.27	56.42	55.30	54.33	56.10	55.00	54.83	56.60	55.20	54.81	56.38	55.17	1.86075318413	100
30220	30220	66462	66462	55.23	56.35	55.27	54.30	56.10	54.90	54.80	56.55	55.10	54.77	56.33	55.09	1.86127214739	100
30320	30320	66362	66362	55.20	56.30	55.23	54.25	56.05	54.90	54.73	56.50	55.10	54.73	56.28	55.08	1.86240864525	100
30420	30420	66262	66262	55.23	56.20	55.17	54.27	55.95	54.88	54.67	56.38	55.10	54.73	56.17	55.05	1.86222643555	100
30520	30520	66162	66162	55.17	56.23	55.15	54.23	55.92	54.83	54.65	56.38	55.02	54.68	56.17	55.00	1.8623333116	100
30620	30620	66062	66062	55.15	56.20	55.17	54.15	55.90	54.77	54.62	56.40	54.98	54.64	56.17	54.98	1.86136407328	100
30720	30720	65962	65962	55.10	56.08	55.02	54.08	55.88	54.75	54.60	56.35	54.95	54.59	56.10	54.91	1.86141013759	100
30820	30820	65862	65862	55.05	56.00	55.02	54.08	55.77	54.75	54.58	56.40	54.83	54.57	56.06	54.87	1.86124245179	100
30920	30920	65762	65762	55.02	55.95	55.02	54.10	55.83	54.67	54.60	56.40	54.77	54.58	56.06	54.83	1.86095048906	100
31020	31020	65662	65662	55.00	55.98	55.00	54.08	55.77	54.65	54.60	56.30	54.73	54.56	56.02	54.79	1.86051111948	100
31120	31120	65562	65562	54.92	55.90	54.95	54.02	55.75	54.65	54.58	56.33	54.67	54.51	55.99	54.76	1.86108214106	100
31220	31220	65462	65462	54.92	55.90	54.92	53.90	55.70	54.65	54.55	56.25	54.70	54.46	55.95	54.76	1.86169990976	100
31320	31320	65362	65362	54.88	55.98	54.88	53.92	55.65	54.60	54.50	56.25	54.73	54.43	55.96	54.73	1.86195424415	100
31420	31420	65262	65262	54.90	55.92	54.83	53.88	55.73	54.60	54.45	56.15	54.70	54.41	55.93	54.71	1.86215829201	100
31520	31520	65162	65162	54.85	55.83	54.83	53.83	55.70	54.58	54.50	56.20	54.67	54.39	55.91	54.69	1.86257733224	100
31620	31620	65062	65062	54.80	55.77	54.83	53.80	55.58	54.52	54.42	56.15	54.67	54.34	55.83	54.67	1.86343027539	100
31720	31720	64962	64962	54.75	55.75	54.85	53.77	55.52	54.55	54.45	56.12	54.67	54.33	55.80	54.69	1.86350938208	100
31820	31820	64862	64862	54.73	55.67	54.83	53.67	55.48	54.52	54.38	56.10	54.62	54.26	55.75	54.66	1.86355526815	100
31920	31920	64762	64762	54.70	55.62	54.80	53.67	55.45	54.48	54.35	55.98	54.60	54.24	55.68	54.62	1.862937215	100
32020	32020	64662	64662	54.67	55.60	54.75	53.65	55.50	54.50	54.45	55.85	54.58	54.26	55.65	54.61	1.86354291344	100
32120	32120	64562	64562	54.70	55.55	54.73	53.67	55.45	54.48	54.40	55.70	54.52	54.26	55.57	54.58	1.86435458306	100
32220	32220	64462	64462	54.70	55.50	54.73	53.58	55.38	54.42	54.42	55.80	54.55	54.23	55.56	54.57	1.86550797715	100
32320	32320	64362	64362	54.62	55.45	54.67	53.52	55.40	54.40	54.27	55.77	54.52	54.14	55.54	54.53	1.866485945	100
32420	32420	64262	64262	54.52	55.48	54.67	53.55	55.38	54.30	54.27	55.62	54.52	54.12	55.49	54.50	1.86686648242	100
32520	32520	64162	64162	54.50	55.48	54.55	53.55	55.45	54.30	54.23	55.55	54.48	54.09	55.49	54.44	1.86715352075	100
32620	32620	64062	64062	54.52	55.50	54.52	53.50	55.38	54.27	54.23	55.48	54.50	54.08	55.45	54.43	1.86760949672	100
32720	32720	63962	63962	54.45	55.48	54.58	53.52	55.33	54.20	54.20	55.50	54.42	54.06	55.43	54.40	1.8684663964	100
32820	32820	63862	63862	54.42	55.45	54.55	53.45	55.25	54.20	54.17	55.50	54.45	54.02	55.40	54.40	1.86935338948	100
32920	32920	63762	63762	54.42	55.42	54.48	53.38	55.25	54.23	54.17	55.45	54.40	53.99	55.38	54.37	1.86966425537	100
33020	33020	63662	63662	54.45	55.40	54.40	53.45	55.17	54.25	54.17	55.38	54.45	54.02	55.32	54.37	1.87034685239	100
33120	33120	63562	63562	54.40	55.35	54.35	53.45	55.15	54.20	54.17	55.33	54.42	54.01	55.27	54.33	1.87064144714	100
33220	33220	63462	63462	54.40	55.38	54.35	53.40	55.15	54.17	54.12	55.30	54.42	53.98	55.27	54.32	1.87096150079	100
33320	33320	63362	63362	54.38	55.38	54.35	53.48	55.15	54.17	54.12	55.27	54.38	53.99	55.27	54.30	1.87110105385	100
33420	33420	63262	63262	54.35	55.35	54.30	53.45	55.12	54.10	54.08	55.25	54.42	53.96	55.24	54.27	1.87229277402	100
33520	33520	63162	63162	54.38	55.25	54.27	53.42	55.17	54.10	54.15	55.23	54.38	53.98	55.22	54.25	1.87330614992	100
33620	33620	63062	63062	54.40	55.25	54.30	53.42	55.15	54.08	54.08	55.17	54.35	53.97	55.19	54.24	1.87441214088	100
33720	33720	62962	62962	54.30	55.23	54.30	53.42	55.12	54.08	54.08	55.15	54.33	53.93	55.17	54.23	1.87496996462	100
33820	33820	62862	62862	54.27	55.23	54.30	53.42	55.05	54.08	54.05	55.12	54.30	53.92	55.13	54.23	1.87601672535	100
33920	33920	62762	62762	54.20	55.23	54.25	53.35	55.05	54.05	54.05	55.08	54.30	53.87	55.12	54.20	1.87691207112	100
34020	34020	62662	62662	54.15	55.15	54.27	53.30	54.98	54.05	54.05	55.02	54.27	53.83	55.05	54.20	1.87707922314	100
34120	34120	62562	62562	54.15	55.10	54.23	53.30	55.05	54.02	54.02	55.00	54.23	53.83	55.05	54.16	1.87883585301	100
34220	34220	62462	62462	54.20	55.15	54.25	53.27	55.00	54.02	54.08	55.00	54.25	53.85	55.05	54.17	1.87920464675	100
34320	34320	62362	62362	54.15	55.12	54.25	53.25	55.00	54.02	54.05	54.92	54.23	53.82	55.02	54.17	1.88032679573	100
34420	34420	62262	62262	54.15	55.12	54.23	53.20	55.00	54.00	54.02	54.88	54.25	53.79	55.00	54.16	1.88152852685	100
34520	34520	62162	62162	54.15	55.10	54.23	53.12	54.95	54.00	54.02	54.83	54.20	53.77	54.96	54.14	1.88243673907	100
34620	34620	62062	62062	54.12	55.12	54.23	53.15	54.98	53.95	54.02	54.88	54.20	53.77	54.99	54.12	1.88197399951	100
34720	34720	61962	61962	54.12	55.10	54.17	53.15	54.98	53.92	53.95	54.88	54.20	53.74	54.98	54.10	1.88264160664	100
34820	34820	61862	61862	54.15	55.05	54.15	53.20	55.00	53.90	53.98	54.83	54.20	53.77	54.96	54.08	1.88373903688	100
34920	34920	61762	61762	54.15	55.08	54.12	53.20	54.95	53.90	53.85	54.85	54.25	53.73	54.96	54.09	1.88533969734	100
35020	35020	61662	61662	54.10	55.08	54.15	53.20	54.92	53.90	53.88	54.90	54.20	53.73	54.97	54.08	1.88645079384	100
35120	35120	61562	61562	54.08	55.05	54.12	53.17	54.83	53.90	53.80	54.80	54.12	53.68	54.89	54.05	1.88694934247	100
35220	35220	61462	61462	54.02	54.98	54.10	53.20	54.77	53.90	53.80	54.77	54.17	53.67	54.84	54.06	1.88758607778	100
35320	35320	61362	61362	54.00	54.92	54.10	53.17	54.80	53.92	53.80	54.75	54.15	53.66	54.83	54.06	1.88882539426	100
35420	35420	61262	61262	53.98	54.95	54.10	53.05	54.77	53.90	53.77	54.77	54.08	53.60	54.83	54.02	1.8889833631	100
35520	35520	61162	61162	53.95	54.98	54.10	53.10	54.73	53.88	53.80	54.75	54.05	53.62	54.82	54.01	1.88941808482	100
35620	35620	61062	61062	53.92	54.92	54.10	53.05	54.70	53.85	53.77	54.75	54.02	53.58	54.79	53.99	1.89045956688	100
35720	35720	60962	60962	53.95	54.85	54.08	53.02	54.70	53.85	53.77	54.75	54.02	53.58	54.77	53.98	1.89102677658	100
35820	35820	60862	60862	53.90	54.85	54.05	53.00	54.70	53.88	53.77	54.77	54.02	53.56	54.77	53.98	1.89166131832	100
35920	35920	60762	60762	53.85	54.85	54.05	53.00	54.70	53.88	53.75	54.80	54.05	53.53	54.78	53.99	1.89287417362	100
36020	36020	60662	60662	53.83	54.83	54.05	53.00	54.70	53.88	53.75	54.85	54.05	53.52	54.79	53.99	1.89358099935	100
36120	36120	60562	60562	53.75	54.80	54.02	53.00	54.67	53.88	53.70	54.77	54.05	53.48	54.75	53.98	1.89445970899	100
36220	36220	60462	60462	53.75	54.80	54.00	53.00	54.70	53.88	53.70	54.75	54.05	53.48	54.75	53.98	1.89516298868	100
36320	36320	60362	60362	53.77	54.83	53.98	53.00	54.65	53.90	53.65	54.67	54.02	53.48	54.72	53.97	1.89580728073	100
36420	36420	60262	60262	53.77	54.85	53.98	53.00	54.62	53.90	53.65	54.67	54.02	53.48	54.72	53.97	1.89629148137	100
36520	36520	60162	60162	53.73	54.88	53.98	53.00	54.65	53.85	53.65	54.67	53.98	53.46	54.73	53.93	1.89674323027	100
36620	36620	60062	60062	53.67	54.77	53.92	53.00	54.65	53.83	53.62	54.70	53.98	53.43	54.71	53.91	1.89699072383	100
36720	36720	59962	59962	53.62	54.73	53.92	52.98	54.65	53.80	53.62	54.67	53.95	53.41	54.68	53.89	1.89768857375	100
36820	36820	59862	59862	53.65	54.75	53.92	52.92	54.65	53.77	53.62	54.62	53.95	53.40	54.67	53.88	1.89848996674	100
36920	36920	59762	59762	53.62	54.75	53.90	52.90	54.62	53.80	53.62	54.65	53.92	53.38	54.67	53.88	1.89903724951	100
37020	37020	59662	59662	53.62	54.73	53.85	52.92	54.62	53.80	53.65	54.62	53.90	53.40	54.66	53.85	1.90008135875	100
37120	37120	59562	59562	53.58	54.70	53.88	52.98	54.62	53.80	53.62	54.60	53.88	53.39	54.64	53.85	1.90063062873	100
37220	37220	59462	59462	53.55	54.70	53.83	52.92	54.65	53.80	53.62	54.62	53.88	53.37	54.66	53.83	1.9012293783	100
37320	37320	59362	59362	53.60	54.67	53.83	52.92	54.65	53.80	53.60	54.60	53.95	53.38	54.64	53.86	1.90251012874	100
37420	37420	59262	59262	53.62	54.67	53.85	52.90	54.65	53.85	53.62	54.65	53.95	53.38	54.66	53.88	1.90303921571	100
37520	37520	59162	59162	53.62	54.67	53.83	52.90	54.70	53.88	53.62	54.65	53.95	53.38	54.67	53.88	1.90373113388	100
37620	37620	59062	59062	53.65	54.67	53.75	52.90	54.65	53.88	53.58	54.65	53.95	53.38	54.66	53.86	1.90418358707	100
37720	37720	58962	58962	53.60	54.62	53.77	52.90	54.67	53.85	53.58	54.65	53.92	53.36	54.65	53.85	1.90422536718	100
37820	37820	58862	58862	53.58	54.58	53.77	52.92	54.67	53.83	53.52	54.62	53.90	53.34	54.62	53.83	1.90467630266	100
37920	37920	58762	58762	53.60	54.62	53.75	52.90	54.67	53.80	53.52	54.55	53.90	53.34	54.62	53.82	1.90477814145	100
38020	38020	58662	58662	53.55	54.58	53.73	52.92	54.67	53.80	53.52	54.55	53.88	53.33	54.60	53.80	1.90556236093	100
38120	38120	58562	58562	53.58	54.58	53.73	52.95	54.65	53.77	53.50	54.55	53.88	53.34	54.59	53.79	1.90622111342	100
38220	38220	58462	58462	53.55	54.60	53.73	52.90	54.65	53.83	53.52	54.52	53.88	53.33	54.59	53.81	1.90658949124	100
38320	38320	58362	58362	53.52	54.58	53.73	52.88	54.62	53.80	53.50	54.50	53.88	53.30	54.57	53.80	1.90680095305	100
38420	38420	58262	58262	53.55	54.65	53.73	52.92	54.67	53.83	53.52	54.52	53.90	53.33	54.62	53.82	1.90744588067	100
38520	38520	58162	58162	53.55	54.65	53.73	52.90	54.62	53.80	53.52	54.52	53.88	53.33	54.60	53.80	1.90823329132	100
38620	38620	58062	58062	53.55	54.58	53.73	52.95	54.62	53.80	53.52	54.48	53.85	53.34	54.56	53.79	1.90928705373	100
38720	38720	57962	57962	53.52	54.60	53.73	52.92	54.60	53.80	53.55	54.50	53.80	53.33	54.57	53.77	1.90949683609	100
38820	38820	57862	57862	53.50	54.58	53.67	52.90	54.60	53.80	53.58	54.50	53.80	53.33	54.56	53.76	1.91005976737	100
38920	38920	57762	57762	53.50	54.55	53.67	52.90	54.58	53.83	53.60	54.50	53.77	53.33	54.54	53.76	1.90990639421	100
39020	39020	57662	57662	53.48	54.55	53.70	52.92	54.60	53.80	53.60	54.55	53.80	53.33	54.57	53.77	1.91018369046	100
39120	39120	57562	57562	53.45	54.55	53.65	52.92	54.55	53.77	53.58	54.55	53.80	53.32	54.55	53.74	1.91049088116	100
39220	39220	57462	57462	53.52	54.60	53.62	52.92	54.55	53.77	53.58	54.55	53.80	53.34	54.57	53.73	1.91066315045	100
39320	39320	57362	57362	53.50	54.65	53.62	52.92	54.55	53.75	53.60	54.55	53.80	53.34	54.58	53.73	1.91076380533	100
39420	39420	57262	57262	53.50	54.65	53.62	52.95	54.62	53.75	53.58	54.58	53.77	53.34	54.62	53.72	1.91107745128	100
39520	39520	57162	57162	53.50	54.65	53.62	52.95	54.62	53.75	53.58	54.60	53.75	53.34	54.62	53.71	1.91198366754	100
39620	39620	57062	57062	53.48	54.70	53.62	52.95	54.60	53.75	53.58	54.58	53.77	53.33	54.62	53.72	1.91221169518	100
39720	39720	56962	56962	53.42	54.65	53.65	52.95	54.60	53.75	53.52	54.58	53.77	53.30	54.61	53.73	1.91298540763	100
39820	39820	56862	56862	53.40	54.65	53.62	52.88	54.65	53.75	53.55	54.55	53.80	53.27	54.62	53.73	1.91311152347	100
39920	39920	56762	56762	53.42	54.67	53.60	52.88	54.65	53.75	53.52	54.52	53.80	53.27	54.62	53.72	1.91326169382	100
40020	40020	56662	56662	53.40	54.73	53.58	52.88	54.62	53.75	53.55	54.50	53.80	53.27	54.62	53.71	1.91378567641	100
40120	40120	56562	56562	53.40	54.70	53.62	52.88	54.60	53.75	53.50	54.52	53.75	53.26	54.61	53.71	1.91414246281	100
40220	40220	56462	56462	53.40	54.62	53.62	52.88	54.62	53.75	53.50	54.52	53.77	53.26	54.59	53.72	1.91479296754	100
40320	40320	56362	56362	53.38	54.52	53.60	52.80	54.60	53.75	53.55	54.52	53.73	53.24	54.55	53.69	1.91509062213	100
40420	40420	56262	56262	53.40	54.55	53.62	52.85	54.55	53.73	53.50	54.52	53.75	53.25	54.54	53.70	1.91529605782	100
40520	40520	56162	56162	53.38	54.58	53.60	52.85	54.55	53.70	53.48	54.48	53.75	53.23	54.53	53.68	1.91576241151	100
40620	40620	56062	56062	53.38	54.55	53.62	52.88	54.55	53.70	53.50	54.42	53.70	53.25	54.51	53.67	1.91602829461	100
40720	40720	55962	55962	53.40	54.55	53.62	52.83	54.58	53.67	53.50	54.42	53.70	53.24	54.52	53.67	1.9160385437	100
40820	40820	55862	55862	53.40	54.50	53.62	52.85	54.58	53.65	53.55	54.42	53.73	53.27	54.50	53.67	1.91639199549	100
40920	40920	55762	55762	53.42	54.52	53.62	52.83	54.60	53.67	53.45	54.42	53.65	53.23	54.52	53.65	1.91703334117	100
41020	41020	55662	55662	53.40	54.52	53.60	52.83	54.60	53.67	53.50	54.40	53.62	53.24	54.51	53.63	1.91743111247	100
41120	41120	55562	55562	53.40	54.50	53.58	52.85	54.58	53.65	53.45	54.42	53.65	53.23	54.50	53.62	1.91711539737	100
41220	41220	55462	55462	53.40	54.50	53.60	52.85	54.60	53.60	53.45	54.40	53.62	53.23	54.50	53.61	1.91754105413	100
41320	41320	55362	55362	53.40	54.52	53.60	52.83	54.55	53.58	53.42	54.27	53.65	53.22	54.45	53.61	1.91824698059	100
41420	41420	55262	55262	53.42	54.58	53.60	52.83	54.55	53.60	53.45	54.33	53.60	53.23	54.48	53.60	1.91801821049	100
41520	41520	55162	55162	53.40	54.58	53.60	52.83	54.55	53.58	53.45	54.30	53.60	53.23	54.48	53.59	1.91856615041	100
41620	41620	55062	55062	53.38	54.55	53.58	52.80	54.52	53.58	53.42	54.25	53.62	53.20	54.44	53.59	1.9188155309	100
41720	41720	54962	54962	53.38	54.58	53.60	52.80	54.52	53.58	53.42	54.27	53.60	53.20	54.46	53.59	1.91917500934	100
41820	41820	54862	54862	53.38	54.60	53.62	52.80	54.52	53.58	53.42	54.33	53.62	53.20	54.48	53.61	1.91898654606	100
41920	41920	54762	54762	53.38	54.55	53.58	52.80	54.58	53.58	53.45	54.30	53.65	53.21	54.48	53.60	1.91933594313	100
42020	42020	54662	54662	53.33	54.55	53.60	52.80	54.55	53.58	53.42	54.27	53.60	53.18	54.46	53.59	1.91936787842	100
42120	42120	54562	54562	53.35	54.55	53.65	52.80	54.55	53.58	53.42	54.30	53.60	53.19	54.47	53.61	1.91930038625	100
42220	42220	54462	54462	53.38	54.58	53.67	52.83	54.58	53.60	53.40	54.33	53.62	53.20	54.49	53.63	1.91925412286	100
42320	42320	54362	54362	53.33	54.58	53.67	52.83	54.55	53.60	53.40	54.30	53.65	53.18	54.48	53.64	1.91963902555	100
42420	42420	54262	54262	53.33	54.52	53.67	52.83	54.58	53.60	53.40	54.27	53.60	53.18	54.46	53.62	1.92046548009	100
42520	42520	54162	54162	53.30	54.52	53.67	52.83	54.52	53.62	53.40	54.17	53.50	53.17	54.41	53.60	1.92045324841	100
42620	42620	54062	54062	53.33	54.55	53.60	52.80	54.55	53.62	53.40	54.20	53.52	53.17	54.43	53.58	1.920958966	100
42720	42720	53962	53962	53.40	54.55	53.58	52.83	54.52	53.58	53.40	54.23	53.50	53.21	54.43	53.55	1.92124731829	100
42820	42820	53862	53862	53.40	54.55	53.60	52.83	54.50	53.58	53.40	54.20	53.48	53.21	54.42	53.55	1.92136554907	100
42920	42920	53762	53762	53.38	54.55	53.52	52.80	54.50	53.52	53.45	54.15	53.48	53.21	54.40	53.51	1.92161397909	100
43020	43020	53662	53662	53.38	54.50	53.52	52.77	54.52	53.52	53.45	54.15	53.52	53.20	54.39	53.52	1.92189177516	100
43120	43120	53562	53562	53.35	54.50	53.55	52.80	54.52	53.55	53.42	54.20	53.52	53.19	54.41	53.54	1.92277188936	100
43220	43220	53462	53462	53.35	54.52	53.55	52.80	54.48	53.55	53.45	54.20	53.50	53.20	54.40	53.53	1.92288417252	100
43320	43320	53362	53362	53.35	54.52	53.52	52.77	54.48	53.52	53.40	54.23	53.45	53.17	54.41	53.50	1.92353801283	100
43420	43420	53262	53262	53.33	54.50	53.52	52.75	54.50	53.55	53.40	54.25	53.50	53.16	54.42	53.52	1.92337503391	100
43520	43520	53162	53162	53.30	54.55	53.52	52.75	54.50	53.55	53.40	54.27	53.50	53.15	54.44	53.52	1.92363888603	100
43620	43620	53062	53062	53.30	54.60	53.50	52.77	54.52	53.55	53.40	54.27	53.50	53.16	54.47	53.52	1.9239978674	100
43720	43720	52962	52962	53.33	54.58	53.50	52.77	54.50	53.55	53.38	54.23	53.50	53.16	54.43	53.52	1.92447734595	100
43820	43820	52862	52862	53.30	54.55	53.52	52.75	54.50	53.55	53.35	54.17	53.50	53.13	54.41	53.52	1.92504891811	100
43920	43920	52762	52762	53.33	54.58	53.52	52.80	54.50	53.52	53.35	54.20	53.52	53.16	54.42	53.52	1.92505673072	100
44020	44020	52662	52662	53.35	54.55	53.50	52.80	54.50	53.55	53.35	54.20	53.52	53.17	54.42	53.52	1.9253758435	100
44120	44120	52562	52562	53.33	54.52	53.48	52.77	54.48	53.55	53.35	54.17	53.50	53.15	54.39	53.51	1.92572180432	100
44220	44220	52462	52462	53.33	54.58	53.50	52.80	54.48	53.55	53.35	54.17	53.45	53.16	54.41	53.50	1.92516008727	100
44320	44320	52362	52362	53.33	54.58	53.48	52.80	54.50	53.55	53.38	54.15	53.45	53.17	54.41	53.49	1.92599929732	100
44420	44420	52262	52262	53.35	54.58	53.42	52.80	54.50	53.58	53.35	54.12	53.45	53.17	54.40	53.48	1.92615203971	100
44520	44520	52162	52162	53.35	54.55	53.42	52.80	54.50	53.58	53.35	54.12	53.45	53.17	54.39	53.48	1.92650360489	100
44620	44620	52062	52062	53.35	54.55	53.40	52.80	54.52	53.58	53.38	54.15	53.45	53.17	54.41	53.48	1.92660789306	100
44720	44720	51962	51962	53.35	54.48	53.40	52.80	54.52	53.58	53.40	54.12	53.45	53.18	54.38	53.48	1.92692578335	100
44820	44820	51862	51862	53.35	54.50	53.40	52.80	54.50	53.58	53.38	54.12	53.45	53.17	54.38	53.48	1.92719900633	100
44920	44920	51762	51762	53.38	54.50	53.40	52.80	54.50	53.58	53.40	54.15	53.45	53.19	54.38	53.48	1.92694478574	100
45020	45020	51662	51662	53.40	54.50	53.40	52.80	54.48	53.58	53.40	54.17	53.45	53.20	54.38	53.48	1.92712526543	100
45120	45120	51562	51562	53.42	54.48	53.38	52.80	54.50	53.58	53.40	54.17	53.45	53.21	54.38	53.47	1.92722880238	100
45220	45220	51462	51462	53.40	54.50	53.38	52.80	54.52	53.60	53.40	54.15	53.45	53.20	54.39	53.48	1.92771589187	100
45320	45320	51362	51362	53.40	54.52	53.38	52.80	54.48	53.60	53.40	54.12	53.45	53.20	54.38	53.48	1.92766884882	100
45420	45420	51262	51262	53.42	54.50	53.40	52.80	54.48	53.58	53.38	54.15	53.45	53.20	54.38	53.48	1.92779919943	100
45520	45520	51162	51162	53.42	54.50	53.38	52.80	54.48	53.58	53.38	54.17	53.45	53.20	54.38	53.47	1.92784354897	100
45620	45620	51062	51062	53.42	54.50	53.40	52.83	54.48	53.58	53.35	54.17	53.45	53.20	54.38	53.48	1.9282518412	100
45720	45720	50962	50962	53.45	54.50	53.40	52.80	54.42	53.55	53.35	54.15	53.45	53.20	54.36	53.47	1.92827730485	100
45820	45820	50862	50862	53.48	54.45	53.38	52.83	54.48	53.58	53.38	54.17	53.45	53.23	54.37	53.47	1.9286359513	100
45920	45920	50762	50762	53.45	54.50	53.35	52.83	54.48	53.58	53.38	54.15	53.45	53.22	54.38	53.46	1.92871947527	100
46020	46020	50662	50662	53.40	54.45	53.35	52.80	54.48	53.58	53.38	54.12	53.45	53.19	54.35	53.46	1.9291203467	100
46120	46120	50562	50562	53.42	54.50	53.35	52.77	54.48	53.58	53.35	54.17	53.45	53.18	54.38	53.46	1.92895445278	100
46220	46220	50462	50462	53.40	54.50	53.38	52.77	54.48	53.58	53.38	54.17	53.45	53.18	54.38	53.47	1.92951230195	100
46320	46320	50362	50362	53.40	54.50	53.38	52.77	54.45	53.58	53.40	54.15	53.45	53.19	54.37	53.47	1.92951569375	100
46420	46420	50262	50262	53.38	54.50	53.38	52.75	54.45	53.58	53.40	54.10	53.45	53.17	54.35	53.47	1.92947122153	100
46520	46520	50162	50162	53.40	54.48	53.38	52.75	54.48	53.55	53.40	54.10	53.45	53.18	54.35	53.46	1.92963679221	100
46620	46620	50062	50062	53.40	54.45	53.35	52.75	54.48	53.55	53.40	54.12	53.45	53.18	54.35	53.45	1.9298729331	100
46720	46720	49962	49962	53.38	54.45	53.38	52.75	54.42	53.55	53.40	54.12	53.45	53.17	54.33	53.46	1.93059008915	100
46820	46820	49862	49862	53.35	54.50	53.38	52.75	54.45	53.55	53.42	54.12	53.45	53.17	54.36	53.46	1.93067977815	100
46920	46920	49762	49762	53.38	54.50	53.40	52.75	54.45	53.55	53.42	54.10	53.45	53.18	54.35	53.47	1.93088744522	100
47020	47020	49662	49662	53.38	54.50	53.40	52.75	54.45	53.55	53.40	54.15	53.45	53.17	54.37	53.47	1.93135041236	100
47120	47120	49562	49562	53.38	54.50	53.40	52.75	54.48	53.55	53.40	54.10	53.40	53.17	54.36	53.45	1.93147309541	100
47220	47220	49462	49462	53.40	54.55	53.40	52.77	54.50	53.55	53.40	54.15	53.40	53.19	54.40	53.45	1.93175435999	100
47320	47320	49362	49362	53.40	54.58	53.40	52.77	54.48	53.52	53.40	54.15	53.40	53.19	54.40	53.44	1.93166097229	100
47420	47420	49262	49262	53.42	54.60	53.40	52.80	54.42	53.50	53.35	54.15	53.40	53.19	54.39	53.43	1.9315146478	100
47520	47520	49162	49162	53.42	54.62	53.40	52.77	54.45	53.50	53.40	54.17	53.40	53.20	54.42	53.43	1.93185139055	100
47620	47620	49062	49062	53.40	54.60	53.40	52.77	54.45	53.50	53.40	54.17	53.38	53.19	54.41	53.42	1.9322324193	100
47720	47720	48962	48962	53.38	54.60	53.40	52.77	54.45	53.48	53.38	54.17	53.38	53.17	54.41	53.42	1.93248760921	100
47820	47820	48862	48862	53.40	54.65	53.42	52.77	54.50	53.50	53.35	54.20	53.38	53.17	54.45	53.43	1.93261128193	100
47920	47920	48762	48762	53.42	54.70	53.40	52.77	54.45	53.48	53.35	54.17	53.33	53.18	54.44	53.40	1.932918811	100
48020	48020	48662	48662	53.42	54.67	53.40	52.77	54.45	53.50	53.38	54.12	53.35	53.19	54.42	53.42	1.93297226957	100
48120	48120	48562	48562	53.40	54.67	53.40	52.77	54.50	53.50	53.38	54.15	53.35	53.18	54.44	53.42	1.93351846673	100
48220	48220	48462	48462	53.40	54.60	53.40	52.80	54.45	53.50	53.38	54.17	53.38	53.19	54.41	53.42	1.93359499355	100
48320	48320	48362	48362	53.42	54.60	53.40	52.83	54.40	53.55	53.35	54.17	53.40	53.20	54.39	53.45	1.93387547571	100
48420	48420	48262	48262	53.40	54.60	53.40	52.77	54.45	53.52	53.38	54.20	53.35	53.18	54.42	53.42	1.93418597922	100
48520	48520	48162	48162	53.40	54.55	53.40	52.77	54.45	53.52	53.40	54.20	53.38	53.19	54.40	53.43	1.93428009617	100
48620	48620	48062	48062	53.40	54.55	53.42	52.83	54.45	53.50	53.40	54.23	53.38	53.21	54.41	53.43	1.93434266941	100
48720	48720	47962	47962	53.40	54.55	53.42	52.80	54.42	53.50	53.40	54.20	53.35	53.20	54.39	53.42	1.93465075761	100
48820	48820	47862	47862	53.38	54.52	53.42	52.80	54.42	53.50	53.40	54.23	53.33	53.19	54.39	53.42	1.93486100642	100
48920	48920	47762	47762	53.38	54.52	53.48	52.80	54.40	53.50	53.40	54.25	53.33	53.19	54.39	53.43	1.93493359497	100
49020	49020	47662	47662	53.40	54.48	53.48	52.80	54.42	53.50	53.40	54.25	53.30	53.20	54.38	53.42	1.93550377235	100
49120	49120	47562	47562	53.42	54.48	53.48	52.77	54.40	53.50	53.42	54.25	53.30	53.21	54.38	53.42	1.93581012729	100
49220	49220	47462	47462	53.42	54.50	53.50	52.77	54.42	53.50	53.40	54.20	53.30	53.20	54.38	53.43	1.93595876758	100
49320	49320	47362	47362	53.42	54.52	53.52	52.85	54.45	53.50	53.40	54.23	53.33	53.23	54.40	53.45	1.93630396292	100
49420	49420	47262	47262	53.42	54.52	53.52	52.88	54.50	53.50	53.38	54.20	53.33	53.23	54.41	53.45	1.93654868726	100
49520	49520	47162	47162	53.42	54.50	53.52	52.90	54.50	53.50	53.38	54.23	53.33	53.23	54.41	53.45	1.93684959329	100
49620	49620	47062	47062	53.42	54.50	53.52	52.90	54.45	53.52	53.40	54.20	53.35	53.24	54.38	53.47	1.93689008436	100
49720	49720	46962	46962	53.42	54.50	53.52	52.90	54.48	53.52	53.40	54.20	53.35	53.24	54.39	53.47	1.93704040437	100
49820	49820	46862	46862	53.42	54.50	53.52	52.92	54.50	53.50	53.40	54.17	53.38	53.25	54.39	53.47	1.93739387239	100
49920	49920	46762	46762	53.42	54.50	53.50	52.92	54.50	53.50	53.42	54.17	53.38	53.26	54.39	53.46	1.93790527899	100
50020	50020	46662	46662	53.42	54.55	53.50	52.92	54.45	53.45	53.42	54.17	53.38	53.26	54.39	53.44	1.93818694318	100
50120	50120	46562	46562	53.42	54.52	53.50	52.92	54.45	53.45	53.42	54.17	53.33	53.26	54.38	53.42	1.93823033997	100
50220	50220	46462	46462	53.42	54.52	53.50	52.92	54.48	53.42	53.45	54.15	53.38	53.27	54.38	53.43	1.93859040493	100
50320	50320	46362	46362	53.42	54.42	53.45	52.92	54.48	53.45	53.45	54.15	53.38	53.27	54.35	53.42	1.93883430293	100
50420	50420	46262	46262	53.42	54.42	53.48	52.95	54.45	53.42	53.45	54.12	53.38	53.27	54.33	53.42	1.93916652854	100
50520	50520	46162	46162	53.42	54.42	53.45	52.92	54.45	53.42	53.45	54.10	53.40	53.27	54.33	53.42	1.93977852311	100
50620	50620	46062	46062	53.42	54.30	53.40	52.90	54.50	53.42	53.42	54.10	53.40	53.25	54.30	53.41	1.94029188932	100
50720	50720	45962	45962	53.42	54.25	53.38	52.90	54.50	53.40	53.42	54.10	53.40	53.25	54.28	53.39	1.94034606663	100
50820	50820	45862	45862	53.42	54.27	53.40	52.92	54.52	53.42	53.42	54.10	53.38	53.26	54.30	53.40	1.94048337704	100
50920	50920	45762	45762	53.45	54.33	53.40	52.98	54.50	53.42	53.40	54.10	53.40	53.27	54.31	53.41	1.94029242901	100
51020	51020	45662	45662	53.45	54.33	53.38	52.98	54.48	53.45	53.42	54.08	53.40	53.28	54.29	53.41	1.94002550544	100
51120	51120	45562	45562	53.45	54.33	53.40	52.95	54.48	53.42	53.42	54.08	53.40	53.27	54.29	53.41	1.94054375292	100
51220	51220	45462	45462	53.45	54.35	53.38	52.92	54.48	53.45	53.42	54.08	53.40	53.27	54.30	53.41	1.94046942453	100
51320	51320	45362	45362	53.45	54.35	53.40	52.92	54.50	53.48	53.42	54.08	53.40	53.27	54.31	53.42	1.9405884827	100
51420	51420	45262	45262	53.48	54.35	53.40	52.92	54.50	53.48	53.42	54.05	53.42	53.27	54.30	53.43	1.94098208799	100
51520	51520	45162	45162	53.48	54.35	53.42	52.92	54.50	53.50	53.40	54.08	53.42	53.27	54.31	53.45	1.94111972126	100
51620	51620	45062	45062	53.48	54.35	53.45	52.95	54.52	53.55	53.42	54.05	53.40	53.28	54.31	53.47	1.94147833248	100
51720	51720	44962	44962	53.45	54.35	53.42	52.95	54.52	53.55	53.42	54.05	53.45	53.27	54.31	53.48	1.94147306129	100
51820	51820	44862	44862	53.45	54.38	53.45	52.95	54.55	53.58	53.45	54.08	53.45	53.28	54.33	53.49	1.94134715299	100
51920	51920	44762	44762	53.45	54.35	53.45	52.95	54.52	53.60	53.40	54.08	53.40	53.27	54.32	53.48	1.94175228817	100
52020	52020	44662	44662	53.45	54.38	53.42	52.92	54.52	53.60	53.40	54.10	53.38	53.26	54.33	53.47	1.94212795461	100
52120	52120	44562	44562	53.48	54.38	53.45	52.92	54.52	53.60	53.45	54.02	53.38	53.28	54.31	53.48	1.94210640416	100
52220	52220	44462	44462	53.48	54.38	53.48	52.92	54.50	53.60	53.45	54.02	53.38	53.28	54.30	53.48	1.94217299504	100
52320	52320	44362	44362	53.48	54.35	53.50	52.92	54.50	53.60	53.45	54.08	53.40	53.28	54.31	53.50	1.94269987435	100
52420	52420	44262	44262	53.48	54.33	53.50	52.92	54.48	53.62	53.42	54.08	53.40	53.27	54.29	53.51	1.94252196309	100
52520	52520	44162	44162	53.45	54.33	53.50	52.92	54.48	53.62	53.42	54.05	53.42	53.27	54.28	53.52	1.94260393582	100
52620	52620	44062	44062	53.48	54.33	53.48	52.92	54.48	53.62	53.45	54.08	53.42	53.28	54.29	53.51	1.94278893963	100
52720	52720	43962	43962	53.45	54.35	53.48	52.90	54.48	53.62	53.40	54.15	53.42	53.25	54.33	53.51	1.94290602776	100
52820	52820	43862	43862	53.45	54.35	53.48	52.92	54.48	53.62	53.42	54.15	53.42	53.27	54.33	53.51	1.94260413924	100
52920	52920	43762	43762	53.45	54.35	53.45	52.90	54.48	53.62	53.38	54.15	53.45	53.24	54.33	53.51	1.94313937702	100
53020	53020	43662	43662	53.48	54.35	53.50	52.90	54.48	53.60	53.40	54.10	53.42	53.26	54.31	53.51	1.94295789832	100
53120	53120	43562	43562	53.48	54.35	53.48	52.90	54.45	53.58	53.42	54.08	53.45	53.27	54.29	53.50	1.94319747662	100
53220	53220	43462	43462	53.45	54.38	53.45	52.90	54.45	53.58	53.42	54.08	53.45	53.26	54.30	53.49	1.94351541879	100
53320	53320	43362	43362	53.42	54.35	53.45	52.90	54.45	53.58	53.42	54.10	53.45	53.25	54.30	53.49	1.94379034052	100
53420	53420	43262	43262	53.42	54.38	53.50	52.90	54.48	53.62	53.42	54.12	53.45	53.25	54.33	53.52	1.94394212358	100
53520	53520	43162	43162	53.42	54.35	53.50	52.92	54.48	53.60	53.42	54.10	53.42	53.26	54.31	53.51	1.94413655944	100
53620	53620	43062	43062	53.42	54.35	53.52	52.92	54.40	53.62	53.45	54.10	53.45	53.27	54.28	53.53	1.94393943853	100
53720	53720	42962	42962	53.45	54.35	53.52	52.92	54.40	53.62	53.45	54.10	53.45	53.27	54.28	53.53	1.94412526061	100
53820	53820	42862	42862	53.45	54.33	53.52	52.92	54.42	53.62	53.45	54.10	53.45	53.27	54.28	53.53	1.94440460037	100
53920	53920	42762	42762	53.45	54.30	53.52	52.92	54.42	53.70	53.45	54.10	53.48	53.27	54.27	53.57	1.94456091725	100
54020	54020	42662	42662	53.42	54.27	53.52	52.92	54.45	53.70	53.45	54.10	53.45	53.27	54.27	53.56	1.94480422714	100
54120	54120	42562	42562	53.45	54.27	53.52	52.90	54.45	53.67	53.42	54.10	53.45	53.26	54.27	53.55	1.94461356458	100
54220	54220	42462	42462	53.45	54.30	53.52	52.90	54.45	53.70	53.42	54.10	53.45	53.26	54.28	53.56	1.94536890559	100
54320	54320	42362	42362	53.48	54.30	53.55	52.90	54.45	53.73	53.40	54.10	53.45	53.26	54.28	53.58	1.94612801406	100
54420	54420	42262	42262	53.45	54.27	53.55	52.90	54.45	53.75	53.40	54.10	53.42	53.25	54.27	53.58	1.94680626768	100
54520	54520	42162	42162	53.45	54.30	53.55	52.90	54.42	53.75	53.40	54.10	53.40	53.25	54.27	53.57	1.94740537279	100
54620	54620	42062	42062	53.45	54.30	53.58	52.90	54.42	53.80	53.40	54.08	53.40	53.25	54.27	53.59	1.9467826069	100
54720	54720	41962	41962	53.45	54.30	53.58	52.90	54.42	53.80	53.40	54.08	53.42	53.25	54.27	53.60	1.94662119414	100
54820	54820	41862	41862	53.48	54.33	53.58	52.92	54.45	53.80	53.40	54.12	53.45	53.27	54.30	53.61	1.94653945786	100
54920	54920	41762	41762	53.48	54.35	53.58	52.92	54.45	53.80	53.40	54.10	53.48	53.27	54.30	53.62	1.94661676562	100
55020	55020	41662	41662	53.48	54.33	53.58	52.92	54.45	53.77	53.40	54.12	53.45	53.27	54.30	53.60	1.94690237792	100
55120	55120	41562	41562	53.48	54.33	53.58	52.98	54.45	53.80	53.42	54.10	53.42	53.29	54.29	53.60	1.94701124752	100
55220	55220	41462	41462	53.45	54.30	53.55	52.98	54.45	53.80	53.42	54.15	53.45	53.28	54.30	53.60	1.94754134183	100
55320	55320	41362	41362	53.45	54.33	53.55	52.98	54.45	53.77	53.42	54.15	53.45	53.28	54.31	53.59	1.94825727408	100
55420	55420	41262	41262	53.48	54.30	53.55	52.98	54.42	53.77	53.42	54.12	53.45	53.29	54.28	53.59	1.94861621068	100
55520	55520	41162	41162	53.48	54.35	53.55	52.98	54.45	53.80	53.42	54.17	53.48	53.29	54.33	53.61	1.94884898994	100
55620	55620	41062	41062	53.48	54.35	53.55	52.98	54.42	53.80	53.45	54.15	53.45	53.30	54.31	53.60	1.94881064009	100
55720	55720	40962	40962	53.48	54.38	53.55	52.98	54.40	53.77	53.48	54.20	53.45	53.31	54.33	53.59	1.94901706792	100
55820	55820	40862	40862	53.48	54.35	53.50	52.98	54.42	53.80	53.48	54.15	53.45	53.31	54.31	53.58	1.94892762022	100
55920	55920	40762	40762	53.48	54.35	53.52	53.00	54.42	53.80	53.48	54.08	53.45	53.32	54.28	53.59	1.94921630895	100
56020	56020	40662	40662	53.50	54.42	53.50	53.00	54.45	53.80	53.50	54.12	53.45	53.33	54.33	53.58	1.94920256561	100
56120	56120	40562	40562	53.48	54.45	53.52	52.98	54.42	53.80	53.48	54.10	53.45	53.31	54.33	53.59	1.94957331705	100
56220	56220	40462	40462	53.48	54.38	53.52	52.95	54.45	53.77	53.45	54.08	53.45	53.29	54.30	53.58	1.95007999965	100
56320	56320	40362	40362	53.48	54.38	53.52	52.95	54.42	53.77	53.45	54.12	53.45	53.29	54.31	53.58	1.94988039157	100
56420	56420	40262	40262	53.48	54.35	53.52	52.98	54.40	53.77	53.48	54.12	53.45	53.31	54.29	53.58	1.94999786246	100
56520	56520	40162	40162	53.48	54.35	53.52	52.98	54.42	53.77	53.45	54.10	53.45	53.30	54.29	53.58	1.95007752755	100
56620	56620	40062	40062	53.48	54.38	53.50	52.98	54.40	53.77	53.45	54.10	53.45	53.30	54.29	53.58	1.95035108175	100
56720	56720	39962	39962	53.45	54.38	53.50	52.98	54.40	53.77	53.45	54.10	53.45	53.29	54.29	53.58	1.95022777191	100
56820	56820	39862	39862	53.48	54.38	53.52	53.00	54.40	53.77	53.48	54.12	53.45	53.32	54.30	53.58	1.95058901538	100
56920	56920	39762	39762	53.48	54.38	53.55	53.00	54.40	53.75	53.48	54.15	53.45	53.32	54.31	53.58	1.95066650235	100
57020	57020	39662	39662	53.45	54.38	53.55	53.00	54.38	53.77	53.45	54.15	53.45	53.30	54.30	53.59	1.95101497333	100
57120	57120	39562	39562	53.45	54.38	53.55	53.00	54.38	53.80	53.42	54.15	53.45	53.29	54.30	53.60	1.95158857189	100
57220	57220	39462	39462	53.45	54.38	53.55	53.02	54.35	53.80	53.42	54.12	53.45	53.30	54.28	53.60	1.95169670879	100
57320	57320	39362	39362	53.45	54.38	53.58	53.02	54.38	53.80	53.42	54.10	53.45	53.30	54.28	53.61	1.95183560732	100
57420	57420	39262	39262	53.45	54.38	53.58	53.02	54.33	53.80	53.42	54.10	53.45	53.30	54.27	53.61	1.95191278579	100
57520	57520	39162	39162	53.45	54.35	53.58	53.02	54.35	53.80	53.42	54.10	53.45	53.30	54.27	53.61	1.95196102292	100
57620	57620	39062	39062	53.45	54.35	53.60	53.02	54.35	53.80	53.42	54.12	53.45	53.30	54.27	53.62	1.95191596303	100
57720	57720	38962	38962	53.45	54.38	53.60	53.02	54.38	53.80	53.42	54.15	53.48	53.30	54.30	53.62	1.95205561527	100
57820	57820	38862	38862	53.42	54.38	53.60	53.02	54.40	53.80	53.42	54.12	53.48	53.29	54.30	53.62	1.95197941209	100
57920	57920	38762	38762	53.42	54.40	53.58	53.02	54.40	53.83	53.42	54.10	53.48	53.29	54.30	53.62	1.952051302	100
58020	58020	38662	38662	53.42	54.40	53.55	53.02	54.40	53.83	53.42	54.12	53.45	53.29	54.31	53.61	1.95256528586	100
58120	58120	38562	38562	53.42	54.42	53.55	53.00	54.40	53.83	53.42	54.12	53.45	53.28	54.32	53.61	1.9529912395	100
58220	58220	38462	38462	53.42	54.48	53.55	53.02	54.40	53.83	53.42	54.15	53.42	53.29	54.34	53.60	1.9531596819	100
58320	58320	38362	38362	53.42	54.48	53.55	53.02	54.40	53.85	53.42	54.15	53.45	53.29	54.34	53.62	1.95279238478	100
58420	58420	38262	38262	53.40	54.42	53.55	53.02	54.38	53.85	53.42	54.15	53.45	53.28	54.32	53.62	1.95292501874	100
58520	58520	38162	38162	53.40	54.42	53.55	53.02	54.38	53.88	53.40	54.17	53.45	53.27	54.33	53.62	1.95328284442	100
58620	58620	38062	38062	53.48	54.42	53.55	53.02	54.38	53.88	53.40	54.17	53.48	53.30	54.33	53.63	1.95337639094	100
58720	58720	37962	37962	53.45	54.45	53.55	53.02	54.38	53.88	53.40	54.15	53.48	53.29	54.33	53.63	1.95359351189	100
58820	58820	37862	37862	53.45	54.45	53.55	53.02	54.38	53.90	53.40	54.17	53.48	53.29	54.33	53.64	1.95377235584	100
58920	58920	37762	37762	53.42	54.48	53.55	53.02	54.38	53.90	53.40	54.15	53.48	53.28	54.33	53.64	1.95389327259	100
59020	59020	37662	37662	53.40	54.50	53.55	53.02	54.38	53.92	53.40	54.15	53.50	53.27	54.34	53.66	1.95450430587	100
59120	59120	37562	37562	53.42	54.50	53.58	53.02	54.38	53.95	53.42	54.15	53.50	53.29	54.34	53.67	1.95528705692	100
59220	59220	37462	37462	53.45	54.48	53.58	53.02	54.35	53.95	53.42	54.15	53.50	53.30	54.33	53.67	1.95635278972	100
59320	59320	37362	37362	53.45	54.48	53.58	53.00	54.35	53.95	53.42	54.15	53.50	53.29	54.33	53.67	1.95748443176	100
59420	59420	37262	37262	53.45	54.40	53.58	53.00	54.33	53.90	53.42	54.15	53.50	53.29	54.29	53.66	1.95852250326	100
59520	59520	37162	37162	53.45	54.38	53.58	53.00	54.33	53.90	53.42	54.12	53.45	53.29	54.27	53.64	1.95987384358	100
59620	59620	37062	37062	53.45	54.38	53.58	53.02	54.33	53.88	53.42	54.15	53.48	53.30	54.28	53.64	1.96112268221	100
59720	59720	36962	36962	53.42	54.35	53.52	53.02	54.30	53.90	53.42	54.15	53.48	53.29	54.27	53.63	1.96193901997	100
59820	59820	36862	36862	53.42	54.30	53.52	53.02	54.27	53.88	53.45	54.15	53.45	53.30	54.24	53.62	1.96328340257	100
59920	59920	36762	36762	53.42	54.33	53.52	53.02	54.27	53.88	53.45	54.15	53.48	53.30	54.25	53.62	1.96415139657	100
60020	60020	36662	36662	53.40	54.30	53.52	53.02	54.27	53.88	53.50	54.15	53.45	53.31	54.24	53.62	1.96490743267	100
60120	60120	36562	36562	53.42	54.33	53.55	53.02	54.27	53.90	53.48	54.15	53.48	53.31	54.25	53.64	1.9653674071	100
60220	60220	36462	36462	53.42	54.33	53.55	53.02	54.27	53.90	53.50	54.15	53.48	53.32	54.25	53.64	1.9659579936	100
60320	60320	36362	36362	53.42	54.38	53.58	53.00	54.27	53.90	53.48	54.17	53.48	53.30	54.27	53.65	1.96624353178	100
60420	60420	36262	36262	53.42	54.38	53.58	53.00	54.27	53.90	53.52	54.15	53.48	53.32	54.27	53.65	1.96613211195	100
60520	60520	36162	36162	53.42	54.33	53.58	53.00	54.27	53.90	53.55	54.12	53.45	53.33	54.24	53.64	1.9659354196	100
60620	60620	36062	36062	53.42	54.38	53.58	53.00	54.27	53.90	53.58	54.17	53.45	53.33	54.27	53.64	1.96561447406	100
60720	60720	35962	35962	53.42	54.38	53.58	53.00	54.27	53.90	53.55	54.15	53.45	53.33	54.27	53.64	1.96561771981	100
60820	60820	35862	35862	53.42	54.35	53.58	53.00	54.30	53.90	53.58	54.15	53.45	53.33	54.27	53.64	1.96532268704	100
60920	60920	35762	35762	53.42	54.40	53.58	53.00	54.30	53.90	53.55	54.15	53.48	53.33	54.28	53.65	1.9644949388	100
61020	61020	35662	35662	53.42	54.40	53.58	53.00	54.30	53.90	53.55	54.12	53.48	53.33	54.27	53.65	1.96389786979	100
61120	61120	35562	35562	53.42	54.40	53.58	52.98	54.30	53.90	53.55	54.15	53.48	53.32	54.28	53.65	1.96334411168	100
61220	61220	35462	35462	53.42	54.40	53.58	53.00	54.30	53.90	53.58	54.17	53.48	53.33	54.29	53.65	1.96280028016	100
61320	61320	35362	35362	53.42	54.40	53.58	53.00	54.27	53.90	53.58	54.15	53.48	53.33	54.27	53.65	1.96246373086	100
61420	61420	35262	35262	53.45	54.38	53.58	53.02	54.27	53.90	53.55	54.15	53.48	53.34	54.27	53.65	1.96214388793	100
61520	61520	35162	35162	53.45	54.48	53.58	53.00	54.27	53.90	53.52	54.15	53.48	53.33	54.30	53.65	1.96248303707	100
61620	61620	35062	35062	53.45	54.50	53.58	53.00	54.27	53.90	53.55	54.17	53.48	53.33	54.32	53.65	1.96230950644	100
61720	61720	34962	34962	53.45	54.50	53.58	53.00	54.30	53.92	53.55	54.17	53.48	53.33	54.33	53.66	1.96220700329	100
61820	61820	34862	34862	53.48	54.48	53.60	53.00	54.27	53.92	53.58	54.20	53.48	53.35	54.32	53.67	1.96213026044	100
61920	61920	34762	34762	53.48	54.48	53.58	52.98	54.30	53.92	53.55	54.20	53.48	53.33	54.33	53.66	1.96219740986	100
62020	62020	34662	34662	53.45	54.48	53.58	53.00	54.30	53.92	53.55	54.20	53.48	53.33	54.33	53.66	1.96231344768	100
62120	62120	34562	34562	53.42	54.48	53.60	53.00	54.33	53.92	53.55	54.20	53.50	53.33	54.33	53.67	1.96213379537	100
62220	62220	34462	34462	53.42	54.50	53.60	52.98	54.33	53.92	53.55	54.23	53.48	53.32	54.35	53.67	1.96222716449	100
62320	62320	34362	34362	53.42	54.50	53.60	52.98	54.33	53.90	53.52	54.20	53.48	53.31	54.34	53.66	1.96207506023	100
62420	62420	34262	34262	53.42	54.50	53.60	52.98	54.33	53.92	53.55	54.23	53.48	53.32	54.35	53.67	1.96274642972	100
62520	62520	34162	34162	53.45	54.50	53.60	52.98	54.33	53.92	53.55	54.23	53.48	53.33	54.35	53.67	1.96452994982	100
62620	62620	34062	34062	53.42	54.58	53.60	52.98	54.30	53.92	53.55	54.23	53.48	53.32	54.37	53.67	1.96614868946	100
62720	62720	33962	33962	53.45	54.58	53.62	52.98	54.35	53.92	53.55	54.25	53.48	53.33	54.39	53.67	1.96478993259	100
62820	62820	33862	33862	53.45	54.52	53.60	52.98	54.38	53.90	53.58	54.27	53.48	53.33	54.39	53.66	1.96380597085	100
62920	62920	33762	33762	53.45	54.55	53.60	52.98	54.38	53.92	53.58	54.27	53.45	53.33	54.40	53.66	1.96341973328	100
63020	63020	33662	33662	53.45	54.55	53.62	52.98	54.38	53.88	53.58	54.25	53.48	53.33	54.39	53.66	1.96334951728	100
63120	63120	33562	33562	53.45	54.55	53.70	52.98	54.38	53.90	53.55	54.25	53.48	53.33	54.39	53.69	1.96291254282	100
63220	63220	33462	33462	53.45	54.52	53.67	52.98	54.40	53.90	53.58	54.23	53.48	53.33	54.38	53.68	1.96239531455	100
63320	63320	33362	33362	53.45	54.55	53.67	52.98	54.40	53.90	53.58	54.23	53.48	53.33	54.39	53.68	1.96205387342	100
63420	63420	33262	33262	53.45	54.52	53.67	52.98	54.38	53.92	53.58	54.23	53.45	53.33	54.38	53.68	1.96183723635	100
63520	63520	33162	33162	53.45	54.52	53.70	52.98	54.40	53.95	53.60	54.25	53.48	53.34	54.39	53.71	1.96136278595	100
63620	63620	33062	33062	53.45	54.58	53.75	52.98	54.38	53.92	53.58	54.25	53.48	53.33	54.40	53.72	1.96152539728	100
63720	63720	32962	32962	53.45	54.58	53.73	53.00	54.38	53.95	53.60	54.25	53.48	53.35	54.40	53.72	1.96096058411	100
63820	63820	32862	32862	53.45	54.50	53.75	52.98	54.38	53.95	53.55	54.27	53.50	53.33	54.38	53.73	1.96065964931	100
63920	63920	32762	32762	53.45	54.55	53.75	52.98	54.38	53.92	53.58	54.27	53.50	53.33	54.40	53.73	1.96053888066	100
64020	64020	32662	32662	53.45	54.55	53.77	52.98	54.38	53.98	53.58	54.27	53.52	53.33	54.40	53.76	1.96005473919	100
64120	64120	32562	32562	53.45	54.58	53.77	53.00	54.33	53.98	53.60	54.30	53.52	53.35	54.40	53.76	1.9599748286	100
64220	64220	32462	32462	53.45	54.58	53.80	53.00	54.35	53.98	53.55	54.27	53.52	53.33	54.40	53.77	1.9599416203	100
64320	64320	32362	32362	53.45	54.58	53.83	53.00	54.35	53.98	53.58	54.27	53.52	53.34	54.40	53.77	1.9594571218	100
64420	64420	32262	32262	53.45	54.58	53.83	53.00	54.35	53.98	53.62	54.25	53.52	53.36	54.39	53.77	1.95942040807	100
64520	64520	32162	32162	53.45	54.55	53.83	53.00	54.33	53.95	53.62	54.30	53.55	53.36	54.39	53.77	1.95909035886	100
64620	64620	32062	32062	53.45	54.58	53.83	52.98	54.38	53.95	53.62	54.30	53.52	53.35	54.42	53.77	1.95901084316	100
64720	64720	31962	31962	53.45	54.58	53.83	52.98	54.38	53.95	53.62	54.30	53.55	53.35	54.42	53.77	1.95867977627	100
