12120	12120	94562	94562	75.05	77.75	79.85	74.58	77.65	79.25	75.30	78.53	79.88	74.97	77.97	79.66	6.5100914308
12120	12120	94562	94562	75.03	77.75	79.85	74.55	77.65	79.25	75.30	78.53	79.88	74.96	77.97	79.66	4.41451847852	25
12145	12145	94537	94537	75.17	78.00	79.45	74.20	77.20	79.30	74.78	78.62	79.45	74.72	77.94	79.40	3.12988152678	25
12170	12170	94512	94512	74.35	77.55	79.28	73.67	77.45	78.83	74.03	78.58	79.28	74.02	77.86	79.12	2.63830797587	25
12195	12195	94487	94487	73.97	77.47	78.88	73.40	77.35	78.28	73.58	78.55	79.12	73.65	77.79	78.76	2.40281628191	25
12220	12220	94462	94462	73.40	77.33	78.58	73.40	76.95	77.92	73.35	78.25	78.83	73.38	77.51	78.44	2.25264269067	25
12245	12245	94437	94437	73.40	77.22	78.50	73.28	76.83	77.80	73.45	77.95	78.75	73.38	77.33	78.35	2.161425292	25
12270	12270	94412	94412	73.38	77.28	78.25	73.12	76.40	77.83	73.58	77.65	78.33	73.36	77.11	78.13	2.07213321278	25
12295	12295	94387	94387	73.45	77.08	78.25	73.28	76.40	77.80	73.45	77.70	78.25	73.39	77.06	78.10	2.01248652277	25
12320	12320	94362	94362	73.75	76.58	78.10	73.30	76.35	77.80	73.67	77.17	78.28	73.58	76.70	78.06	1.97125210593	25
12345	12345	94337	94337	73.88	77.12	78.17	73.25	76.70	77.83	73.60	77.33	78.08	73.58	77.05	78.03	1.93588126124	25
12370	12370	94312	94312	73.90	77.12	78.25	73.50	76.65	77.88	73.88	77.42	78.15	73.76	77.07	78.09	1.91529552439	25
12395	12395	94287	94287	74.00	77.28	78.20	73.38	76.62	77.92	73.83	77.60	78.33	73.73	77.17	78.15	1.88302306576	25
12420	12420	94262	94262	73.95	77.45	78.28	73.25	76.70	78.12	74.00	77.65	78.50	73.73	77.27	78.30	1.86392885554	25
12445	12445	94237	94237	74.08	77.38	78.22	73.38	76.80	78.22	74.35	77.50	78.60	73.93	77.22	78.35	1.84652007764	25
12470	12470	94212	94212	74.50	77.40	78.72	73.58	76.65	78.35	74.62	77.47	78.70	74.23	77.17	78.59	1.83563790921	25
12495	12495	94187	94187	74.62	77.65	78.92	73.72	77.00	78.35	74.70	77.92	78.85	74.35	77.53	78.71	1.82446325368	25
12520	12520	94162	94162	74.95	77.58	79.10	73.78	77.17	78.38	75.03	78.03	78.95	74.58	77.59	78.81	1.81350855394	25
12545	12545	94137	94137	75.12	77.45	79.10	73.83	77.00	78.35	75.20	77.95	79.12	74.72	77.47	78.86	1.81286989065	25
12570	12570	94112	94112	75.33	77.60	79.22	73.95	77.20	78.33	75.12	78.05	79.28	74.80	77.62	78.94	1.80105447762	25
12595	12595	94087	94087	75.40	77.78	79.30	74.12	77.08	78.45	75.12	78.25	79.15	74.88	77.70	78.97	1.79199772003	25
12620	12620	94062	94062	75.45	77.62	79.40	74.35	77.08	78.58	75.30	78.40	79.28	75.03	77.70	79.08	1.78549697827	25
12645	12645	94037	94037	75.38	77.62	79.55	74.30	77.05	78.60	75.50	78.33	79.28	75.06	77.67	79.14	1.78207732697	25
12670	12670	94012	94012	75.53	77.65	79.65	74.53	77.20	78.65	75.30	78.35	79.45	75.12	77.73	79.25	1.7767812198	25
12695	12695	93987	93987	75.38	77.50	79.62	74.65	77.22	78.65	75.62	78.50	79.38	75.22	77.74	79.22	1.77308927608	25
12720	12720	93962	93962	75.45	77.58	79.62	74.67	77.40	78.83	75.62	78.58	79.53	75.25	77.85	79.33	1.7718219573	25
12745	12745	93937	93937	75.65	77.70	79.80	74.88	77.35	78.83	75.78	78.67	79.62	75.43	77.91	79.42	1.77026441783	25
12770	12770	93912	93912	75.83	77.75	79.92	75.03	77.45	78.95	76.03	78.62	79.65	75.62	77.94	79.51	1.76585870323	25
12795	12795	93887	93887	75.83	78.03	80.05	75.15	77.38	78.88	76.10	78.62	79.83	75.69	78.01	79.58	1.76432719419	25
12820	12820	93862	93862	75.72	77.70	80.10	75.12	77.45	78.78	75.95	78.62	79.75	75.60	77.92	79.54	1.75946821817	25
12845	12845	93837	93837	75.90	77.60	80.15	74.92	77.53	78.78	75.92	78.72	79.85	75.58	77.95	79.59	1.75663581019	25
12870	12870	93812	93812	75.90	77.72	80.03	74.95	77.22	78.72	75.88	78.70	79.97	75.58	77.88	79.58	1.76034436511	25
12895	12895	93787	93787	76.15	77.90	80.10	75.35	77.30	78.85	76.03	78.70	79.95	75.84	77.97	79.63	1.76454461346	25
12920	12920	93762	93762	75.97	78.12	80.03	75.45	77.25	78.92	76.03	78.47	80.12	75.82	77.95	79.69	1.76148729575	25
12945	12945	93737	93737	76.05	78.08	80.28	75.30	77.35	78.88	76.00	78.47	80.12	75.78	77.97	79.76	1.76129158865	25
12970	12970	93712	93712	76.08	78.03	80.22	75.15	77.08	79.00	76.15	78.35	80.35	75.79	77.82	79.86	1.75903677821	25
12995	12995	93687	93687	75.92	78.30	80.12	75.17	77.22	79.00	76.08	78.53	80.50	75.72	78.02	79.88	1.75883137539	25
13020	13020	93662	93662	76.08	78.38	80.25	75.15	77.25	79.00	76.03	78.58	80.40	75.75	78.07	79.88	1.75625727091	25
13045	13045	93637	93637	76.12	78.28	80.30	75.05	77.17	78.97	76.12	78.50	80.38	75.77	77.98	79.88	1.76453441016	25
13070	13070	93612	93612	76.20	78.35	80.22	75.03	76.97	78.85	76.28	78.25	80.38	75.83	77.86	79.82	1.76903326267	25
13095	13095	93587	93587	76.33	78.30	80.30	74.92	76.97	78.55	76.28	78.15	80.38	75.84	77.81	79.74	1.7685849647	25
13120	13120	93562	93562	76.28	78.12	80.25	74.90	76.80	78.60	76.62	78.08	80.38	75.93	77.67	79.74	1.77304400864	25
13145	13145	93537	93537	76.47	78.12	80.17	74.90	76.65	78.62	76.83	78.03	80.30	76.07	77.60	79.70	1.77254851903	25
13170	13170	93512	93512	76.22	78.25	80.12	74.75	76.62	78.53	76.88	77.95	80.08	75.95	77.61	79.58	1.77173786967	25
13195	13195	93487	93487	76.42	78.25	79.97	74.90	76.53	78.55	76.85	77.90	80.15	76.06	77.56	79.56	1.77192778608	25
13220	13220	93462	93462	76.42	78.33	79.95	74.88	76.58	78.58	76.78	77.78	80.20	76.03	77.56	79.58	1.77553478647	25
13245	13245	93437	93437	76.33	78.08	79.92	74.80	76.33	78.35	76.78	77.75	79.92	75.97	77.38	79.40	1.77880943107	25
13270	13270	93412	93412	76.30	78.08	79.85	74.88	76.33	78.35	76.85	77.90	79.95	76.01	77.43	79.38	1.77454955802	25
13295	13295	93387	93387	76.35	78.17	79.90	74.62	76.30	78.20	76.80	77.88	79.83	75.92	77.45	79.31	1.78098048977	25
13320	13320	93362	93362	76.22	78.45	79.92	74.47	76.22	78.17	76.75	77.95	79.88	75.82	77.54	79.33	1.78014831532	25
13345	13345	93337	93337	76.25	78.50	80.10	74.47	76.05	78.03	76.75	77.75	79.83	75.83	77.43	79.32	1.77738605598	25
13370	13370	93312	93312	76.38	78.28	80.17	74.55	76.05	77.90	76.75	77.65	79.78	75.89	77.33	79.28	1.77388556424	25
13395	13395	93287	93287	76.45	78.25	80.25	74.33	75.90	77.75	76.67	77.55	79.83	75.82	77.23	79.28	1.77353454236	25
13420	13420	93262	93262	76.47	78.22	80.28	74.22	75.78	77.62	76.72	77.50	79.70	75.81	77.17	79.20	1.77295987507	25
13445	13445	93237	93237	76.17	78.22	80.30	74.25	75.83	77.58	76.75	77.47	79.53	75.72	77.17	79.13	1.77668328972	25
