12120	12120	94562	94562	75.05	77.75	79.88	74.58	77.65	79.25	75.28	78.53	79.90	74.97	77.97	79.67	6.50979681234
12120	12120	94562	94562	75.05	77.75	79.85	74.55	77.65	79.22	75.28	78.53	79.88	74.96	77.97	79.65	3.24668200751	100
12220	12220	94462	94462	74.38	77.67	79.38	73.25	77.17	78.53	73.85	78.45	79.15	73.83	77.77	79.02	2.17733740259	100
12320	12320	94362	94362	73.50	77.05	78.35	73.15	76.50	78.00	73.58	77.45	78.38	73.41	77.00	78.24	1.8993616453	100
12420	12420	94262	94262	74.10	77.30	78.28	73.40	76.55	77.92	74.08	77.58	78.40	73.86	77.14	78.20	1.80727516343	100
12520	12520	94162	94162	74.83	77.33	79.12	74.00	76.78	78.50	75.10	77.75	78.85	74.64	77.28	78.83	1.7727641112	100
12620	12620	94062	94062	75.55	77.33	79.60	74.25	77.12	78.50	75.28	78.28	79.30	75.03	77.58	79.13	1.75193212076	100
12720	12720	93962	93962	75.60	77.75	79.78	74.65	77.20	78.90	75.80	78.53	79.62	75.35	77.83	79.43	1.73637193168	100
12820	12820	93862	93862	75.62	77.88	80.12	75.08	77.53	78.83	76.10	78.58	79.72	75.60	77.99	79.56	1.72802098167	100
12920	12920	93762	93762	76.15	77.80	79.90	75.30	77.17	78.67	76.17	78.33	79.95	75.88	77.77	79.51	1.72807558072	100
13020	13020	93662	93662	76.10	78.00	79.97	75.10	77.03	78.80	76.33	78.08	80.33	75.84	77.70	79.70	1.73535902686	100
13120	13120	93562	93562	76.17	78.03	80.12	75.12	76.65	78.78	76.45	77.90	80.35	75.92	77.53	79.75	1.74216597537	100
13220	13220	93462	93462	76.28	78.12	79.85	75.08	76.60	78.25	76.70	77.58	80.15	76.02	77.43	79.42	1.75171926086	100
13320	13320	93362	93362	76.12	78.35	79.70	74.85	76.25	78.08	76.88	77.50	80.05	75.95	77.37	79.28	1.75416455044	100
13420	13420	93262	93262	76.20	78.42	79.80	74.58	75.85	78.08	76.85	77.55	79.95	75.88	77.28	79.28	1.74978374992	100
13520	13520	93162	93162	76.03	78.30	80.22	74.12	75.70	77.60	76.65	77.50	79.95	75.60	77.17	79.26	1.75413189184	100
13620	13620	93062	93062	75.72	78.10	80.08	74.28	75.50	77.30	76.67	77.58	79.60	75.56	77.06	78.99	1.76351340507	100
13720	13720	92962	92962	75.72	77.90	79.88	74.05	75.15	76.92	76.55	77.55	79.42	75.44	76.87	78.74	1.76973277567	100
13820	13820	92862	92862	75.80	77.55	79.88	73.90	75.17	76.67	76.72	77.25	79.15	75.47	76.66	78.57	1.77486152749	100
13920	13920	92762	92762	75.55	77.20	79.55	74.10	74.58	76.40	76.60	77.05	78.97	75.42	76.28	78.31	1.77603881242	100
14020	14020	92662	92662	75.60	76.90	79.10	74.05	74.30	76.17	76.67	76.95	78.70	75.44	76.05	77.99	1.7767603313	100
14120	14120	92562	92562	75.75	76.60	78.67	74.15	74.08	75.83	76.42	76.67	78.47	75.44	75.78	77.66	1.78106770251	100
14220	14220	92462	92462	75.60	76.53	78.33	73.90	74.03	75.80	76.22	76.47	78.25	75.24	75.67	77.46	1.78203360791	100
14320	14320	92362	92362	75.40	76.22	78.22	73.90	73.75	75.80	76.05	76.10	78.35	75.12	75.36	77.46	1.78486773308	100
14420	14420	92262	92262	75.33	76.15	78.00	73.72	73.58	75.33	76.25	75.85	78.17	75.10	75.19	77.17	1.78669968291	100
14520	14520	92162	92162	75.22	76.17	77.95	73.42	73.45	75.20	76.05	75.53	77.83	74.90	75.05	76.99	1.7869694867	100
14620	14620	92062	92062	74.85	75.70	77.67	73.28	73.30	74.90	76.00	75.33	77.62	74.71	74.78	76.73	1.79202704822	100
14720	14720	91962	91962	74.75	75.38	77.22	72.85	73.25	74.65	75.67	74.83	77.30	74.42	74.48	76.39	1.79736889266	100
14820	14820	91862	91862	74.62	75.12	76.80	72.78	72.95	74.65	75.53	74.92	77.22	74.31	74.33	76.22	1.79864716171	100
14920	14920	91762	91762	74.53	75.03	76.33	72.75	72.85	74.60	75.25	74.58	76.78	74.17	74.15	75.90	1.79976216005	100
15020	15020	91662	91662	74.30	74.97	76.17	72.90	72.75	74.58	74.72	74.53	76.60	73.97	74.08	75.78	1.80590604858	100
15120	15120	91562	91562	73.90	74.85	75.83	72.60	72.75	74.47	74.67	74.72	76.28	73.72	74.11	75.53	1.80914327696	100
15220	15220	91462	91462	73.92	74.70	75.88	72.35	72.72	74.33	74.50	74.62	76.08	73.59	74.02	75.42	1.80872768775	100
15320	15320	91362	91362	73.72	74.47	75.60	72.30	72.58	73.97	74.20	74.38	75.97	73.41	73.81	75.18	1.81103844078	100
15420	15420	91262	91262	73.45	74.38	75.47	71.95	72.40	73.90	73.83	74.28	75.92	73.08	73.68	75.10	1.80871862707	100
15520	15520	91162	91162	73.17	74.30	75.47	71.90	72.38	73.80	74.08	74.17	75.67	73.05	73.62	74.98	1.81195287727	100
15620	15620	91062	91062	73.22	74.00	75.12	71.55	72.28	73.67	73.95	73.95	75.38	72.91	73.41	74.72	1.81221883879	100
15720	15720	90962	90962	73.15	73.95	74.95	71.42	72.12	73.50	74.00	73.95	75.12	72.86	73.34	74.53	1.81394513049	100
15820	15820	90862	90862	73.10	73.70	74.80	71.40	71.95	73.35	73.88	73.85	74.83	72.79	73.17	74.33	1.81426617948	100
15920	15920	90762	90762	73.25	73.45	74.72	71.47	72.17	73.10	73.45	73.55	74.75	72.72	73.06	74.19	1.81774084065	100
16020	16020	90662	90662	72.97	73.30	74.60	71.33	71.95	72.92	73.30	73.53	74.65	72.53	72.92	74.06	1.81701974496	100
16120	16120	90562	90562	72.70	73.22	74.42	71.12	71.42	72.55	72.85	73.12	74.53	72.22	72.59	73.83	1.8175514548	100
16220	16220	90462	90462	72.62	72.92	74.20	71.12	71.35	72.30	73.00	73.10	74.55	72.25	72.46	73.68	1.82051098781	100
16320	16320	90362	90362	72.50	72.55	73.83	70.70	71.08	72.15	72.90	72.83	74.33	72.03	72.15	73.43	1.82145235623	100
16420	16420	90262	90262	72.40	72.35	73.53	70.55	70.80	72.00	72.55	72.65	74.03	71.83	71.93	73.18	1.82047367844	100
16520	16520	90162	90162	72.10	72.33	73.50	70.28	70.75	71.70	72.42	72.35	73.92	71.60	71.81	73.04	1.82146348383	100
16620	16620	90062	90062	72.03	72.17	73.35	70.17	70.50	71.45	72.30	72.35	73.62	71.50	71.67	72.81	1.82280702194	100
16720	16720	89962	89962	72.00	72.03	73.08	70.10	70.22	71.10	72.05	72.05	73.42	71.38	71.43	72.53	1.82280577441	100
16820	16820	89862	89862	71.78	71.85	72.92	69.95	70.03	70.97	71.75	71.95	73.17	71.16	71.28	72.36	1.82235961635	100
16920	16920	89762	89762	71.58	71.47	72.72	69.83	69.83	70.70	71.47	71.83	73.08	70.96	71.04	72.17	1.82475514073	100
17020	17020	89662	89662	71.40	71.55	72.65	69.58	69.80	70.58	71.38	71.88	73.17	70.78	71.08	72.13	1.8269434491	100
17120	17120	89562	89562	71.20	71.33	72.40	69.40	69.62	70.40	71.22	71.80	72.83	70.61	70.92	71.88	1.82763498146	100
17220	17220	89462	89462	70.92	71.10	72.38	69.12	69.45	70.25	71.00	71.70	72.72	70.35	70.75	71.78	1.82847032656	100
17320	17320	89362	89362	70.67	71.03	72.12	69.10	69.28	70.05	70.88	71.45	72.50	70.22	70.58	71.56	1.82954925512	100
17420	17420	89262	89262	70.47	70.97	72.22	68.95	68.97	69.78	70.83	71.25	72.25	70.08	70.40	71.42	1.83147723151	100
17520	17520	89162	89162	70.20	70.75	71.88	68.62	68.70	69.70	70.67	71.25	72.17	69.83	70.23	71.25	1.83301472253	100
17620	17620	89062	89062	70.12	70.65	71.85	68.45	68.88	69.47	70.38	71.38	72.17	69.65	70.30	71.17	1.83230889103	100
17720	17720	88962	88962	69.85	70.47	71.53	68.33	68.62	69.28	70.15	71.30	71.88	69.44	70.13	70.89	1.83301980269	100
17820	17820	88862	88862	69.78	70.35	71.22	68.10	68.53	69.15	70.05	71.08	71.65	69.31	69.98	70.67	1.83557206143	100
17920	17920	88762	88762	69.45	70.28	71.05	68.05	68.53	68.90	69.95	70.92	71.45	69.15	69.91	70.47	1.83658696904	100
18020	18020	88662	88662	69.47	70.03	70.88	68.12	68.38	68.65	69.92	70.97	71.30	69.17	69.79	70.28	1.83783216808	100
18120	18120	88562	88562	69.30	70.00	70.78	68.00	68.40	68.62	69.95	70.67	71.22	69.08	69.69	70.21	1.84048892985	100
18220	18220	88462	88462	69.10	69.62	70.50	67.85	68.45	68.65	69.92	70.55	70.97	68.96	69.54	70.04	1.83941948813	100
18320	18320	88362	88362	69.03	69.22	70.22	67.75	68.25	68.58	69.85	70.35	70.85	68.88	69.28	69.88	1.83876702317	100
18420	18420	88262	88262	68.95	69.22	70.15	67.92	68.10	68.47	69.83	70.03	70.72	68.90	69.12	69.78	1.84019417012	100
18520	18520	88162	88162	68.65	69.15	69.97	67.78	67.88	68.38	69.78	69.92	70.60	68.73	68.98	69.65	1.8412476022	100
18620	18620	88062	88062	68.50	68.90	69.62	67.78	67.75	68.08	69.65	69.88	70.47	68.64	68.84	69.39	1.84021045918	100
18720	18720	87962	87962	68.28	68.83	69.50	67.53	67.67	67.90	69.53	69.83	70.20	68.44	68.78	69.20	1.84102245286	100
18820	18820	87862	87862	68.30	68.55	69.35	67.53	67.45	67.78	69.42	69.72	70.00	68.42	68.58	69.04	1.84139759438	100
18920	18920	87762	87762	68.00	68.65	69.12	67.33	67.42	67.65	69.22	69.75	69.75	68.18	68.61	68.84	1.8410233235	100
19020	19020	87662	87662	67.90	68.55	68.97	67.15	67.35	67.45	69.00	69.58	69.45	68.02	68.49	68.62	1.84213699258	100
19120	19120	87562	87562	67.80	68.35	68.80	67.03	67.25	67.35	68.85	69.33	69.35	67.89	68.31	68.50	1.84242797239	100
19220	19220	87462	87462	67.47	68.08	68.60	66.88	67.28	67.22	68.67	69.10	69.30	67.67	68.15	68.38	1.84358141397	100
19320	19320	87362	87362	67.28	68.03	68.25	66.80	67.12	67.12	68.50	69.03	69.12	67.53	68.06	68.17	1.84255023374	100
19420	19420	87262	87262	67.20	67.97	68.17	66.65	67.08	67.00	68.28	68.90	69.05	67.38	67.98	68.08	1.84220382683	100
19520	19520	87162	87162	67.15	67.88	68.05	66.67	66.92	66.72	68.28	68.65	68.90	67.37	67.82	67.89	1.84507492678	100
19620	19620	87062	87062	67.12	67.75	68.00	66.60	66.72	66.55	68.10	68.65	68.70	67.28	67.71	67.75	1.84405561477	100
19720	19720	86962	86962	67.00	67.62	67.90	66.30	66.60	66.42	67.95	68.55	68.67	67.08	67.59	67.67	1.84562503459	100
19820	19820	86862	86862	66.80	67.35	67.67	66.20	66.62	66.33	67.90	68.35	68.62	66.97	67.44	67.54	1.84678460254	100
19920	19920	86762	86762	66.70	67.12	67.55	65.97	66.60	66.25	67.83	68.42	68.47	66.83	67.38	67.42	1.84629989305	100
20020	20020	86662	86662	66.67	67.05	67.45	65.92	66.67	66.03	67.78	68.28	68.47	66.79	67.33	67.32	1.84633219017	100
20120	20120	86562	86562	66.58	67.03	67.45	65.90	66.35	66.03	67.62	68.17	68.30	66.70	67.18	67.26	1.8471194002	100
20220	20220	86462	86462	66.60	66.95	67.38	65.65	66.35	66.00	67.45	67.97	68.35	66.57	67.09	67.24	1.84860945337	100
20320	20320	86362	86362	66.47	66.95	67.12	65.42	66.40	65.92	67.38	67.97	68.22	66.42	67.11	67.09	1.84788364183	100
20420	20420	86262	86262	66.47	66.83	67.05	65.38	66.30	65.72	67.33	67.72	67.95	66.39	66.95	66.91	1.85003894448	100
20520	20520	86162	86162	66.33	66.78	66.90	65.30	66.25	65.78	67.22	67.75	67.95	66.28	66.92	66.88	1.8494687625	100
20620	20620	86062	86062	66.33	66.70	66.75	65.17	66.22	65.72	67.08	67.62	67.85	66.19	66.85	66.78	1.84903454936	100
20720	20720	85962	85962	66.22	66.58	66.67	65.12	66.10	65.65	67.00	67.47	67.75	66.12	66.72	66.69	1.85050778685	100
20820	20820	85862	85862	66.17	66.35	66.62	65.12	66.00	65.53	66.83	67.35	67.67	66.04	66.57	66.61	1.84902460847	100
20920	20920	85762	85762	66.05	66.12	66.42	65.00	66.00	65.33	66.88	67.25	67.60	65.97	66.46	66.45	1.85009533059	100
21020	21020	85662	85662	66.08	66.00	66.45	64.88	65.72	65.12	66.80	67.20	67.55	65.92	66.31	66.38	1.84958665219	100
21120	21120	85562	85562	65.80	66.05	66.30	64.78	65.55	65.05	66.65	67.22	67.45	65.74	66.28	66.27	1.84913503874	100
21220	21220	85462	85462	65.67	65.95	66.20	64.65	65.45	64.90	66.72	66.95	67.35	65.68	66.12	66.15	1.85014811077	100
21320	21320	85362	85362	65.62	65.90	66.17	64.42	65.28	64.80	66.65	66.90	67.25	65.57	66.03	66.08	1.85039592661	100
21420	21420	85262	85262	65.50	65.97	66.10	64.33	65.30	64.65	66.55	66.85	67.17	65.46	66.04	65.97	1.85134673909	100
21520	21520	85162	85162	65.42	65.92	65.95	64.38	65.25	64.50	66.35	66.85	67.10	65.38	66.01	65.85	1.85211083323	100
21620	21620	85062	85062	65.28	65.92	65.92	64.20	65.08	64.45	66.30	66.65	66.90	65.26	65.88	65.76	1.8516977723	100
21720	21720	84962	84962	65.33	65.80	65.80	64.15	65.03	64.47	66.20	66.58	66.88	65.22	65.80	65.72	1.85218370671	100
21820	21820	84862	84862	64.95	65.67	65.67	63.92	64.97	64.38	66.08	66.53	66.78	64.98	65.72	65.61	1.85349254571	100
21920	21920	84762	84762	64.97	65.78	65.60	63.85	64.83	64.30	65.85	66.45	66.70	64.89	65.68	65.53	1.85292041074	100
22020	22020	84662	84662	64.85	65.65	65.45	63.62	64.85	64.30	65.83	66.58	66.60	64.77	65.69	65.45	1.85420237131	100
22120	22120	84562	84562	64.72	65.62	65.33	63.42	64.80	64.22	65.67	66.47	66.40	64.61	65.63	65.32	1.85455393412	100
22220	22220	84462	84462	64.62	65.55	65.20	63.38	64.75	64.12	65.62	66.38	66.35	64.54	65.56	65.22	1.85484222779	100
22320	22320	84362	84362	64.60	65.42	65.10	63.35	64.75	64.15	65.55	66.33	66.20	64.50	65.50	65.15	1.85445258385	100
22420	22420	84262	84262	64.58	65.35	65.05	63.38	64.62	64.08	65.50	66.25	65.97	64.48	65.41	65.03	1.85479572887	100
22520	22520	84162	84162	64.38	65.20	64.95	63.27	64.55	64.05	65.45	66.10	65.90	64.37	65.28	64.97	1.85537293087	100
22620	22620	84062	84062	64.22	65.08	64.85	63.17	64.50	63.95	65.38	66.15	65.90	64.26	65.24	64.90	1.85620208644	100
22720	22720	83962	83962	64.20	65.08	64.72	63.05	64.33	63.90	65.33	66.05	65.72	64.19	65.15	64.78	1.85658938227	100
22820	22820	83862	83862	63.98	64.90	64.67	63.08	64.33	63.88	65.20	66.12	65.70	64.08	65.12	64.75	1.85787871068	100
22920	22920	83762	83762	63.88	64.85	64.38	63.00	64.15	63.83	65.00	66.00	65.72	63.96	65.00	64.64	1.85702026658	100
23020	23020	83662	83662	63.77	64.67	64.25	63.00	63.88	63.62	64.90	65.90	65.53	63.89	64.82	64.47	1.85667260467	100
23120	23120	83562	83562	63.67	64.65	64.17	62.67	63.83	63.62	64.83	65.78	65.40	63.73	64.75	64.40	1.85672359957	100
23220	23220	83462	83462	63.60	64.47	64.03	62.62	63.70	63.48	64.80	65.72	65.35	63.67	64.63	64.28	1.85674024664	100
23320	23320	83362	83362	63.50	64.33	63.98	62.38	63.73	63.33	64.53	65.50	65.20	63.47	64.52	64.17	1.85818791528	100
23420	23420	83262	83262	63.38	64.12	63.88	62.35	63.65	63.15	64.38	65.47	65.20	63.37	64.42	64.08	1.85767811593	100
23520	23520	83162	83162	63.35	64.03	63.83	62.20	63.42	63.02	64.30	65.17	65.05	63.28	64.21	63.97	1.85809651918	100
23620	23620	83062	83062	63.38	64.10	63.77	62.30	63.45	62.95	64.30	65.17	64.92	63.33	64.24	63.88	1.85730896839	100
23720	23720	82962	82962	63.27	63.92	63.75	62.30	63.40	62.98	64.25	65.10	64.95	63.27	64.14	63.89	1.8576152711	100
23820	23820	82862	82862	63.12	63.90	63.62	62.15	63.35	62.90	64.10	65.03	64.80	63.12	64.09	63.77	1.85819772975	100
23920	23920	82762	82762	63.10	63.77	63.48	62.10	63.23	62.73	64.17	64.85	64.72	63.12	63.95	63.64	1.85852880312	100
24020	24020	82662	82662	62.95	63.67	63.40	61.98	63.17	62.67	64.08	64.80	64.62	63.00	63.88	63.57	1.8583065239	100
24120	24120	82562	82562	62.98	63.67	63.30	62.00	62.98	62.55	64.12	64.62	64.42	63.03	63.76	63.42	1.85760170873	100
24220	24220	82462	82462	62.92	63.62	63.17	61.88	62.90	62.38	63.95	64.55	64.28	62.92	63.69	63.27	1.85862729923	100
24320	24320	82362	82362	62.83	63.52	63.05	61.75	62.88	62.40	63.90	64.40	64.08	62.83	63.60	63.17	1.85809478334	100
24420	24420	82262	82262	62.60	63.50	62.95	61.65	62.73	62.33	63.83	64.40	64.03	62.69	63.54	63.10	1.85878884503	100
24520	24520	82162	82162	62.67	63.42	62.92	61.70	62.83	62.38	63.88	64.35	64.08	62.75	63.53	63.12	1.85904967011	100
24620	24620	82062	82062	62.70	63.38	62.85	61.67	62.85	62.30	63.75	64.42	63.85	62.71	63.55	63.00	1.85873491633	100
24720	24720	81962	81962	62.55	63.42	62.60	61.33	62.77	62.15	63.70	64.38	63.70	62.52	63.52	62.82	1.85897720254	100
24820	24820	81862	81862	62.48	63.20	62.52	61.17	62.73	62.02	63.52	64.30	63.58	62.39	63.41	62.71	1.85930059695	100
24920	24920	81762	81762	62.12	63.15	62.42	61.23	62.60	62.00	63.38	64.15	63.42	62.24	63.30	62.62	1.85970431754	100
25020	25020	81662	81662	62.00	63.10	62.23	61.12	62.52	61.88	63.33	64.08	63.38	62.15	63.23	62.49	1.86042447592	100
25120	25120	81562	81562	61.98	63.08	62.17	61.02	62.42	61.85	63.02	63.92	63.27	62.01	63.14	62.43	1.86093826771	100
25220	25220	81462	81462	61.75	62.98	62.08	60.95	62.38	61.95	62.95	63.80	63.10	61.88	63.05	62.38	1.86115094783	100
25320	25320	81362	81362	61.75	62.85	62.05	61.02	62.45	61.85	62.98	63.90	63.08	61.92	63.07	62.33	1.86234410094	100
25420	25420	81262	81262	61.67	62.88	62.00	60.90	62.50	61.73	63.08	63.75	63.02	61.88	63.04	62.25	1.86532669034	100
25520	25520	81162	81162	61.58	62.67	61.88	60.92	62.45	61.67	62.95	63.70	63.02	61.82	62.94	62.19	1.8679009091	100
25620	25620	81062	81062	61.65	62.75	61.83	60.73	62.48	61.60	62.88	63.65	63.00	61.75	62.96	62.14	1.86765330181	100
25720	25720	80962	80962	61.67	62.65	61.83	60.73	62.42	61.67	62.73	63.58	62.90	61.71	62.88	62.13	1.86605708769	100
25820	25820	80862	80862	61.67	62.62	61.90	60.67	62.33	61.58	62.70	63.50	62.88	61.68	62.82	62.12	1.8663426091	100
25920	25920	80762	80762	61.55	62.67	61.85	60.67	62.38	61.40	62.67	63.48	62.85	61.63	62.84	62.03	1.86614350103	100
26020	26020	80662	80662	61.52	62.60	61.70	60.70	62.42	61.38	62.67	63.45	62.77	61.63	62.83	61.95	1.86595296162	100
26120	26120	80562	80562	61.33	62.55	61.58	60.67	62.23	61.35	62.58	63.42	62.67	61.52	62.73	61.87	1.86609802905	100
26220	26220	80462	80462	61.30	62.58	61.55	60.50	62.20	61.23	62.38	63.40	62.65	61.39	62.73	61.81	1.86684610611	100
26320	26320	80362	80362	61.12	62.52	61.45	60.42	62.12	61.15	62.45	63.25	62.60	61.33	62.63	61.73	1.86763040748	100
26420	26420	80262	80262	61.10	62.40	61.40	60.38	61.90	61.10	62.33	63.25	62.60	61.27	62.52	61.70	1.86802677432	100
26520	26520	80162	80162	61.08	62.33	61.25	60.33	61.83	61.00	62.30	63.23	62.45	61.23	62.46	61.57	1.86799088388	100
26620	26620	80062	80062	61.02	62.35	61.20	60.15	61.65	60.98	62.12	63.05	62.33	61.10	62.35	61.50	1.86889616147	100
26720	26720	79962	79962	61.05	62.20	61.20	60.12	61.58	61.02	62.05	63.00	62.33	61.08	62.26	61.52	1.86876252958	100
26820	26820	79862	79862	61.00	62.17	61.15	60.05	61.58	61.00	62.05	63.05	62.15	61.03	62.27	61.43	1.8688865125	100
26920	26920	79762	79762	60.95	62.02	61.23	60.05	61.45	61.00	61.95	62.98	62.02	60.98	62.15	61.42	1.86929148539	100
27020	27020	79662	79662	61.00	62.00	61.17	60.00	61.35	60.92	61.90	62.92	62.10	60.97	62.09	61.40	1.86946746724	100
27120	27120	79562	79562	60.98	61.85	61.05	59.90	61.27	60.88	61.80	62.90	61.92	60.89	62.01	61.28	1.86872224635	100
27220	27220	79462	79462	60.98	61.90	61.05	59.88	61.27	60.83	61.75	62.90	61.85	60.87	62.02	61.24	1.86846557109	100
27320	27320	79362	79362	60.95	61.88	61.00	59.88	61.33	60.75	61.77	62.80	61.80	60.87	62.00	61.18	1.86849150116	100
27420	27420	79262	79262	60.95	61.80	60.83	59.77	61.40	60.73	61.67	62.80	61.65	60.80	62.00	61.07	1.86954516759	100
27520	27520	79162	79162	60.83	61.75	60.75	59.83	61.23	60.65	61.67	62.75	61.60	60.77	61.91	61.00	1.87033523272	100
27620	27620	79062	79062	60.80	61.70	60.75	59.85	61.15	60.62	61.65	62.62	61.52	60.77	61.83	60.97	1.87158131617	100
27720	27720	78962	78962	60.75	61.65	60.70	59.77	61.00	60.62	61.58	62.50	61.45	60.70	61.72	60.92	1.87062760663	100
27820	27820	78862	78862	60.73	61.60	60.75	59.73	60.90	60.60	61.35	62.38	61.48	60.60	61.62	60.94	1.87100702864	100
27920	27920	78762	78762	60.65	61.60	60.62	59.60	61.00	60.58	61.33	62.27	61.42	60.52	61.62	60.88	1.8706885744	100
28020	28020	78662	78662	60.52	61.45	60.58	59.58	60.90	60.52	61.27	62.23	61.38	60.46	61.52	60.83	1.87058156843	100
28120	28120	78562	78562	60.58	61.42	60.45	59.42	60.85	60.42	61.23	62.17	61.25	60.41	61.48	60.71	1.87144304373	100
28220	28220	78462	78462	60.50	61.38	60.38	59.42	60.75	60.20	61.12	62.05	61.23	60.35	61.39	60.60	1.87103436765	100
28320	28320	78362	78362	60.45	61.35	60.38	59.38	60.67	60.08	60.90	62.00	61.20	60.24	61.34	60.55	1.87131072868	100
28420	28420	78262	78262	60.38	61.27	60.12	59.42	60.65	60.10	60.85	61.90	61.10	60.22	61.27	60.44	1.87147982631	100
28520	28520	78162	78162	60.30	61.27	60.08	59.40	60.65	59.98	60.70	61.80	61.05	60.13	61.24	60.37	1.87196094652	100
28620	28620	78062	78062	60.25	61.23	60.08	59.23	60.60	60.00	60.65	61.83	60.98	60.04	61.22	60.35	1.87213195548	100
28720	28720	77962	77962	60.12	61.20	60.02	59.17	60.65	60.00	60.58	61.85	61.00	59.96	61.23	60.34	1.87231162433	100
28820	28820	77862	77862	60.23	61.17	59.95	59.20	60.65	59.83	60.60	61.75	60.85	60.01	61.19	60.21	1.87177457935	100
28920	28920	77762	77762	60.12	61.12	59.98	59.15	60.58	59.83	60.45	61.75	60.80	59.91	61.15	60.20	1.87278668352	100
29020	29020	77662	77662	60.05	61.10	59.85	59.05	60.55	59.83	60.35	61.67	60.73	59.82	61.11	60.13	1.872964078	100
29120	29120	77562	77562	59.95	61.15	59.88	58.92	60.42	59.62	60.17	61.50	60.60	59.68	61.02	60.03	1.87288676785	100
29220	29220	77462	77462	59.88	61.05	59.73	58.92	60.30	59.55	60.17	61.50	60.45	59.66	60.95	59.91	1.87389674109	100
29320	29320	77362	77362	59.83	60.92	59.65	58.77	60.17	59.40	60.20	61.48	60.25	59.60	60.86	59.77	1.87477159146	100
29420	29420	77262	77262	59.75	60.85	59.58	58.75	60.12	59.27	60.15	61.38	60.25	59.55	60.78	59.70	1.87396461839	100
29520	29520	77162	77162	59.62	60.73	59.52	58.67	60.08	59.20	60.12	61.38	60.17	59.48	60.73	59.63	1.873754694	100
29620	29620	77062	77062	59.55	60.58	59.48	58.65	60.08	59.23	60.05	61.30	60.05	59.42	60.65	59.58	1.87343042701	100
29720	29720	76962	76962	59.45	60.40	59.40	58.62	59.95	59.08	59.92	61.20	59.95	59.33	60.52	59.48	1.87361050561	100
29820	29820	76862	76862	59.50	60.40	59.35	58.58	59.83	58.98	59.83	61.10	59.95	59.30	60.44	59.42	1.87289770154	100
29920	29920	76762	76762	59.35	60.38	59.33	58.52	59.80	58.95	59.80	60.92	59.85	59.23	60.37	59.38	1.87353014275	100
30020	30020	76662	76662	59.38	60.40	59.33	58.45	59.75	58.92	59.73	60.95	59.75	59.18	60.37	59.33	1.87404101364	100
30120	30120	76562	76562	59.35	60.25	59.20	58.40	59.77	58.88	59.65	61.02	59.70	59.13	60.35	59.26	1.87415625343	100
30220	30220	76462	76462	59.35	60.20	59.23	58.35	59.75	58.80	59.58	61.00	59.60	59.09	60.32	59.21	1.87503057382	100
30320	30320	76362	76362	59.30	60.10	59.20	58.33	59.65	58.65	59.48	60.98	59.52	59.03	60.24	59.12	1.87550746382	100
30420	30420	76262	76262	59.27	60.10	59.05	58.25	59.65	58.65	59.42	60.85	59.50	58.98	60.20	59.07	1.8764283018	100
30520	30520	76162	76162	59.23	59.92	58.88	58.25	59.58	58.55	59.38	60.88	59.45	58.95	60.12	58.96	1.87648282357	100
30620	30620	76062	76062	59.12	59.95	58.85	58.17	59.67	58.50	59.30	60.80	59.42	58.87	60.14	58.92	1.87622639882	100
30720	30720	75962	75962	59.08	59.88	58.80	58.08	59.62	58.52	59.23	60.83	59.48	58.79	60.11	58.93	1.87684863332	100
30820	30820	75862	75862	59.08	59.90	58.83	58.02	59.62	58.58	59.25	60.80	59.38	58.78	60.11	58.92	1.87684759115	100
30920	30920	75762	75762	59.05	59.88	58.73	57.98	59.58	58.55	59.23	60.83	59.33	58.75	60.09	58.87	1.87740647478	100
31020	31020	75662	75662	59.02	59.83	58.70	57.92	59.52	58.52	59.17	60.88	59.20	58.71	60.08	58.81	1.87701739183	100
31120	31120	75562	75562	59.08	59.75	58.65	57.95	59.50	58.50	59.12	60.75	59.17	58.72	60.00	58.77	1.87795779281	100
31220	31220	75462	75462	59.02	59.70	58.62	57.85	59.40	58.45	59.08	60.67	59.17	58.65	59.92	58.75	1.87959437744	100
31320	31320	75362	75362	58.92	59.70	58.60	57.98	59.35	58.35	59.02	60.62	59.05	58.64	59.89	58.67	1.88133574239	100
31420	31420	75262	75262	59.00	59.60	58.52	57.92	59.33	58.30	58.95	60.58	58.98	58.62	59.83	58.60	1.88261522469	100
31520	31520	75162	75162	58.90	59.55	58.48	57.85	59.12	58.23	58.88	60.55	58.80	58.54	59.74	58.50	1.88377787768	100
31620	31620	75062	75062	58.95	59.48	58.48	57.83	59.17	58.27	58.85	60.52	58.70	58.54	59.73	58.48	1.88504742728	100
31720	31720	74962	74962	58.85	59.42	58.50	57.75	59.12	58.15	58.75	60.58	58.70	58.45	59.71	58.45	1.88651440696	100
31820	31820	74862	74862	58.83	59.40	58.45	57.67	59.00	58.10	58.70	60.58	58.67	58.40	59.66	58.41	1.88751132404	100
31920	31920	74762	74762	58.77	59.40	58.38	57.65	59.00	58.08	58.77	60.52	58.65	58.40	59.64	58.37	1.88818506905	100
32020	32020	74662	74662	58.70	59.35	58.30	57.65	59.00	58.02	58.75	60.50	58.55	58.37	59.62	58.29	1.8895014682	100
32120	32120	74562	74562	58.58	59.35	58.23	57.52	58.98	57.95	58.60	60.50	58.52	58.23	59.61	58.23	1.89073852948	100
32220	32220	74462	74462	58.42	59.30	58.23	57.50	58.98	57.98	58.60	60.40	58.42	58.17	59.56	58.21	1.89194462631	100
32320	32320	74362	74362	58.30	59.33	58.17	57.45	58.98	57.95	58.50	60.35	58.42	58.08	59.55	58.18	1.8929757223	100
32420	32420	74262	74262	58.35	59.27	58.12	57.40	58.85	57.90	58.50	60.42	58.40	58.08	59.52	58.14	1.89501248832	100
32520	32520	74162	74162	58.30	59.23	58.10	57.20	58.77	57.85	58.48	60.38	58.30	57.99	59.46	58.08	1.89639158142	100
32620	32620	74062	74062	58.25	59.20	58.15	57.20	58.83	57.80	58.38	60.35	58.27	57.94	59.46	58.08	1.89763203996	100
32720	32720	73962	73962	58.17	59.17	58.08	57.10	58.80	57.77	58.30	60.25	58.25	57.86	59.41	58.03	1.89822775145	100
32820	32820	73862	73862	58.20	59.15	58.05	57.20	58.77	57.77	58.12	60.27	58.25	57.84	59.40	58.02	1.89850386796	100
32920	32920	73762	73762	58.15	59.10	58.08	57.12	58.90	57.75	58.10	60.23	58.17	57.79	59.41	58.00	1.89950114098	100
33020	33020	73662	73662	58.00	59.15	58.05	57.05	58.83	57.75	58.10	60.20	58.17	57.72	59.39	57.99	1.90070921097	100
33120	33120	73562	73562	58.00	59.12	58.00	57.08	58.77	57.73	58.10	60.17	58.17	57.73	59.36	57.97	1.90188364072	100
33220	33220	73462	73462	57.92	59.10	58.05	57.02	58.77	57.73	58.15	60.10	58.15	57.70	59.33	57.98	1.90235210398	100
33320	33320	73362	73362	57.85	59.10	58.00	57.00	58.75	57.73	58.12	60.12	58.12	57.66	59.33	57.95	1.90312286041	100
33420	33420	73262	73262	57.95	59.12	58.02	56.92	58.75	57.70	58.12	60.15	58.08	57.67	59.34	57.93	1.90414061747	100
33520	33520	73162	73162	57.90	59.05	58.02	56.90	58.75	57.70	58.05	60.02	58.08	57.62	59.27	57.93	1.90520182091	100
33620	33620	73062	73062	57.85	59.12	57.98	56.92	58.75	57.70	57.98	59.95	58.08	57.58	59.27	57.92	1.90656784403	100
33720	33720	72962	72962	57.75	59.08	57.95	56.95	58.77	57.73	57.85	60.00	58.08	57.52	59.28	57.92	1.90712318603	100
33820	33820	72862	72862	57.77	59.02	57.90	56.92	58.67	57.73	57.88	59.98	58.02	57.52	59.23	57.88	1.9074260736	100
33920	33920	72762	72762	57.73	59.00	57.92	56.80	58.65	57.65	57.85	59.92	58.02	57.46	59.19	57.87	1.90828088514	100
34020	34020	72662	72662	57.73	59.00	57.85	56.88	58.73	57.62	57.85	59.85	58.02	57.48	59.19	57.83	1.90925082579	100
34120	34120	72562	72562	57.75	59.05	57.90	56.85	58.70	57.58	57.80	59.83	57.90	57.47	59.19	57.79	1.90985114185	100
34220	34220	72462	72462	57.67	58.98	57.88	56.88	58.62	57.58	57.90	59.90	57.92	57.48	59.17	57.79	1.91016413709	100
34320	34320	72362	72362	57.67	58.92	57.85	56.83	58.62	57.52	57.83	59.88	57.92	57.44	59.14	57.77	1.91097535063	100
34420	34420	72262	72262	57.65	58.92	57.77	56.75	58.62	57.48	57.80	59.88	57.90	57.40	59.14	57.72	1.91059200567	100
34520	34520	72162	72162	57.62	58.98	57.80	56.75	58.60	57.42	57.80	59.77	57.92	57.39	59.12	57.72	1.91175393907	100
34620	34620	72062	72062	57.55	59.02	57.83	56.67	58.60	57.40	57.77	59.77	57.90	57.33	59.13	57.71	1.91214596327	100
34720	34720	71962	71962	57.60	58.98	57.83	56.67	58.58	57.35	57.70	59.75	57.83	57.33	59.10	57.67	1.91254643347	100
34820	34820	71862	71862	57.62	58.98	57.80	56.67	58.52	57.35	57.67	59.73	57.83	57.33	59.08	57.66	1.91325454647	100
34920	34920	71762	71762	57.60	58.95	57.75	56.67	58.52	57.35	57.67	59.70	57.83	57.32	59.06	57.64	1.91359701911	100
35020	35020	71662	71662	57.62	58.85	57.75	56.62	58.50	57.35	57.65	59.73	57.80	57.30	59.02	57.63	1.91291156476	100
35120	35120	71562	71562	57.65	58.83	57.75	56.58	58.45	57.33	57.65	59.70	57.75	57.29	58.99	57.61	1.91374823794	100
35220	35220	71462	71462	57.52	58.95	57.70	56.55	58.40	57.35	57.62	59.62	57.75	57.23	58.99	57.60	1.91409608411	100
35320	35320	71362	71362	57.50	58.95	57.73	56.55	58.40	57.33	57.65	59.65	57.73	57.23	59.00	57.59	1.91434708426	100
35420	35420	71262	71262	57.45	58.90	57.73	56.52	58.35	57.33	57.62	59.60	57.75	57.20	58.95	57.60	1.91482964209	100
35520	35520	71162	71162	57.40	58.90	57.73	56.52	58.30	57.33	57.62	59.58	57.73	57.18	58.92	57.59	1.9153047351	100
35620	35620	71062	71062	57.38	58.85	57.67	56.45	58.33	57.27	57.55	59.58	57.73	57.12	58.92	57.56	1.91474105214	100
35720	35720	70962	70962	57.40	58.83	57.65	56.45	58.35	57.30	57.50	59.58	57.75	57.12	58.92	57.57	1.91443197112	100
35820	35820	70862	70862	57.40	58.80	57.60	56.38	58.33	57.30	57.48	59.52	57.67	57.08	58.88	57.52	1.91450270909	100
35920	35920	70762	70762	57.38	58.80	57.62	56.38	58.33	57.33	57.40	59.58	57.65	57.05	58.90	57.53	1.91486292806	100
36020	36020	70662	70662	57.38	58.77	57.62	56.38	58.27	57.33	57.42	59.45	57.65	57.06	58.83	57.53	1.91561120743	100
36120	36120	70562	70562	57.40	58.77	57.62	56.35	58.27	57.33	57.40	59.45	57.70	57.05	58.83	57.55	1.91545116368	100
36220	36220	70462	70462	57.40	58.77	57.62	56.38	58.20	57.25	57.40	59.35	57.67	57.06	58.77	57.52	1.91547105617	100
36320	36320	70362	70362	57.40	58.75	57.62	56.33	58.20	57.25	57.30	59.40	57.65	57.01	58.78	57.51	1.91557565338	100
36420	36420	70262	70262	57.35	58.77	57.60	56.30	58.15	57.20	57.30	59.40	57.70	56.98	58.77	57.50	1.91614489537	100
36520	36520	70162	70162	57.33	58.73	57.62	56.35	58.08	57.12	57.27	59.40	57.73	56.98	58.73	57.49	1.91616863055	100
36620	36620	70062	70062	57.33	58.70	57.58	56.30	58.15	57.10	57.30	59.35	57.70	56.98	58.73	57.46	1.91640210895	100
36720	36720	69962	69962	57.27	58.58	57.58	56.30	58.17	57.12	57.20	59.35	57.73	56.92	58.70	57.48	1.91664077517	100
36820	36820	69862	69862	57.25	58.60	57.58	56.23	58.17	57.12	57.17	59.38	57.62	56.88	58.72	57.44	1.91614604062	100
36920	36920	69762	69762	57.20	58.58	57.58	56.20	58.20	57.08	57.15	59.38	57.65	56.85	58.72	57.43	1.91608587617	100
37020	37020	69662	69662	57.20	58.55	57.58	56.10	58.17	57.08	57.08	59.33	57.60	56.79	58.68	57.42	1.91620439284	100
37120	37120	69562	69562	57.15	58.55	57.50	56.08	58.17	56.98	57.05	59.30	57.58	56.76	58.67	57.35	1.91617594576	100
37220	37220	69462	69462	57.10	58.52	57.48	56.02	58.12	56.98	56.95	59.30	57.52	56.69	58.65	57.33	1.9168637706	100
37320	37320	69362	69362	57.08	58.52	57.48	56.02	58.02	56.92	56.92	59.27	57.52	56.67	58.61	57.31	1.91703492457	100
37420	37420	69262	69262	57.05	58.48	57.48	56.00	58.02	56.85	56.88	59.25	57.45	56.64	58.58	57.26	1.91689769512	100
37520	37520	69162	69162	57.08	58.42	57.45	55.95	57.98	56.77	56.90	59.27	57.48	56.64	58.56	57.23	1.91699994524	100
37620	37620	69062	69062	57.05	58.48	57.42	55.92	57.98	56.80	56.85	59.27	57.48	56.61	58.58	57.23	1.91733557561	100
37720	37720	68962	68962	56.98	58.42	57.45	55.90	57.92	56.77	56.80	59.23	57.50	56.56	58.52	57.24	1.91709511104	100
37820	37820	68862	68862	56.98	58.40	57.42	55.90	57.90	56.77	56.73	59.17	57.50	56.53	58.49	57.23	1.91722722276	100
37920	37920	68762	68762	56.98	58.38	57.42	55.90	57.85	56.75	56.70	59.17	57.50	56.52	58.47	57.23	1.91742143963	100
38020	38020	68662	68662	56.92	58.35	57.45	55.85	57.85	56.75	56.70	59.12	57.42	56.49	58.44	57.21	1.91736041932	100
38120	38120	68562	68562	56.95	58.27	57.42	55.88	57.83	56.70	56.67	59.12	57.40	56.50	58.41	57.17	1.91704206842	100
38220	38220	68462	68462	56.85	58.42	57.40	55.83	57.80	56.70	56.67	59.08	57.38	56.45	58.43	57.16	1.91682266549	100
38320	38320	68362	68362	56.85	58.45	57.33	55.75	57.80	56.73	56.65	59.08	57.33	56.42	58.44	57.12	1.91680337669	100
38420	38420	68262	68262	56.88	58.38	57.30	55.80	57.80	56.67	56.67	59.05	57.33	56.45	58.41	57.10	1.91708381303	100
38520	38520	68162	68162	56.88	58.42	57.30	55.77	57.80	56.65	56.60	59.15	57.35	56.42	58.46	57.10	1.91737245289	100
38620	38620	68062	68062	56.83	58.45	57.27	55.65	57.75	56.58	56.50	59.17	57.30	56.33	58.46	57.05	1.9175771793	100
38720	38720	67962	67962	56.88	58.42	57.33	55.67	57.75	56.52	56.45	59.12	57.27	56.33	58.43	57.04	1.91779570019	100
38820	38820	67862	67862	56.77	58.38	57.30	55.60	57.75	56.50	56.45	59.10	57.23	56.27	58.41	57.01	1.91789869728	100
38920	38920	67762	67762	56.70	58.38	57.33	55.65	57.75	56.58	56.48	59.08	57.17	56.27	58.40	57.02	1.91806807564	100
39020	39020	67662	67662	56.67	58.27	57.33	55.62	57.67	56.60	56.40	59.00	57.15	56.23	58.32	57.02	1.91825866267	100
39120	39120	67562	67562	56.67	58.20	57.25	55.52	57.75	56.58	56.40	58.98	57.10	56.20	58.31	56.98	1.91865864681	100
39220	39220	67462	67462	56.65	58.23	57.23	55.33	57.73	56.55	56.42	59.02	57.05	56.13	58.33	56.94	1.91819235248	100
39320	39320	67362	67362	56.52	58.25	57.15	55.25	57.70	56.55	56.45	59.02	57.00	56.08	58.33	56.90	1.91800626597	100
39420	39420	67262	67262	56.52	58.20	57.15	55.20	57.70	56.50	56.45	58.98	57.00	56.06	58.29	56.88	1.91800030878	97
39517	39517	67165	67165	56.48	58.15	57.10	55.15	57.70	56.48	56.42	58.92	56.92	56.02	58.26	56.83	1.91835444667	100
39617	39617	67065	67065	56.52	58.20	57.10	55.17	57.70	56.50	56.38	58.92	56.95	56.02	58.27	56.85	1.9186090839	100
39717	39717	66965	66965	56.48	58.33	57.08	55.17	57.70	56.50	56.40	58.92	56.95	56.02	58.32	56.84	1.91906469855	100
39817	39817	66865	66865	56.45	58.33	57.08	55.12	57.65	56.45	56.35	58.95	56.88	55.98	58.31	56.80	1.91897705853	100
39917	39917	66765	66765	56.48	58.25	57.10	55.10	57.65	56.45	56.35	58.92	56.88	55.98	58.27	56.81	1.91866823836	100
40017	40017	66665	66665	56.45	58.25	57.08	55.08	57.62	56.45	56.25	58.88	56.88	55.92	58.25	56.80	1.91921712632	100
40117	40117	66565	66565	56.42	58.17	57.08	55.05	57.65	56.40	56.20	58.92	56.85	55.89	58.25	56.77	1.91911059199	100
40217	40217	66465	66465	56.40	58.20	57.02	54.98	57.60	56.33	56.23	58.90	56.80	55.87	58.23	56.72	1.9193325673	100
40317	40317	66365	66365	56.42	58.23	56.92	54.98	57.62	56.30	56.17	58.88	56.67	55.86	58.24	56.63	1.91912248092	100
40417	40417	66265	66265	56.33	58.23	56.92	54.98	57.60	56.25	56.12	58.88	56.73	55.81	58.23	56.63	1.91929912572	100
40517	40517	66165	66165	56.25	58.25	56.90	54.95	57.60	56.20	56.12	58.88	56.65	55.77	58.24	56.58	1.91918908626	100
40617	40617	66065	66065	56.25	58.27	56.88	54.83	57.58	56.17	56.05	58.88	56.60	55.71	58.24	56.55	1.91977625055	100
40717	40717	65965	65965	56.12	58.20	56.83	54.83	57.52	56.12	56.02	58.85	56.58	55.66	58.19	56.51	1.91985224187	100
40817	40817	65865	65865	56.10	58.20	56.77	54.77	57.52	56.12	56.02	58.80	56.67	55.63	58.17	56.52	1.92001097229	100
40917	40917	65765	65765	56.05	58.12	56.75	54.77	57.58	56.12	55.95	58.77	56.50	55.59	58.16	56.46	1.92040664751	100
41017	41017	65665	65665	55.98	58.10	56.75	54.75	57.55	56.12	55.90	58.77	56.50	55.54	58.14	56.46	1.92010647121	100
41117	41117	65565	65565	55.95	58.10	56.73	54.73	57.52	56.10	55.90	58.70	56.45	55.52	58.11	56.42	1.92062461693	100
41217	41217	65465	65465	55.95	58.10	56.80	54.75	57.55	56.12	55.88	58.60	56.45	55.52	58.08	56.46	1.92022809623	100
41317	41317	65365	65365	55.95	58.15	56.77	54.70	57.52	56.05	55.77	58.60	56.48	55.48	58.09	56.43	1.92105829993	100
41417	41417	65265	65265	55.92	58.10	56.77	54.70	57.45	55.98	55.70	58.60	56.48	55.44	58.05	56.41	1.92124139185	100
41517	41517	65165	65165	55.85	58.08	56.77	54.70	57.45	55.95	55.67	58.52	56.42	55.41	58.02	56.38	1.92141356299	100
41617	41617	65065	65065	55.90	58.02	56.73	54.67	57.45	55.95	55.65	58.40	56.40	55.41	57.96	56.36	1.92146363042	100
41717	41717	64965	64965	55.83	57.98	56.60	54.67	57.45	55.98	55.62	58.40	56.42	55.38	57.94	56.33	1.9212757991	100
41817	41817	64865	64865	55.80	57.95	56.62	54.70	57.50	55.95	55.55	58.40	56.42	55.35	57.95	56.33	1.92184390307	100
41917	41917	64765	64765	55.77	57.90	56.62	54.70	57.50	55.95	55.52	58.45	56.42	55.33	57.95	56.33	1.92213743849	100
42017	42017	64665	64665	55.70	57.90	56.60	54.65	57.50	55.95	55.52	58.38	56.42	55.29	57.92	56.33	1.92247137088	100
42117	42117	64565	64565	55.67	57.92	56.60	54.65	57.52	55.95	55.50	58.40	56.40	55.27	57.95	56.32	1.92262282173	100
42217	42217	64465	64465	55.60	57.92	56.58	54.60	57.45	55.92	55.48	58.38	56.40	55.23	57.92	56.30	1.92301413877	100
42317	42317	64365	64365	55.62	57.92	56.52	54.55	57.42	55.85	55.52	58.27	56.38	55.23	57.88	56.25	1.92336264571	100
42417	42417	64265	64265	55.62	57.92	56.52	54.52	57.40	55.88	55.48	58.40	56.30	55.21	57.91	56.23	1.92323830714	100
42517	42517	64165	64165	55.65	57.88	56.50	54.45	57.42	55.83	55.40	58.38	56.25	55.17	57.89	56.19	1.92337151423	100
42617	42617	64065	64065	55.58	57.90	56.48	54.40	57.40	55.77	55.30	58.27	56.27	55.09	57.86	56.17	1.92410963679	100
42717	42717	63965	63965	55.40	57.88	56.48	54.40	57.38	55.73	55.35	58.25	56.20	55.05	57.83	56.13	1.92444192198	100
42817	42817	63865	63865	55.40	57.85	56.45	54.38	57.40	55.75	55.30	58.25	56.12	55.02	57.83	56.11	1.92476527456	100
42917	42917	63765	63765	55.35	57.85	56.40	54.23	57.42	55.73	55.23	58.25	56.08	54.93	57.84	56.07	1.92556976423	100
43017	43017	63665	63665	55.38	57.83	56.38	54.23	57.40	55.65	55.20	58.25	56.10	54.93	57.83	56.04	1.9265887686	100
43117	43117	63565	63565	55.30	57.88	56.38	54.23	57.40	55.60	55.17	58.23	56.08	54.90	57.83	56.02	1.9276793889	100
43217	43217	63465	63465	55.35	57.80	56.35	54.25	57.40	55.60	55.10	58.17	56.00	54.90	57.79	55.98	1.92769323636	100
43317	43317	63365	63365	55.30	57.83	56.30	54.23	57.42	55.58	55.00	58.17	56.02	54.84	57.81	55.97	1.92854036741	100
43417	43417	63265	63265	55.23	57.85	56.30	54.23	57.42	55.55	54.98	58.20	55.85	54.81	57.83	55.90	1.93055839777	100
43517	43517	63165	63165	55.17	57.77	56.30	54.20	57.35	55.52	54.88	58.12	55.80	54.75	57.75	55.88	1.93065505583	100
43617	43617	63065	63065	55.12	57.75	56.30	54.23	57.35	55.48	54.90	58.12	55.77	54.75	57.74	55.85	1.93009704185	100
43717	43717	62965	62965	55.10	57.77	56.23	54.23	57.35	55.42	54.90	58.10	55.75	54.74	57.74	55.80	1.9313631156	100
43817	43817	62865	62865	55.08	57.80	56.20	54.23	57.33	55.40	54.88	58.10	55.75	54.73	57.74	55.78	1.93134284703	100
43917	43917	62765	62765	55.05	57.80	56.17	54.20	57.30	55.38	54.85	58.02	55.75	54.70	57.71	55.77	1.93141699618	100
44017	44017	62665	62665	55.02	57.77	56.17	54.20	57.35	55.38	54.85	58.02	55.75	54.69	57.72	55.77	1.93183897688	100
44117	44117	62565	62565	55.00	57.73	56.17	54.15	57.33	55.33	54.85	58.05	55.70	54.67	57.70	55.73	1.93265398846	100
44217	44217	62465	62465	55.02	57.67	56.15	54.15	57.33	55.33	54.83	58.00	55.70	54.67	57.67	55.73	1.93291283014	100
44317	44317	62365	62365	55.02	57.60	56.15	54.12	57.35	55.33	54.83	57.98	55.67	54.66	57.64	55.72	1.93303864379	100
44417	44417	62265	62265	55.02	57.65	56.17	54.10	57.35	55.35	54.80	58.00	55.62	54.64	57.67	55.72	1.93318955929	100
44517	44517	62165	62165	54.98	57.60	56.15	54.12	57.38	55.35	54.83	57.98	55.60	54.64	57.65	55.70	1.93310956209	100
44617	44617	62065	62065	55.00	57.52	56.15	54.10	57.35	55.33	54.80	57.95	55.58	54.63	57.61	55.68	1.93365400805	100
44717	44717	61965	61965	55.02	57.52	56.15	54.08	57.27	55.30	54.80	57.98	55.55	54.63	57.59	55.67	1.93367775823	100
44817	44817	61865	61865	55.00	57.48	56.15	54.10	57.33	55.30	54.80	57.92	55.55	54.63	57.58	55.67	1.93346114969	100
44917	44917	61765	61765	55.00	57.45	56.15	54.05	57.30	55.30	54.80	57.88	55.60	54.62	57.54	55.68	1.93354518654	100
45017	45017	61665	61665	55.00	57.42	56.12	54.02	57.27	55.25	54.77	57.88	55.58	54.60	57.52	55.65	1.93360864342	100
45117	45117	61565	61565	55.00	57.40	56.12	54.08	57.25	55.25	54.75	57.85	55.55	54.61	57.50	55.64	1.93370725144	100
45217	45217	61465	61465	54.95	57.42	56.12	54.05	57.25	55.25	54.80	57.83	55.62	54.60	57.50	55.67	1.93369267727	100
45317	45317	61365	61365	54.98	57.42	56.08	54.02	57.25	55.25	54.75	57.85	55.62	54.58	57.51	55.65	1.93376279009	100
45417	45417	61265	61265	54.95	57.42	56.08	54.00	57.20	55.25	54.80	57.88	55.62	54.58	57.50	55.65	1.93391537735	100
45517	45517	61165	61165	54.95	57.45	56.08	53.98	57.17	55.25	54.80	57.90	55.62	54.58	57.51	55.65	1.93390317079	100
45617	45617	61065	61065	55.00	57.45	56.08	54.02	57.15	55.27	54.77	57.90	55.62	54.60	57.50	55.66	1.93404404633	100
45717	45717	60965	60965	55.00	57.48	56.05	54.02	57.20	55.27	54.75	57.92	55.60	54.59	57.53	55.64	1.93400453514	100
45817	45817	60865	60865	54.95	57.45	56.02	54.02	57.15	55.25	54.75	57.90	55.58	54.58	57.50	55.62	1.93448596305	100
45917	45917	60765	60765	54.95	57.40	56.05	54.05	57.15	55.25	54.77	57.88	55.55	54.59	57.48	55.62	1.93428733727	100
46017	46017	60665	60665	54.98	57.38	56.00	54.05	57.20	55.23	54.75	57.90	55.55	54.59	57.49	55.59	1.9347598181	100
46117	46117	60565	60565	54.92	57.40	56.02	54.05	57.20	55.25	54.75	57.88	55.55	54.58	57.49	55.61	1.93498301115	100
46217	46217	60465	60465	54.98	57.38	56.02	54.08	57.20	55.23	54.75	57.88	55.55	54.60	57.48	55.60	1.93437210709	100
46317	46317	60365	60365	54.92	57.40	56.05	54.08	57.20	55.23	54.73	57.85	55.50	54.58	57.48	55.59	1.93451880402	100
46417	46417	60265	60265	54.88	57.40	56.05	54.05	57.20	55.20	54.73	57.85	55.48	54.55	57.48	55.58	1.93481982662	100
46517	46517	60165	60165	54.88	57.38	56.02	54.05	57.20	55.23	54.73	57.85	55.45	54.55	57.48	55.57	1.934858397	100
46617	46617	60065	60065	54.88	57.35	56.02	54.05	57.17	55.25	54.73	57.83	55.45	54.55	57.45	55.58	1.9350599524	100
46717	46717	59965	59965	54.90	57.38	56.00	54.05	57.17	55.20	54.75	57.80	55.45	54.57	57.45	55.55	1.93494145974	100
46817	46817	59865	59865	54.90	57.38	56.00	54.08	57.23	55.23	54.73	57.80	55.45	54.57	57.47	55.56	1.93534761327	100
46917	46917	59765	59765	54.88	57.42	55.95	54.10	57.25	55.20	54.70	57.75	55.45	54.56	57.48	55.53	1.93542185813	100
47017	47017	59665	59665	54.88	57.40	55.98	54.10	57.23	55.20	54.67	57.77	55.45	54.55	57.47	55.54	1.93509345643	100
47117	47117	59565	59565	54.88	57.35	55.95	54.08	57.15	55.17	54.70	57.80	55.45	54.55	57.43	55.52	1.93541198389	100
47217	47217	59465	59465	54.90	57.30	55.92	54.10	57.15	55.17	54.70	57.75	55.45	54.57	57.40	55.52	1.93523042321	100
47317	47317	59365	59365	54.88	57.33	55.90	54.02	57.15	55.17	54.70	57.75	55.42	54.53	57.41	55.50	1.935206512	100
47417	47417	59265	59265	54.85	57.35	55.90	54.02	57.17	55.17	54.65	57.75	55.40	54.51	57.42	55.49	1.9359157413	100
47517	47517	59165	59165	54.85	57.38	55.85	54.05	57.17	55.17	54.65	57.67	55.40	54.52	57.41	55.48	1.93631184723	100
47617	47617	59065	59065	54.85	57.38	55.88	54.00	57.20	55.17	54.65	57.67	55.38	54.50	57.42	55.48	1.93629054438	100
47717	47717	58965	58965	54.85	57.38	55.88	54.02	57.20	55.12	54.58	57.65	55.38	54.48	57.41	55.46	1.93628318473	100
47817	47817	58865	58865	54.80	57.35	55.88	54.00	57.20	55.10	54.58	57.67	55.35	54.46	57.41	55.44	1.9361036982	100
47917	47917	58765	58765	54.80	57.33	55.88	53.98	57.15	55.12	54.58	57.67	55.33	54.45	57.38	55.44	1.93648484976	100
48017	48017	58665	58665	54.85	57.35	55.88	53.92	57.12	55.05	54.58	57.62	55.30	54.45	57.37	55.41	1.93675032064	100
48117	48117	58565	58565	54.83	57.35	55.90	53.98	57.12	55.08	54.58	57.65	55.30	54.46	57.38	55.42	1.93632608653	100
48217	48217	58465	58465	54.83	57.40	55.90	53.92	57.12	55.08	54.58	57.62	55.30	54.44	57.38	55.42	1.93606440022	100
48317	48317	58365	58365	54.83	57.38	55.88	53.92	57.12	55.08	54.52	57.65	55.30	54.42	57.38	55.42	1.9359323182	100
48417	48417	58265	58265	54.88	57.33	55.85	53.92	57.10	55.05	54.50	57.65	55.27	54.43	57.36	55.39	1.93628735049	100
48517	48517	58165	58165	54.83	57.35	55.85	53.98	57.08	55.10	54.55	57.65	55.27	54.45	57.36	55.41	1.93584772646	100
48617	48617	58065	58065	54.83	57.35	55.83	53.98	57.10	55.10	54.55	57.60	55.30	54.45	57.35	55.41	1.9358599968	100
48717	48717	57965	57965	54.83	57.33	55.88	53.98	57.08	55.10	54.52	57.58	55.30	54.44	57.33	55.42	1.93633913799	100
48817	48817	57865	57865	54.88	57.30	55.85	53.92	57.10	55.10	54.55	57.58	55.30	54.45	57.33	55.42	1.93643273458	100
48917	48917	57765	57765	54.90	57.30	55.80	53.88	57.10	55.10	54.58	57.55	55.30	54.45	57.32	55.40	1.93630375264	100
49017	49017	57665	57665	54.90	57.23	55.77	53.88	57.15	55.10	54.55	57.52	55.27	54.44	57.30	55.38	1.93630455177	100
49117	49117	57565	57565	54.90	57.25	55.73	53.85	57.12	55.10	54.58	57.52	55.30	54.44	57.30	55.38	1.93601289669	100
49217	49217	57465	57465	54.88	57.25	55.77	53.83	57.12	55.10	54.55	57.55	55.27	54.42	57.31	55.38	1.93619680321	100
49317	49317	57365	57365	54.88	57.20	55.73	53.85	57.12	55.02	54.55	57.52	55.30	54.42	57.28	55.35	1.93618654312	100
49417	49417	57265	57265	54.90	57.23	55.73	53.83	57.15	55.02	54.55	57.50	55.27	54.42	57.29	55.34	1.93575521516	100
49517	49517	57165	57165	54.88	57.20	55.70	53.83	57.10	55.02	54.52	57.48	55.27	54.41	57.26	55.33	1.93605111698	100
49617	49617	57065	57065	54.85	57.23	55.67	53.83	57.05	55.02	54.52	57.42	55.27	54.40	57.23	55.33	1.93600981722	100
49717	49717	56965	56965	54.88	57.23	55.70	53.83	57.02	55.05	54.50	57.42	55.27	54.40	57.23	55.34	1.93583104792	100
49817	49817	56865	56865	54.85	57.17	55.70	53.83	57.05	55.05	54.55	57.42	55.27	54.41	57.22	55.34	1.93596969525	100
49917	49917	56765	56765	54.85	57.15	55.70	53.75	57.05	55.08	54.55	57.42	55.30	54.38	57.21	55.36	1.9360973641	100
50017	50017	56665	56665	54.88	57.17	55.65	53.75	57.05	55.08	54.55	57.45	55.30	54.39	57.23	55.34	1.93578445057	100
50117	50117	56565	56565	54.88	57.17	55.62	53.80	57.00	55.08	54.55	57.42	55.33	54.41	57.20	55.34	1.9355807531	100
50217	50217	56465	56465	54.85	57.20	55.67	53.80	57.02	55.05	54.52	57.38	55.33	54.39	57.20	55.35	1.9351760623	100
50317	50317	56365	56365	54.88	57.17	55.65	53.83	57.00	55.05	54.52	57.40	55.33	54.41	57.19	55.34	1.93496357326	100
50417	50417	56265	56265	54.85	57.15	55.62	53.83	56.95	55.02	54.55	57.38	55.27	54.41	57.16	55.31	1.93480797113	100
50517	50517	56165	56165	54.85	57.20	55.62	53.85	56.92	55.02	54.58	57.38	55.25	54.42	57.17	55.30	1.93457884894	100
50617	50617	56065	56065	54.80	57.20	55.58	53.83	56.90	55.00	54.58	57.38	55.25	54.40	57.16	55.27	1.9343806591	100
50717	50717	55965	55965	54.83	57.20	55.58	53.80	56.85	55.00	54.55	57.38	55.27	54.39	57.14	55.28	1.93412480492	100
50817	50817	55865	55865	54.83	57.15	55.55	53.80	56.90	55.05	54.55	57.33	55.27	54.39	57.12	55.29	1.9341113308	100
50917	50917	55765	55765	54.83	57.12	55.52	53.77	56.85	55.02	54.55	57.27	55.25	54.38	57.08	55.27	1.93476093531	100
51017	51017	55665	55665	54.83	57.15	55.55	53.73	56.88	55.00	54.55	57.25	55.23	54.37	57.09	55.26	1.93471822612	100
51117	51117	55565	55565	54.83	57.10	55.52	53.80	56.83	54.98	54.52	57.27	55.23	54.38	57.07	55.24	1.93437533449	100
51217	51217	55465	55465	54.85	57.10	55.52	53.75	56.75	54.92	54.50	57.25	55.25	54.37	57.03	55.23	1.93440022454	100
51317	51317	55365	55365	54.85	57.05	55.58	53.73	56.80	54.90	54.50	57.23	55.25	54.36	57.02	55.24	1.93402528278	100
51417	51417	55265	55265	54.85	57.00	55.55	53.73	56.75	54.92	54.52	57.17	55.23	54.37	56.98	55.23	1.93389536326	100
51517	51517	55165	55165	54.80	57.00	55.55	53.77	56.73	54.95	54.52	57.12	55.23	54.37	56.95	55.24	1.93400966507	100
51617	51617	55065	55065	54.75	57.02	55.52	53.75	56.77	54.95	54.52	57.15	55.23	54.34	56.98	55.23	1.93389827174	100
51717	51717	54965	54965	54.75	56.98	55.52	53.75	56.75	54.92	54.58	57.12	55.17	54.36	56.95	55.21	1.93371390822	100
51817	51817	54865	54865	54.67	56.98	55.55	53.75	56.75	54.92	54.55	57.10	55.17	54.33	56.94	55.22	1.93322974203	100
51917	51917	54765	54765	54.65	56.98	55.58	53.73	56.73	54.90	54.52	57.10	55.20	54.30	56.93	55.23	1.93330309181	100
52017	52017	54665	54665	54.62	56.95	55.52	53.75	56.73	54.92	54.52	57.05	55.20	54.30	56.91	55.22	1.93309175788	100
52117	52117	54565	54565	54.62	56.95	55.45	53.77	56.70	54.90	54.52	57.05	55.15	54.31	56.90	55.17	1.93328330227	100
52217	52217	54465	54465	54.60	56.95	55.45	53.80	56.70	54.90	54.52	57.05	55.15	54.31	56.90	55.17	1.9336577424	100
52317	52317	54365	54365	54.60	56.92	55.45	53.80	56.67	54.90	54.52	57.05	55.15	54.31	56.88	55.17	1.93663881295	100
52417	52417	54265	54265	54.60	56.92	55.45	53.80	56.70	54.90	54.52	57.05	55.10	54.31	56.89	55.15	1.93476907499	100
52517	52517	54165	54165	54.60	56.90	55.40	53.83	56.67	54.88	54.52	57.05	55.10	54.32	56.88	55.12	1.93494799401	100
52617	52617	54065	54065	54.58	56.88	55.38	53.80	56.62	54.85	54.50	57.15	55.08	54.29	56.88	55.10	1.93568047284	100
52717	52717	53965	53965	54.55	56.80	55.35	53.75	56.60	54.85	54.52	57.08	55.05	54.27	56.83	55.08	1.9365711184	100
52817	52817	53865	53865	54.55	56.77	55.30	53.73	56.52	54.83	54.58	56.98	55.05	54.28	56.76	55.06	1.93819904145	100
52917	52917	53765	53765	54.55	56.75	55.35	53.75	56.48	54.85	54.58	56.95	55.08	54.29	56.73	55.09	1.93871493227	100
53017	53017	53665	53665	54.52	56.75	55.33	53.73	56.48	54.80	54.58	56.90	55.02	54.27	56.71	55.05	1.94016493015	100
53117	53117	53565	53565	54.55	56.70	55.30	53.73	56.48	54.80	54.58	56.90	55.02	54.28	56.69	55.04	1.94119621517	100
53217	53217	53465	53465	54.55	56.70	55.20	53.73	56.48	54.75	54.60	56.90	55.00	54.29	56.69	54.98	1.94246961782	100
53317	53317	53365	53365	54.55	56.70	55.17	53.75	56.45	54.75	54.62	56.90	55.00	54.31	56.68	54.98	1.944704139	100
53417	53417	53265	53265	54.55	56.62	55.17	53.75	56.45	54.73	54.58	56.85	55.00	54.29	56.64	54.97	1.94571955786	100
53517	53517	53165	53165	54.58	56.60	55.20	53.75	56.40	54.70	54.58	56.83	55.00	54.30	56.61	54.97	1.94818683915	100
53617	53617	53065	53065	54.58	56.60	55.23	53.75	56.48	54.70	54.62	56.83	54.95	54.32	56.63	54.96	1.95095039346	100
53717	53717	52965	52965	54.60	56.58	55.23	53.77	56.48	54.67	54.62	56.83	54.95	54.33	56.62	54.95	1.95193405277	100
53817	53817	52865	52865	54.58	56.58	55.23	53.77	56.50	54.67	54.65	56.80	54.88	54.33	56.62	54.92	1.95359689949	100
53917	53917	52765	52765	54.58	56.60	55.23	53.75	56.48	54.67	54.65	56.75	54.90	54.33	56.61	54.93	1.95451445046	100
54017	54017	52665	52665	54.58	56.55	55.27	53.75	56.48	54.70	54.65	56.73	54.88	54.33	56.58	54.95	1.95673005752	100
54117	54117	52565	52565	54.60	56.48	55.27	53.75	56.50	54.67	54.65	56.73	54.85	54.33	56.57	54.93	1.95837287535	100
54217	54217	52465	52465	54.60	56.45	55.20	53.75	56.48	54.73	54.65	56.73	54.88	54.33	56.55	54.93	1.96064525918	100
54317	54317	52365	52365	54.60	56.42	55.23	53.77	56.48	54.75	54.62	56.73	54.85	54.33	56.54	54.94	1.96188716662	100
54417	54417	52265	52265	54.62	56.45	55.23	53.77	56.48	54.75	54.62	56.70	54.88	54.34	56.54	54.95	1.96301336893	100
54517	54517	52165	52165	54.60	56.45	55.20	53.77	56.45	54.77	54.65	56.70	54.88	54.34	56.53	54.95	1.96406196938	100
54617	54617	52065	52065	54.62	56.50	55.23	53.77	56.40	54.77	54.65	56.65	54.88	54.35	56.52	54.96	1.96439834729	100
54717	54717	51965	51965	54.65	56.45	55.20	53.77	56.40	54.77	54.62	56.62	54.85	54.35	56.49	54.94	1.96456338077	100
54817	54817	51865	51865	54.65	56.48	55.17	53.77	56.40	54.77	54.62	56.58	54.85	54.35	56.48	54.93	1.96480016635	100
54917	54917	51765	51765	54.62	56.45	55.17	53.77	56.42	54.77	54.60	56.55	54.85	54.33	56.48	54.93	1.96501262617	100
55017	55017	51665	51665	54.60	56.40	55.20	53.77	56.42	54.77	54.60	56.60	54.85	54.33	56.48	54.94	1.96504663414	100
55117	55117	51565	51565	54.60	56.45	55.20	53.75	56.40	54.77	54.62	56.58	54.85	54.33	56.48	54.94	1.96524224954	100
55217	55217	51465	51465	54.60	56.40	55.17	53.75	56.38	54.77	54.62	56.62	54.85	54.33	56.47	54.93	1.96405356199	100
55317	55317	51365	51365	54.60	56.38	55.17	53.75	56.35	54.75	54.62	56.60	54.85	54.33	56.44	54.92	1.96347834304	100
55417	55417	51265	51265	54.62	56.40	55.17	53.75	56.35	54.73	54.62	56.60	54.85	54.33	56.45	54.92	1.96202331517	100
55517	55517	51165	51165	54.62	56.40	55.17	53.75	56.33	54.75	54.60	56.55	54.88	54.33	56.42	54.93	1.96145751244	100
55617	55617	51065	51065	54.62	56.42	55.17	53.77	56.33	54.75	54.60	56.58	54.85	54.33	56.44	54.92	1.96034873164	100
55717	55717	50965	50965	54.62	56.40	55.15	53.75	56.35	54.73	54.62	56.58	54.83	54.33	56.44	54.90	1.95908512851	100
55817	55817	50865	50865	54.62	56.38	55.15	53.77	56.35	54.73	54.60	56.50	54.85	54.33	56.41	54.91	1.95763345906	100
55917	55917	50765	50765	54.62	56.38	55.17	53.77	56.38	54.73	54.60	56.48	54.83	54.33	56.41	54.91	1.95636212663	100
56017	56017	50665	50665	54.65	56.33	55.17	53.77	56.38	54.73	54.60	56.55	54.83	54.34	56.42	54.91	1.95511297222	100
56117	56117	50565	50565	54.67	56.35	55.17	53.77	56.35	54.70	54.58	56.52	54.83	54.34	56.41	54.90	1.95351244743	100
56217	56217	50465	50465	54.65	56.35	55.17	53.77	56.35	54.70	54.58	56.52	54.85	54.33	56.41	54.91	1.95284422618	100
56317	56317	50365	50365	54.67	56.38	55.20	53.77	56.35	54.73	54.58	56.50	54.88	54.34	56.41	54.93	1.95219141682	100
56417	56417	50265	50265	54.67	56.38	55.20	53.80	56.35	54.73	54.58	56.60	54.85	54.35	56.44	54.92	1.95111171881	100
56517	56517	50165	50165	54.62	56.42	55.20	53.80	56.33	54.73	54.58	56.58	54.83	54.33	56.44	54.92	1.95049837167	100
56617	56617	50065	50065	54.60	56.38	55.20	53.80	56.35	54.75	54.58	56.55	54.83	54.33	56.42	54.92	1.94999978678	100
56717	56717	49965	49965	54.62	56.35	55.15	53.83	56.38	54.77	54.52	56.55	54.83	54.33	56.42	54.92	1.94996742133	100
56817	56817	49865	49865	54.65	56.38	55.15	53.83	56.42	54.77	54.55	56.50	54.80	54.34	56.43	54.91	1.9491884872	100
56917	56917	49765	49765	54.65	56.38	55.17	53.83	56.38	54.77	54.55	56.55	54.80	54.34	56.43	54.92	1.94889890988	100
57017	57017	49665	49665	54.62	56.35	55.15	53.83	56.40	54.77	54.55	56.55	54.80	54.33	56.43	54.91	1.94882012609	100
57117	57117	49565	49565	54.65	56.33	55.20	53.85	56.42	54.75	54.58	56.55	54.80	54.36	56.43	54.92	1.94862446301	100
57217	57217	49465	49465	54.65	56.35	55.20	53.85	56.38	54.77	54.60	56.58	54.80	54.37	56.43	54.92	1.94863649688	100
57317	57317	49365	49365	54.62	56.38	55.17	53.88	56.38	54.77	54.52	56.50	54.80	54.34	56.42	54.92	1.94862428033	100
57417	57417	49265	49265	54.62	56.27	55.20	53.90	56.40	54.77	54.60	56.52	54.83	54.38	56.40	54.93	1.94818043736	100
57517	57517	49165	49165	54.65	56.25	55.20	53.90	56.48	54.80	54.60	56.52	54.83	54.38	56.42	54.94	1.94791354599	100
57617	57617	49065	49065	54.65	56.23	55.17	53.90	56.50	54.77	54.60	56.55	54.83	54.38	56.42	54.92	1.94714509964	100
57717	57717	48965	48965	54.65	56.23	55.20	53.90	56.48	54.77	54.58	56.52	54.80	54.38	56.41	54.92	1.94650190754	100
57817	57817	48865	48865	54.65	56.25	55.20	53.92	56.50	54.75	54.58	56.50	54.77	54.38	56.42	54.91	1.94577602215	100
57917	57917	48765	48765	54.62	56.25	55.25	53.92	56.48	54.75	54.60	56.50	54.77	54.38	56.41	54.92	1.94527457196	100
58017	58017	48665	48665	54.65	56.25	55.23	53.90	56.45	54.75	54.60	56.52	54.77	54.38	56.41	54.92	1.94441780122	100
58117	58117	48565	48565	54.67	56.25	55.25	53.88	56.50	54.75	54.62	56.50	54.80	54.39	56.42	54.93	1.94369663367	100
58217	58217	48465	48465	54.62	56.25	55.25	53.90	56.45	54.75	54.60	56.45	54.83	54.38	56.38	54.94	1.94289837416	100
58317	58317	48365	48365	54.65	56.27	55.23	53.90	56.50	54.75	54.60	56.50	54.83	54.38	56.42	54.93	1.94309364676	100
58417	58417	48265	48265	54.65	56.25	55.27	53.90	56.52	54.75	54.62	56.42	54.80	54.39	56.40	54.94	1.94259285099	100
58517	58517	48165	48165	54.65	56.30	55.30	53.95	56.50	54.73	54.65	56.48	54.80	54.42	56.42	54.94	1.94253469274	100
58617	58617	48065	48065	54.62	56.23	55.27	53.90	56.48	54.75	54.65	56.48	54.77	54.39	56.39	54.93	1.941888888	100
58717	58717	47965	47965	54.65	56.17	55.33	53.90	56.42	54.75	54.65	56.50	54.77	54.40	56.37	54.95	1.94119467285	100
58817	58817	47865	47865	54.65	56.17	55.33	53.95	56.42	54.73	54.65	56.42	54.75	54.42	56.34	54.93	1.94082521076	100
58917	58917	47765	47765	54.65	56.20	55.33	53.92	56.42	54.73	54.67	56.45	54.75	54.42	56.36	54.93	1.94216360887	100
59017	59017	47665	47665	54.67	56.15	55.33	53.92	56.40	54.75	54.70	56.38	54.77	54.43	56.31	54.95	1.94497244032	100
59117	59117	47565	47565	54.65	56.15	55.33	53.95	56.42	54.77	54.70	56.42	54.77	54.43	56.33	54.96	1.9468070292	100
