12120	12120	94562	94562	75.03	77.75	79.85	74.55	77.62	79.25	75.28	78.53	79.88	74.95	77.97	79.66	1.9785458348
12120	12120	93562	93562	75.05	77.72	79.85	74.55	77.62	79.25	75.30	78.53	79.88	74.97	77.96	79.66	1.97217207268	25
12145	12145	93537	93537	75.20	77.58	79.70	74.95	77.35	79.15	75.38	78.55	79.88	75.17	77.83	79.58	1.97341055411	25
12170	12170	93512	93512	75.17	77.55	79.60	74.75	77.25	79.08	75.38	78.83	79.90	75.10	77.88	79.53	1.96537014296	25
12195	12195	93487	93487	75.50	77.53	79.70	74.83	77.08	79.00	75.83	78.67	79.83	75.38	77.76	79.51	1.9619349389	25
12220	12220	93462	93462	75.55	77.25	79.60	74.75	76.90	78.78	76.08	78.45	79.65	75.46	77.53	79.34	1.95461771751	25
12245	12245	93437	93437	75.65	77.15	79.55	74.92	76.92	78.83	76.10	78.47	79.60	75.56	77.52	79.33	1.9426479997	25
12270	12270	93412	93412	75.60	77.15	79.67	74.85	77.30	78.97	76.20	78.70	79.80	75.55	77.72	79.48	1.94175473372	25
12295	12295	93387	93387	75.55	77.08	79.55	74.75	77.30	79.10	76.00	78.70	79.70	75.43	77.69	79.45	1.93224728594	25
12320	12320	93362	93362	75.55	77.17	79.65	74.85	77.17	79.20	76.08	78.80	79.83	75.49	77.72	79.56	1.93537016645	25
12345	12345	93337	93337	75.53	77.47	79.75	74.88	77.40	79.17	76.12	78.62	79.83	75.51	77.83	79.58	1.92767430115	25
12370	12370	93312	93312	75.53	77.58	79.75	75.05	77.35	79.22	76.38	78.62	79.97	75.65	77.85	79.65	1.92764415542	25
12395	12395	93287	93287	75.58	77.35	79.83	75.03	77.40	79.35	76.38	78.75	79.85	75.66	77.83	79.67	1.92852053053	25
12420	12420	93262	93262	75.75	77.30	79.80	75.08	77.25	79.28	76.25	78.70	79.85	75.69	77.75	79.64	1.92313044213	25
12445	12445	93237	93237	75.67	77.38	79.75	75.03	77.03	79.08	76.17	78.75	79.85	75.62	77.72	79.56	1.92158153357	25
12470	12470	93212	93212	75.65	77.70	79.85	75.12	76.95	79.17	76.30	78.65	79.92	75.69	77.77	79.65	1.91998057299	25
12495	12495	93187	93187	75.65	77.72	79.83	74.97	77.20	79.35	76.30	78.85	80.05	75.64	77.92	79.74	1.91261148992	25
12520	12520	93162	93162	75.53	77.65	79.78	74.97	77.22	79.22	76.03	78.85	79.95	75.51	77.91	79.65	1.90612783463	25
12545	12545	93137	93137	75.65	77.42	79.75	74.95	77.25	79.17	76.08	78.70	80.00	75.56	77.79	79.64	1.90487948718	25
12570	12570	93112	93112	75.62	77.47	79.70	75.00	77.15	79.12	76.05	78.65	79.95	75.56	77.76	79.59	1.90057320726	25
12595	12595	93087	93087	75.75	77.72	79.80	74.90	77.20	79.25	76.17	78.78	80.00	75.61	77.90	79.68	1.89878205457	25
12620	12620	93062	93062	75.97	77.83	79.75	75.05	77.22	79.05	76.28	78.72	79.97	75.77	77.92	79.59	1.89344052079	25
12645	12645	93037	93037	76.05	77.72	79.67	75.05	77.33	79.08	76.35	78.70	79.95	75.82	77.92	79.57	1.89141949439	25
12670	12670	93012	93012	75.95	77.62	79.78	74.95	77.35	78.80	76.25	78.72	80.03	75.72	77.90	79.53	1.88714936169	25
12695	12695	92987	92987	75.97	77.67	79.65	75.10	77.10	78.90	76.42	78.70	79.95	75.83	77.83	79.50	1.88832552125	25
12720	12720	92962	92962	76.12	77.58	79.60	75.17	76.97	78.88	76.33	78.75	79.92	75.88	77.77	79.47	1.88262729642	25
12745	12745	92937	92937	76.35	77.75	79.65	75.15	76.92	78.78	76.38	78.40	79.92	75.96	77.69	79.45	1.88209897442	25
12770	12770	92912	92912	76.20	77.53	79.62	75.10	76.97	78.72	76.38	78.25	79.90	75.89	77.58	79.42	1.88096280592	25
12795	12795	92887	92887	76.08	77.47	79.62	75.20	76.75	78.47	76.50	78.35	79.88	75.92	77.53	79.33	1.87748031081	25
12820	12820	92862	92862	76.05	77.47	79.58	75.08	76.65	78.47	76.42	78.33	79.90	75.85	77.48	79.32	1.87619371822	25
12845	12845	92837	92837	76.00	77.42	79.67	75.05	76.70	78.47	76.42	78.22	79.95	75.83	77.45	79.37	1.87514897583	25
12870	12870	92812	92812	75.85	77.35	79.65	75.15	76.67	78.50	76.38	78.28	79.95	75.79	77.43	79.37	1.87193107463	25
12895	12895	92787	92787	76.00	77.35	79.67	75.00	76.83	78.62	76.35	78.22	80.00	75.78	77.47	79.43	1.87251411183	25
12920	12920	92762	92762	75.85	77.40	79.80	75.28	76.75	78.53	76.35	78.08	80.15	75.83	77.41	79.49	1.86469920835	25
12945	12945	92737	92737	75.65	77.25	79.70	75.12	76.88	78.47	76.38	78.17	80.15	75.72	77.43	79.44	1.86209753428	25
12970	12970	92712	92712	75.70	77.35	79.65	74.92	76.83	78.55	76.53	78.12	80.20	75.72	77.43	79.47	1.86107706146	25
12995	12995	92687	92687	75.67	77.58	79.55	75.03	76.80	78.45	76.60	78.08	80.12	75.77	77.48	79.38	1.86205932893	25
13020	13020	92662	92662	75.72	77.72	79.50	75.12	76.78	78.35	76.58	78.35	80.20	75.81	77.62	79.35	1.86141191404	25
13045	13045	92637	92637	76.10	77.83	79.78	75.05	76.80	78.50	76.62	78.33	80.22	75.92	77.65	79.50	1.86013894182	25
13070	13070	92612	92612	75.92	77.65	79.55	75.22	76.55	78.50	76.83	78.28	80.22	75.99	77.49	79.42	1.86022140943	25
13095	13095	92587	92587	76.00	77.72	79.60	75.15	76.62	78.55	76.85	78.17	80.17	76.00	77.51	79.44	1.85665247336	25
13120	13120	92562	92562	76.03	77.65	79.50	75.03	76.65	78.47	76.62	78.15	80.10	75.89	77.48	79.36	1.85489006887	25
13145	13145	92537	92537	76.03	77.62	79.40	74.85	76.47	78.42	76.62	78.20	80.12	75.83	77.43	79.32	1.85162028229	25
13170	13170	92512	92512	75.95	77.50	79.33	74.88	76.35	78.17	76.50	77.80	79.97	75.78	77.22	79.16	1.84982313064	25
13195	13195	92487	92487	76.05	77.50	79.28	74.70	76.30	78.17	76.80	77.92	79.92	75.85	77.24	79.12	1.8507160544	25
13220	13220	92462	92462	76.05	77.58	79.28	74.78	76.12	78.17	76.67	77.92	79.72	75.83	77.21	79.06	1.84807441938	25
13245	13245	92437	92437	75.97	77.58	79.17	75.00	76.47	78.05	76.70	77.75	79.78	75.89	77.27	79.00	1.84800549416	25
13270	13270	92412	92412	75.85	77.55	79.08	74.92	76.33	78.10	76.50	77.72	79.90	75.76	77.20	79.03	1.84661593388	25
13295	13295	92387	92387	75.70	77.60	79.03	74.88	76.45	78.10	76.35	77.90	79.75	75.64	77.32	78.96	1.84181982771	25
13320	13320	92362	92362	75.67	77.53	78.88	74.72	76.25	78.05	76.58	77.92	79.80	75.66	77.23	78.91	1.84219289839	25
13345	13345	92337	92337	75.65	77.45	78.83	74.62	76.10	78.00	76.58	77.75	79.72	75.62	77.10	78.85	1.8414470476	25
13370	13370	92312	92312	75.65	77.40	78.75	74.58	76.05	78.10	76.65	77.83	79.75	75.62	77.09	78.87	1.83909720241	25
13395	13395	92287	92287	75.55	77.15	78.67	74.60	75.97	77.95	76.75	77.75	79.75	75.63	76.96	78.79	1.84082214111	25
13420	13420	92262	92262	75.72	77.00	78.62	74.67	75.85	77.83	76.72	77.70	79.67	75.71	76.85	78.71	1.83924238471	25
13445	13445	92237	92237	75.83	76.85	78.62	74.45	75.80	77.78	76.65	77.47	79.58	75.64	76.71	78.66	1.83583113404	25
13470	13470	92212	92212	75.67	76.95	78.60	74.53	75.85	77.72	76.65	77.58	79.58	75.62	76.79	78.63	1.83541386598	25
13495	13495	92187	92187	75.65	77.05	78.72	74.47	75.88	77.67	76.67	77.72	79.62	75.60	76.88	78.67	1.83505657629	25
13520	13520	92162	92162	75.60	76.88	78.72	74.53	75.80	77.65	76.72	77.62	79.47	75.62	76.77	78.62	1.8348838986	25
13545	13545	92137	92137	75.72	76.95	78.62	74.42	75.70	77.58	76.75	77.67	79.45	75.63	76.78	78.55	1.83570264909	25
13570	13570	92112	92112	75.75	76.85	78.60	74.42	75.85	77.65	76.58	77.62	79.42	75.58	76.78	78.56	1.83415084615	25
13595	13595	92087	92087	75.75	76.88	78.72	74.40	75.92	77.58	76.67	77.58	79.40	75.61	76.79	78.57	1.83323582767	25
13620	13620	92062	92062	75.78	76.62	78.50	74.40	75.78	77.60	76.65	77.65	79.25	75.61	76.68	78.45	1.83079808523	25
13645	13645	92037	92037	75.72	76.45	78.30	74.42	75.70	77.42	76.67	77.45	79.20	75.61	76.53	78.31	1.82834793293	25
13670	13670	92012	92012	75.67	76.47	78.20	74.38	75.45	77.30	76.60	77.28	79.10	75.55	76.40	78.20	1.82914472026	25
13695	13695	91987	91987	75.72	76.45	78.17	74.42	75.40	77.08	76.58	77.22	79.05	75.58	76.36	78.10	1.82948329525	25
13720	13720	91962	91962	75.60	76.50	78.22	74.38	75.35	76.97	76.55	77.35	79.12	75.51	76.40	78.11	1.82656358876	25
13745	13745	91937	91937	75.55	76.65	78.35	74.45	75.50	76.95	76.60	77.38	79.05	75.53	76.51	78.12	1.82530583768	25
13770	13770	91912	91912	75.55	76.38	78.20	74.47	75.33	76.80	76.42	77.22	78.92	75.48	76.31	77.97	1.8247219294	25
13795	13795	91887	91887	75.60	76.28	78.25	74.50	75.30	76.85	76.45	77.30	78.92	75.52	76.29	78.01	1.82352735126	25
13820	13820	91862	91862	75.60	76.47	78.17	74.55	75.45	76.83	76.60	77.15	78.90	75.58	76.36	77.97	1.82407482159	25
13845	13845	91837	91837	75.60	76.42	78.17	74.50	75.45	76.85	76.78	77.08	78.92	75.62	76.32	77.98	1.81891674887	25
13870	13870	91812	91812	75.45	76.45	78.10	74.42	75.45	76.75	76.65	77.28	78.90	75.51	76.39	77.92	1.81699727477	25
13895	13895	91787	91787	75.47	76.47	78.15	74.47	75.30	76.60	76.83	77.25	78.85	75.59	76.34	77.87	1.81783099461	25
13920	13920	91762	91762	75.58	76.50	78.22	74.38	75.28	76.72	76.72	77.25	78.88	75.56	76.34	77.94	1.81794556084	25
13945	13945	91737	91737	75.53	76.58	78.20	74.38	75.33	76.65	76.65	77.12	78.75	75.52	76.34	77.87	1.81693810491	25
13970	13970	91712	91712	75.53	76.45	78.15	74.30	75.35	76.75	76.58	77.00	78.85	75.47	76.27	77.92	1.81788597345	25
13995	13995	91687	91687	75.50	76.42	78.17	74.22	75.50	76.85	76.67	77.05	78.80	75.47	76.33	77.94	1.81670760573	25
14020	14020	91662	91662	75.53	76.42	78.12	74.25	75.38	76.78	76.70	77.08	78.85	75.49	76.29	77.92	1.81844920685	25
14045	14045	91637	91637	75.50	76.25	78.05	74.33	75.38	76.70	76.72	77.12	78.85	75.52	76.25	77.87	1.81412450038	25
14070	14070	91612	91612	75.45	76.35	77.95	74.25	75.38	76.70	76.83	77.03	79.00	75.51	76.25	77.88	1.81575925431	25
14095	14095	91587	91587	75.62	76.35	77.97	74.50	75.22	76.62	76.85	76.92	78.95	75.66	76.17	77.85	1.81532145003	25
14120	14120	91562	91562	75.58	76.22	77.97	74.35	75.12	76.55	76.90	76.80	78.78	75.61	76.05	77.77	1.81953580661	25
14145	14145	91537	91537	75.28	76.08	78.00	74.40	75.00	76.40	76.90	76.80	78.70	75.53	75.96	77.70	1.82056322208	25
14170	14170	91512	91512	75.30	76.05	77.92	74.28	74.97	76.22	76.72	76.83	78.62	75.43	75.95	77.59	1.81844934638	25
14195	14195	91487	91487	75.15	76.00	77.88	74.30	74.90	76.33	76.67	76.83	78.47	75.38	75.91	77.56	1.82093670446	25
14220	14220	91462	91462	75.25	76.12	77.88	74.22	74.83	76.28	76.65	76.92	78.55	75.38	75.96	77.57	1.81972775149	25
14245	14245	91437	91437	75.17	76.17	77.72	74.35	74.75	76.15	76.70	76.97	78.60	75.41	75.97	77.49	1.81920327145	25
14270	14270	91412	91412	75.22	76.17	77.62	74.35	74.65	76.25	76.67	77.08	78.55	75.42	75.97	77.47	1.81944522818	25
14295	14295	91387	91387	75.00	76.08	77.70	74.25	74.70	76.35	76.60	77.12	78.50	75.28	75.97	77.52	1.81992190616	25
14320	14320	91362	91362	75.08	75.90	77.58	74.22	74.75	76.25	76.55	77.03	78.55	75.28	75.89	77.46	1.8182846018	25
14345	14345	91337	91337	74.88	75.83	77.28	74.20	74.78	76.25	76.58	77.00	78.67	75.22	75.87	77.40	1.81916121994	25
14370	14370	91312	91312	74.97	75.80	77.42	74.08	74.92	76.22	76.50	77.12	78.65	75.18	75.95	77.43	1.81824608847	25
14395	14395	91287	91287	74.85	75.85	77.40	73.97	74.75	76.10	76.65	76.95	78.67	75.16	75.85	77.39	1.8179008722	25
14420	14420	91262	91262	74.90	75.78	77.22	74.08	74.90	76.17	76.62	76.85	78.58	75.20	75.84	77.33	1.81939674854	25
14445	14445	91237	91237	74.85	75.85	77.38	74.08	74.83	76.03	76.67	76.80	78.53	75.20	75.83	77.31	1.82002388389	25
14470	14470	91212	91212	74.92	75.78	77.30	74.10	74.85	75.92	76.62	76.78	78.45	75.22	75.80	77.22	1.81906665038	25
14495	14495	91187	91187	75.00	75.80	77.35	73.97	74.75	75.88	76.62	76.55	78.40	75.20	75.70	77.21	1.82123648969	25
14520	14520	91162	91162	74.95	75.85	77.30	74.12	74.83	76.00	76.70	76.55	78.42	75.26	75.74	77.24	1.82119473449	25
14545	14545	91137	91137	74.95	75.85	77.30	74.00	74.80	75.95	76.55	76.62	78.40	75.17	75.76	77.22	1.82069921726	25
14570	14570	91112	91112	74.78	75.92	77.28	74.00	74.85	75.95	76.70	76.55	78.42	75.16	75.78	77.22	1.81847950043	25
14595	14595	91087	91087	74.80	75.95	77.38	74.00	74.80	76.03	76.60	76.67	78.42	75.13	75.81	77.28	1.81535154734	25
14620	14620	91062	91062	74.67	75.83	77.25	74.00	74.72	75.97	76.62	76.65	78.38	75.10	75.73	77.20	1.81689089867	25
14645	14645	91037	91037	74.53	75.80	77.20	73.88	74.75	75.78	76.58	76.58	78.25	74.99	75.71	77.08	1.81897431069	25
14670	14670	91012	91012	74.58	75.67	77.15	74.00	74.75	75.70	76.58	76.62	78.28	75.05	75.68	77.04	1.81673132119	25
14695	14695	90987	90987	74.47	75.78	77.15	73.88	74.80	75.65	76.42	76.50	78.25	74.92	75.69	77.02	1.81615895083	25
14720	14720	90962	90962	74.50	75.70	77.08	73.88	74.60	75.58	76.42	76.40	78.10	74.93	75.57	76.92	1.81475489689	25
14745	14745	90937	90937	74.47	75.70	76.83	73.90	74.53	75.55	76.40	76.38	78.20	74.92	75.53	76.86	1.81245839577	25
14770	14770	90912	90912	74.40	75.70	76.75	73.83	74.62	75.42	76.42	76.35	78.03	74.88	75.56	76.73	1.81449204737	25
14795	14795	90887	90887	74.40	75.67	76.75	73.83	74.53	75.45	76.40	76.22	78.08	74.88	75.47	76.76	1.81583622332	25
14820	14820	90862	90862	74.25	75.65	76.67	73.75	74.60	75.50	76.25	76.28	77.97	74.75	75.51	76.72	1.81267817095	25
14845	14845	90837	90837	74.35	75.62	76.67	73.88	74.30	75.40	76.17	76.17	78.03	74.80	75.37	76.70	1.81272763603	25
14870	14870	90812	90812	74.28	75.55	76.67	73.75	74.40	75.17	76.15	76.12	78.00	74.72	75.36	76.62	1.81586158143	25
14895	14895	90787	90787	74.22	75.28	76.50	73.70	74.35	75.10	76.12	76.15	77.85	74.68	75.26	76.48	1.81506953352	25
14920	14920	90762	90762	74.08	75.25	76.38	73.70	74.25	75.08	75.92	75.85	77.88	74.57	75.12	76.44	1.81338215535	25
14945	14945	90737	90737	74.10	75.15	76.38	73.65	74.22	75.05	75.92	75.83	77.88	74.56	75.07	76.43	1.81348032526	25
14970	14970	90712	90712	74.03	75.28	76.22	73.50	74.15	75.05	75.90	75.75	77.75	74.47	75.06	76.34	1.81285605597	25
14995	14995	90687	90687	74.05	75.08	76.25	73.40	74.10	74.95	75.90	75.88	77.75	74.45	75.02	76.32	1.81337748777	25
15020	15020	90662	90662	74.08	74.90	76.15	73.50	73.88	74.97	75.83	75.80	77.70	74.47	74.86	76.28	1.81623431422	25
15045	15045	90637	90637	74.20	74.83	76.03	73.55	73.88	74.95	75.70	75.83	77.67	74.48	74.84	76.22	1.81521134179	25
15070	15070	90612	90612	74.00	74.65	75.95	73.53	73.83	74.97	75.60	75.80	77.53	74.38	74.76	76.15	1.81741238877	25
15095	15095	90587	90587	73.92	74.78	75.92	73.62	73.83	74.85	75.67	75.75	77.50	74.41	74.78	76.09	1.81630663081	25
15120	15120	90562	90562	73.90	74.78	75.72	73.53	73.72	74.83	75.58	75.55	77.35	74.33	74.68	75.97	1.81830925594	25
15145	15145	90537	90537	73.75	74.78	75.58	73.45	73.67	74.78	75.55	75.55	77.33	74.25	74.67	75.89	1.81717851532	25
15170	15170	90512	90512	73.60	74.78	75.62	73.50	73.72	74.83	75.65	75.78	77.25	74.25	74.76	75.90	1.81682254771	25
15195	15195	90487	90487	73.55	74.70	75.50	73.45	73.70	74.78	75.58	75.65	77.10	74.19	74.68	75.79	1.81648330561	25
15220	15220	90462	90462	73.58	74.53	75.53	73.33	73.62	74.80	75.40	75.50	77.08	74.10	74.55	75.80	1.81963580064	25
15245	15245	90437	90437	73.62	74.58	75.42	73.15	73.53	74.70	75.30	75.35	77.15	74.03	74.48	75.76	1.81952474306	25
15270	15270	90412	90412	73.65	74.47	75.42	73.03	73.55	74.67	75.12	75.38	77.08	73.93	74.47	75.72	1.81696321797	25
15295	15295	90387	90387	73.50	74.65	75.42	72.92	73.47	74.60	75.08	75.40	77.10	73.83	74.51	75.71	1.81749485139	25
15320	15320	90362	90362	73.50	74.45	75.45	72.78	73.47	74.50	75.20	75.33	77.00	73.83	74.42	75.65	1.81729294711	25
15345	15345	90337	90337	73.62	74.38	75.50	72.70	73.35	74.47	75.33	75.28	76.95	73.88	74.33	75.64	1.81794771128	25
15370	15370	90312	90312	73.58	74.25	75.35	72.60	73.30	74.42	75.10	75.25	76.92	73.76	74.27	75.57	1.81628321173	25
15395	15395	90287	90287	73.55	74.15	75.28	72.67	73.35	74.38	74.97	75.25	76.90	73.73	74.25	75.52	1.81552784435	25
15420	15420	90262	90262	73.53	74.05	75.25	72.50	73.38	74.40	74.92	75.10	76.88	73.65	74.17	75.51	1.8135921713	25
15445	15445	90237	90237	73.35	74.12	75.17	72.35	73.22	74.38	74.67	75.15	76.88	73.46	74.17	75.47	1.81431483219	25
15470	15470	90212	90212	73.28	74.12	75.12	72.40	73.15	74.45	74.88	75.28	76.83	73.52	74.18	75.47	1.81283828879	25
15495	15495	90187	90187	73.30	74.03	75.17	72.25	73.15	74.33	74.85	75.15	76.80	73.47	74.11	75.43	1.81283470577	25
15520	15520	90162	90162	73.25	74.10	74.95	72.17	73.12	74.20	74.72	75.12	76.80	73.38	74.12	75.32	1.81346041593	25
15545	15545	90137	90137	73.20	74.17	74.90	72.12	73.03	74.20	74.78	75.12	76.80	73.37	74.11	75.30	1.81749460931	25
15570	15570	90112	90112	73.28	74.17	74.83	72.10	73.00	74.20	74.47	75.08	76.75	73.28	74.08	75.26	1.81759364172	25
15595	15595	90087	90087	73.30	74.05	74.75	72.17	72.95	74.28	74.47	74.88	76.83	73.32	73.96	75.28	1.81549123642	25
15620	15620	90062	90062	73.28	74.03	74.70	72.22	72.90	74.22	74.40	74.67	76.70	73.30	73.87	75.21	1.81524959111	25
15645	15645	90037	90037	73.15	73.95	74.50	72.08	72.97	74.15	74.38	74.78	76.70	73.20	73.90	75.12	1.81604974727	25
15670	15670	90012	90012	73.15	73.83	74.47	72.03	72.90	74.15	74.25	74.80	76.55	73.14	73.84	75.06	1.81397605366	25
15695	15695	89987	89987	73.17	73.70	74.42	72.15	72.85	74.15	74.30	74.72	76.42	73.21	73.76	75.00	1.81391062724	25
15720	15720	89962	89962	73.10	73.65	74.20	72.08	72.78	74.12	74.25	74.53	76.45	73.14	73.65	74.92	1.81428633704	25
15745	15745	89937	89937	73.08	73.60	74.15	72.12	72.65	74.00	74.28	74.47	76.35	73.16	73.58	74.83	1.8145216328	25
15770	15770	89912	89912	73.08	73.62	74.22	72.00	72.55	73.92	74.17	74.47	76.38	73.08	73.55	74.84	1.81391231613	25
15795	15795	89887	89887	73.10	73.47	74.25	71.95	72.45	73.78	74.20	74.38	76.20	73.08	73.43	74.74	1.81661232856	25
15820	15820	89862	89862	73.10	73.50	74.33	71.92	72.47	73.78	74.17	74.47	76.25	73.07	73.48	74.78	1.81692781952	25
15845	15845	89837	89837	72.97	73.53	74.35	71.88	72.38	73.70	74.28	74.38	76.28	73.04	73.42	74.78	1.81945504005	25
15870	15870	89812	89812	72.95	73.53	74.12	71.88	72.22	73.60	74.20	74.22	76.20	73.01	73.33	74.64	1.81742194467	25
15895	15895	89787	89787	72.85	73.55	74.00	71.88	72.12	73.45	74.08	74.30	76.17	72.93	73.33	74.54	1.81859486681	25
15920	15920	89762	89762	72.90	73.42	74.08	71.75	72.00	73.42	74.12	74.25	76.10	72.92	73.22	74.53	1.81824612599	25
15945	15945	89737	89737	72.80	73.38	74.00	71.62	71.95	73.38	74.05	74.28	76.05	72.83	73.20	74.47	1.8189972372	25
15970	15970	89712	89712	72.75	73.40	74.00	71.67	72.00	73.33	74.22	74.25	75.97	72.88	73.22	74.43	1.8187102392	25
15995	15995	89687	89687	72.67	73.40	73.90	71.65	72.05	73.20	74.12	74.00	76.00	72.82	73.15	74.37	1.8176617705	25
16020	16020	89662	89662	72.70	73.40	73.92	71.67	72.05	73.20	74.20	74.17	75.88	72.86	73.21	74.33	1.81946550794	25
16045	16045	89637	89637	72.67	73.47	73.88	71.65	71.90	73.22	74.08	74.22	75.90	72.80	73.20	74.33	1.81871650311	25
16070	16070	89612	89612	72.53	73.53	73.70	71.50	71.80	73.22	74.05	74.20	75.75	72.69	73.17	74.22	1.81983172172	25
16095	16095	89587	89587	72.58	73.47	73.62	71.53	71.80	73.12	74.03	74.05	75.78	72.71	73.11	74.17	1.82162235533	25
16120	16120	89562	89562	72.55	73.28	73.62	71.53	71.72	73.25	73.92	74.15	75.78	72.67	73.05	74.22	1.82147496674	25
16145	16145	89537	89537	72.45	73.40	73.58	71.38	71.67	73.15	73.75	74.05	75.67	72.53	73.04	74.13	1.82081716558	25
16170	16170	89512	89512	72.38	73.28	73.58	71.35	71.67	73.10	73.80	74.05	75.65	72.51	73.00	74.11	1.8202911666	25
16195	16195	89487	89487	72.42	73.10	73.62	71.40	71.55	73.00	73.88	73.80	75.40	72.57	72.82	74.01	1.81958472963	25
16220	16220	89462	89462	72.33	72.92	73.55	71.35	71.45	72.88	73.78	73.75	75.35	72.48	72.71	73.92	1.81871677057	25
16245	16245	89437	89437	72.22	72.75	73.58	71.38	71.50	72.88	73.78	73.70	75.30	72.46	72.65	73.92	1.81839783612	25
16270	16270	89412	89412	72.35	72.70	73.50	71.25	71.47	72.85	73.53	73.65	75.22	72.38	72.61	73.86	1.81747254494	25
16295	16295	89387	89387	72.20	72.70	73.55	71.33	71.35	72.72	73.53	73.55	75.08	72.35	72.53	73.78	1.81923937307	25
16320	16320	89362	89362	72.22	72.60	73.42	71.33	71.38	72.62	73.45	73.53	75.05	72.33	72.50	73.70	1.81730902429	25
16345	16345	89337	89337	72.17	72.50	73.38	71.17	71.28	72.70	73.45	73.45	75.08	72.27	72.41	73.72	1.81833052878	25
16370	16370	89312	89312	72.08	72.47	73.38	71.25	71.10	72.58	73.58	73.55	75.00	72.30	72.38	73.65	1.81851652633	25
16395	16395	89287	89287	72.12	72.47	73.33	71.12	71.12	72.62	73.55	73.60	75.08	72.27	72.40	73.67	1.82265723177	25
16420	16420	89262	89262	72.03	72.17	73.30	71.12	71.10	72.50	73.50	73.55	75.08	72.22	72.28	73.62	1.8219904803	25
16445	16445	89237	89237	72.00	72.10	73.40	71.15	71.20	72.50	73.50	73.62	75.10	72.22	72.31	73.67	1.82157418676	25
16470	16470	89212	89212	72.03	72.10	73.30	71.25	71.08	72.42	73.58	73.65	75.00	72.28	72.28	73.58	1.82074955489	25
16495	16495	89187	89187	72.05	72.00	73.25	71.25	70.95	72.42	73.55	73.62	74.92	72.28	72.19	73.53	1.82086278309	25
16520	16520	89162	89162	72.05	72.10	73.28	71.28	70.95	72.33	73.45	73.58	75.05	72.26	72.21	73.55	1.8218071169	25
16545	16545	89137	89137	72.08	72.05	73.30	71.20	71.05	72.40	73.45	73.58	75.08	72.24	72.22	73.59	1.82257482952	25
16570	16570	89112	89112	72.00	72.05	73.30	71.22	70.97	72.38	73.42	73.47	75.05	72.22	72.17	73.58	1.82205413896	25
16595	16595	89087	89087	71.85	72.00	73.22	71.17	70.95	72.38	73.33	73.50	74.97	72.12	72.15	73.53	1.82269583116	25
16620	16620	89062	89062	71.83	72.12	73.17	71.03	70.85	72.38	73.20	73.50	74.88	72.02	72.16	73.47	1.82361324607	25
16645	16645	89037	89037	71.83	72.15	73.17	71.00	70.88	72.42	73.25	73.45	74.75	72.03	72.16	73.45	1.82162652249	25
16670	16670	89012	89012	71.85	72.08	73.12	70.85	70.88	72.42	73.30	73.53	74.70	72.00	72.16	73.42	1.82258515403	25
16695	16695	88987	88987	71.80	71.95	73.05	70.85	70.90	72.38	73.33	73.53	74.80	71.99	72.12	73.41	1.82332366992	25
16720	16720	88962	88962	71.88	71.85	73.22	70.70	70.75	72.35	73.17	73.47	74.67	71.92	72.03	73.42	1.82434206426	25
16745	16745	88937	88937	71.78	71.85	73.12	70.67	70.80	72.25	73.10	73.45	74.60	71.85	72.03	73.33	1.82381006862	25
16770	16770	88912	88912	71.78	71.83	73.15	70.60	70.70	72.17	73.05	73.35	74.58	71.81	71.96	73.30	1.82441380754	25
16795	16795	88887	88887	71.83	71.85	73.10	70.67	70.60	72.12	72.95	73.22	74.55	71.82	71.89	73.26	1.82456939939	25
16820	16820	88862	88862	71.72	71.75	73.03	70.58	70.55	72.15	72.80	73.22	74.62	71.70	71.84	73.27	1.82531342299	25
16845	16845	88837	88837	71.62	71.85	73.03	70.58	70.53	72.17	72.75	73.10	74.53	71.65	71.83	73.24	1.8263727727	25
16870	16870	88812	88812	71.45	71.97	72.90	70.50	70.53	72.10	72.72	73.08	74.40	71.56	71.86	73.13	1.82543886115	25
16895	16895	88787	88787	71.53	71.78	72.78	70.55	70.58	72.10	72.67	73.03	74.40	71.58	71.79	73.09	1.82480221216	25
16920	16920	88762	88762	71.40	71.85	72.62	70.58	70.42	72.00	72.62	73.03	74.33	71.53	71.77	72.98	1.82452742171	25
16945	16945	88737	88737	71.35	71.72	72.50	70.62	70.35	72.03	72.62	72.90	74.22	71.53	71.66	72.92	1.82386975546	25
16970	16970	88712	88712	71.20	71.75	72.42	70.67	70.33	71.75	72.45	72.95	74.12	71.44	71.67	72.77	1.82382625954	25
16995	16995	88687	88687	70.95	71.55	72.33	70.65	70.25	71.72	72.53	72.92	74.00	71.38	71.58	72.68	1.82529384368	25
17020	17020	88662	88662	70.88	71.47	72.33	70.62	70.20	71.70	72.40	72.88	73.88	71.30	71.52	72.63	1.82608496337	25
17045	17045	88637	88637	70.88	71.47	72.38	70.50	70.22	71.72	72.35	72.78	73.83	71.24	71.49	72.64	1.82695286995	25
17070	17070	88612	88612	70.83	71.47	72.30	70.47	70.28	71.65	72.42	72.80	73.75	71.24	71.52	72.57	1.82534294773	25
17095	17095	88587	88587	70.75	71.42	72.20	70.53	70.10	71.65	72.40	72.67	73.75	71.22	71.40	72.53	1.82316646178	25
17120	17120	88562	88562	70.72	71.42	72.10	70.58	70.00	71.55	72.40	72.62	73.75	71.23	71.35	72.47	1.82265416951	25
17145	17145	88537	88537	70.72	71.35	72.03	70.55	69.92	71.58	72.35	72.60	73.70	71.21	71.29	72.43	1.82304114725	25
17170	17170	88512	88512	70.70	71.20	71.97	70.30	69.90	71.50	72.20	72.55	73.62	71.07	71.22	72.37	1.82351046813	25
17195	17195	88487	88487	70.67	71.15	71.80	70.12	69.80	71.40	72.10	72.58	73.58	70.97	71.17	72.26	1.82424874523	25
17220	17220	88462	88462	70.58	71.15	71.83	70.08	69.80	71.47	72.03	72.65	73.45	70.89	71.20	72.25	1.82496666003	25
17245	17245	88437	88437	70.55	71.20	71.88	70.03	69.80	71.47	72.05	72.62	73.40	70.88	71.21	72.25	1.82530467432	25
17270	17270	88412	88412	70.62	71.03	71.85	70.10	69.70	71.38	71.88	72.47	73.42	70.87	71.07	72.22	1.82555733132	25
17295	17295	88387	88387	70.45	71.05	71.70	70.15	69.62	71.40	71.78	72.53	73.42	70.79	71.07	72.17	1.82609468642	25
17320	17320	88362	88362	70.58	70.90	71.55	70.08	69.62	71.10	71.78	72.40	73.47	70.81	70.97	72.04	1.8266514065	25
17345	17345	88337	88337	70.50	70.83	71.55	70.00	69.60	71.15	71.78	72.25	73.47	70.76	70.89	72.06	1.82681151822	25
17370	17370	88312	88312	70.50	70.80	71.45	70.08	69.60	70.97	71.80	72.30	73.50	70.79	70.90	71.97	1.82632718668	25
17395	17395	88287	88287	70.42	70.70	71.58	70.08	69.50	71.05	71.65	72.22	73.45	70.72	70.81	72.03	1.82657286955	25
17420	17420	88262	88262	70.30	70.72	71.45	70.10	69.47	71.08	71.75	72.25	73.40	70.72	70.82	71.97	1.82684158933	25
17445	17445	88237	88237	70.20	70.67	71.42	70.08	69.42	70.85	71.60	72.22	73.30	70.62	70.78	71.86	1.82842802216	25
17470	17470	88212	88212	70.22	70.53	71.33	70.12	69.38	70.83	71.47	72.28	73.33	70.61	70.72	71.83	1.82981139726	25
17495	17495	88187	88187	70.15	70.55	71.25	70.12	69.40	70.80	71.53	72.25	73.38	70.60	70.73	71.81	1.82952136555	25
17520	17520	88162	88162	70.20	70.30	71.30	70.12	69.20	70.83	71.47	72.15	73.38	70.60	70.55	71.83	1.82909363213	25
17545	17545	88137	88137	70.25	70.20	71.28	70.10	69.22	70.67	71.58	72.15	73.28	70.64	70.53	71.74	1.82873346282	25
17570	17570	88112	88112	70.22	70.25	71.22	70.05	69.22	70.67	71.58	72.10	73.25	70.62	70.53	71.72	1.82816768583	25
17595	17595	88087	88087	70.15	70.22	71.17	70.03	69.10	70.62	71.58	72.17	73.20	70.58	70.50	71.67	1.8282626455	25
17620	17620	88062	88062	70.03	70.08	71.00	69.92	69.03	70.60	71.33	72.08	73.20	70.42	70.39	71.60	1.82837790496	25
17645	17645	88037	88037	69.90	70.28	71.03	69.85	69.17	70.55	71.42	72.12	73.20	70.39	70.53	71.59	1.82628736441	25
17670	17670	88012	88012	69.88	70.17	71.03	69.92	68.97	70.53	71.42	72.00	73.05	70.41	70.38	71.53	1.82683856029	25
17695	17695	87987	87987	69.85	70.05	70.90	69.90	68.85	70.40	71.42	72.05	73.00	70.39	70.32	71.43	1.82787500233	25
17720	17720	87962	87962	69.90	69.92	70.78	69.72	68.90	70.35	71.35	72.03	72.88	70.33	70.28	71.33	1.8284166682	25
17745	17745	87937	87937	69.80	69.85	70.70	69.65	68.88	70.20	71.33	71.92	72.83	70.26	70.22	71.24	1.82814739239	25
17770	17770	87912	87912	69.80	69.97	70.78	69.67	68.85	70.25	71.33	71.80	72.83	70.27	70.21	71.28	1.83112141801	25
17795	17795	87887	87887	69.62	70.03	70.70	69.75	68.88	70.30	71.25	71.88	72.78	70.21	70.26	71.26	1.8278937659	25
17820	17820	87862	87862	69.65	70.03	70.75	69.67	68.80	70.20	71.35	71.85	72.70	70.22	70.22	71.22	1.82879964274	25
17845	17845	87837	87837	69.67	69.97	70.67	69.65	68.72	70.05	71.12	71.67	72.62	70.15	70.12	71.12	1.82906572798	25
17870	17870	87812	87812	69.67	69.83	70.67	69.53	68.65	69.78	71.08	71.62	72.55	70.09	70.03	71.00	1.82749566955	25
17895	17895	87787	87787	69.50	69.92	70.60	69.45	68.62	69.88	70.97	71.67	72.45	69.97	70.08	70.97	1.82781324249	25
17920	17920	87762	87762	69.45	69.80	70.60	69.45	68.55	69.72	70.92	71.55	72.40	69.94	69.97	70.91	1.82815667004	25
17945	17945	87737	87737	69.50	69.75	70.53	69.40	68.47	69.65	70.85	71.50	72.40	69.92	69.91	70.86	1.82905103285	25
17970	17970	87712	87712	69.50	69.80	70.55	69.45	68.42	69.65	70.80	71.38	72.30	69.92	69.87	70.83	1.82946340562	25
17995	17995	87687	87687	69.28	69.85	70.40	69.33	68.42	69.62	70.75	71.30	72.17	69.78	69.86	70.73	1.82844304271	25
18020	18020	87662	87662	69.15	69.88	70.25	69.20	68.45	69.58	70.72	71.30	72.17	69.69	69.88	70.67	1.82934752923	25
18045	18045	87637	87637	69.15	69.65	70.15	69.08	68.42	69.45	70.62	71.12	72.12	69.62	69.73	70.58	1.82856376291	25
18070	18070	87612	87612	69.22	69.55	70.05	69.05	68.50	69.33	70.60	71.20	71.83	69.62	69.75	70.40	1.82901828144	25
18095	18095	87587	87587	69.10	69.38	69.95	69.05	68.35	69.33	70.45	71.17	71.70	69.53	69.63	70.33	1.82852013922	25
18120	18120	87562	87562	69.15	69.22	70.00	68.97	68.30	69.30	70.53	71.05	71.55	69.55	69.53	70.28	1.83045896354	25
18145	18145	87537	87537	69.08	69.22	69.85	68.83	68.22	69.15	70.60	71.08	71.42	69.50	69.51	70.14	1.8304011936	25
18170	18170	87512	87512	69.05	69.22	69.83	68.72	68.30	69.05	70.42	70.97	71.33	69.40	69.50	70.07	1.83095416341	25
18195	18195	87487	87487	69.10	69.15	69.83	68.67	68.33	68.90	70.28	70.85	71.20	69.35	69.44	69.97	1.83299272268	25
18220	18220	87462	87462	69.00	69.17	69.78	68.53	68.12	68.88	70.38	70.85	71.15	69.30	69.38	69.93	1.83165558316	25
18245	18245	87437	87437	69.00	69.12	69.75	68.60	68.08	68.80	70.38	70.95	71.10	69.33	69.38	69.88	1.83066428459	25
18270	18270	87412	87412	68.92	69.15	69.70	68.58	68.12	68.83	70.33	70.92	71.10	69.28	69.40	69.88	1.83175168279	25
18295	18295	87387	87387	68.88	69.08	69.65	68.55	68.15	68.67	70.28	70.83	71.00	69.23	69.35	69.78	1.83286872038	25
18320	18320	87362	87362	68.90	69.12	69.58	68.35	68.15	68.58	70.20	70.78	71.08	69.15	69.35	69.74	1.83398481104	25
18345	18345	87337	87337	68.83	69.12	69.55	68.30	68.12	68.58	70.17	70.90	71.08	69.10	69.38	69.73	1.8331698085	25
18370	18370	87312	87312	68.75	69.15	69.50	68.30	68.10	68.53	70.05	70.83	70.90	69.03	69.36	69.64	1.83394742176	25
18395	18395	87287	87287	68.78	69.15	69.50	68.22	68.10	68.53	70.05	70.83	70.88	69.02	69.36	69.63	1.83430371117	25
18420	18420	87262	87262	68.78	69.05	69.47	68.10	68.08	68.50	70.00	70.92	70.95	68.96	69.35	69.64	1.83325282108	25
18445	18445	87237	87237	68.80	69.10	69.40	68.17	68.05	68.42	69.88	70.85	70.88	68.95	69.33	69.57	1.83454220768	25
18470	18470	87212	87212	68.80	69.08	69.47	68.28	68.08	68.38	69.85	70.85	70.90	68.97	69.33	69.58	1.83549323716	25
18495	18495	87187	87187	68.70	68.92	69.38	68.15	67.97	68.25	69.70	70.72	70.80	68.85	69.21	69.47	1.83507521065	25
18520	18520	87162	87162	68.70	68.95	69.38	68.10	67.88	68.20	69.67	70.75	70.70	68.83	69.19	69.42	1.83425527767	25
18545	18545	87137	87137	68.58	68.95	69.30	68.05	67.83	68.15	69.62	70.72	70.62	68.75	69.17	69.36	1.83517817161	25
18570	18570	87112	87112	68.45	68.85	69.28	68.08	67.75	68.20	69.62	70.78	70.50	68.72	69.12	69.33	1.8342740354	25
18595	18595	87087	87087	68.42	68.90	69.22	68.03	67.67	68.20	69.60	70.75	70.40	68.68	69.11	69.28	1.83419186803	25
18620	18620	87062	87062	68.42	68.67	69.17	67.97	67.65	68.12	69.58	70.75	70.47	68.66	69.03	69.26	1.83532799934	25
18645	18645	87037	87037	68.35	68.55	69.12	67.95	67.60	68.12	69.55	70.60	70.38	68.62	68.92	69.21	1.83479410072	25
18670	18670	87012	87012	68.28	68.62	69.10	67.88	67.65	68.05	69.45	70.55	70.38	68.53	68.94	69.17	1.83589732217	25
18695	18695	86987	86987	68.08	68.50	69.05	67.92	67.67	68.05	69.53	70.45	70.28	68.51	68.88	69.12	1.83728147706	25
18720	18720	86962	86962	68.03	68.33	68.97	67.92	67.67	68.03	69.45	70.35	70.30	68.47	68.78	69.10	1.8356486948	25
18745	18745	86937	86937	67.97	68.28	69.05	67.90	67.70	67.95	69.35	70.30	70.20	68.41	68.76	69.07	1.83527669986	25
18770	18770	86912	86912	67.95	68.38	68.92	67.88	67.78	67.92	69.33	70.30	70.28	68.38	68.82	69.04	1.83538964005	25
18795	18795	86887	86887	67.92	68.35	68.95	67.83	67.72	67.90	69.35	70.22	70.20	68.37	68.77	69.02	1.83527851306	25
18820	18820	86862	86862	67.83	68.30	68.85	67.85	67.70	67.85	69.28	70.15	70.15	68.32	68.72	68.95	1.83562656467	25
18845	18845	86837	86837	67.78	68.22	68.80	67.80	67.62	67.90	69.35	70.05	70.15	68.31	68.63	68.95	1.83657475502	25
18870	18870	86812	86812	67.78	68.20	68.72	67.78	67.55	67.80	69.33	70.08	70.15	68.29	68.61	68.89	1.83462921315	25
18895	18895	86787	86787	67.75	68.25	68.70	67.58	67.42	67.78	69.35	70.05	70.12	68.22	68.58	68.87	1.83312154851	25
18920	18920	86762	86762	67.58	68.20	68.55	67.53	67.30	67.70	69.28	69.90	70.17	68.12	68.47	68.81	1.83459005409	25
18945	18945	86737	86737	67.53	68.28	68.42	67.47	67.42	67.60	69.22	69.80	70.17	68.08	68.50	68.73	1.83592323985	25
18970	18970	86712	86712	67.42	68.22	68.40	67.35	67.25	67.45	69.20	69.75	70.03	67.99	68.41	68.62	1.83579031856	25
18995	18995	86687	86687	67.40	68.17	68.42	67.38	67.33	67.53	69.12	69.72	69.90	67.97	68.41	68.62	1.83583207606	25
19020	19020	86662	86662	67.30	68.15	68.40	67.30	67.28	67.47	68.97	69.65	69.88	67.86	68.36	68.58	1.83665935102	25
19045	19045	86637	86637	67.22	68.12	68.35	67.15	67.33	67.45	68.88	69.67	69.83	67.75	68.38	68.54	1.83584926048	25
19070	19070	86612	86612	67.12	68.12	68.33	67.08	67.20	67.45	68.88	69.53	69.80	67.69	68.28	68.53	1.83537284678	25
19095	19095	86587	86587	67.25	68.12	68.30	66.95	67.20	67.38	68.92	69.58	69.78	67.71	68.30	68.48	1.83559413759	25
19120	19120	86562	86562	67.20	68.03	68.20	66.97	67.20	67.33	68.92	69.58	69.80	67.70	68.27	68.44	1.83512877709	25
19145	19145	86537	86537	67.05	68.05	68.25	66.95	67.17	67.17	68.85	69.47	69.55	67.62	68.23	68.33	1.83668312873	25
19170	19170	86512	86512	67.03	68.03	68.15	66.90	67.28	67.25	68.85	69.50	69.50	67.59	68.27	68.30	1.8370452119	25
19195	19195	86487	86487	66.92	68.00	68.03	66.83	67.15	67.05	68.78	69.45	69.47	67.51	68.20	68.18	1.83873929163	25
19220	19220	86462	86462	66.90	68.00	67.90	66.72	67.03	67.05	68.80	69.45	69.47	67.47	68.16	68.14	1.83715357895	25
19245	19245	86437	86437	66.80	67.78	67.85	66.85	67.00	66.95	68.70	69.42	69.38	67.45	68.07	68.06	1.83784328295	25
19270	19270	86412	86412	66.72	67.85	67.83	66.95	67.05	66.97	68.72	69.40	69.38	67.47	68.10	68.06	1.83709469135	25
19295	19295	86387	86387	66.67	67.67	67.75	66.80	66.92	66.80	68.58	69.35	69.35	67.35	67.98	67.97	1.83722176529	25
19320	19320	86362	86362	66.58	67.65	67.78	66.75	67.00	66.78	68.55	69.35	69.38	67.29	68.00	67.97	1.83815924893	25
19345	19345	86337	86337	66.47	67.62	67.70	66.70	67.05	66.78	68.42	69.35	69.38	67.20	68.01	67.95	1.83750121837	25
19370	19370	86312	86312	66.40	67.60	67.70	66.62	66.97	66.72	68.33	69.28	69.30	67.12	67.95	67.91	1.83838763776	25
19395	19395	86287	86287	66.53	67.50	67.65	66.58	66.97	66.65	68.33	69.30	69.28	67.14	67.92	67.86	1.83953428767	25
19420	19420	86262	86262	66.40	67.47	67.55	66.45	66.88	66.60	68.25	69.25	69.25	67.03	67.87	67.80	1.83988250805	25
19445	19445	86237	86237	66.33	67.55	67.50	66.22	66.90	66.58	68.12	69.28	69.28	66.89	67.91	67.78	1.84101216793	25
19470	19470	86212	86212	66.20	67.50	67.38	66.15	66.95	66.53	68.12	69.20	69.17	66.83	67.88	67.69	1.84125620653	25
19495	19495	86187	86187	66.12	67.42	67.42	66.05	66.88	66.47	68.03	69.15	69.15	66.73	67.82	67.68	1.8403920272	25
19520	19520	86162	86162	66.10	67.47	67.30	66.00	66.88	66.42	67.97	69.12	69.12	66.69	67.83	67.62	1.84098628017	25
19545	19545	86137	86137	65.95	67.45	67.25	66.10	66.88	66.38	67.92	69.15	69.00	66.66	67.83	67.54	1.84113442732	25
19570	19570	86112	86112	65.88	67.40	67.25	65.95	66.85	66.33	67.75	69.05	68.88	66.53	67.77	67.48	1.84109551809	25
19595	19595	86087	86087	65.90	67.38	67.25	65.92	66.80	66.35	67.75	69.08	68.85	66.53	67.75	67.48	1.84040452283	25
19620	19620	86062	86062	65.80	67.30	67.17	65.85	66.83	66.33	67.65	69.08	68.67	66.43	67.73	67.39	1.84116424826	25
19645	19645	86037	86037	65.78	67.22	67.12	65.78	66.80	66.20	67.70	69.08	68.62	66.42	67.70	67.32	1.84131196832	25
19670	19670	86012	86012	65.60	67.17	67.12	65.60	66.78	66.15	67.50	69.05	68.60	66.23	67.67	67.29	1.84212029387	25
19695	19695	85987	85987	65.62	67.10	67.05	65.55	66.80	66.05	67.58	68.97	68.62	66.25	67.62	67.24	1.8423359493	25
19720	19720	85962	85962	65.60	67.08	66.88	65.42	66.80	65.85	67.47	68.90	68.53	66.17	67.59	67.08	1.8451862719	25
19745	19745	85937	85937	65.58	67.08	66.80	65.42	66.78	65.88	67.45	68.83	68.53	66.15	67.56	67.07	1.84682713848	25
19770	19770	85912	85912	65.58	67.10	66.72	65.40	66.70	65.72	67.50	68.85	68.53	66.16	67.55	66.99	1.84573221478	25
19795	19795	85887	85887	65.60	67.15	66.70	65.40	66.67	65.75	67.45	68.70	68.50	66.15	67.51	66.98	1.84544233351	25
19820	19820	85862	85862	65.53	67.08	66.67	65.28	66.62	65.67	67.35	68.70	68.42	66.05	67.47	66.92	1.84492436355	25
19845	19845	85837	85837	65.47	67.05	66.62	65.33	66.62	65.65	67.28	68.65	68.33	66.03	67.44	66.87	1.84369811813	25
19870	19870	85812	85812	65.47	67.05	66.67	65.35	66.58	65.62	67.15	68.70	68.20	65.99	67.44	66.83	1.84528981115	25
19895	19895	85787	85787	65.58	66.95	66.67	65.20	66.58	65.47	67.10	68.72	68.17	65.96	67.42	66.78	1.84543983163	25
19920	19920	85762	85762	65.60	66.97	66.67	65.17	66.55	65.50	67.15	68.75	68.20	65.97	67.42	66.79	1.84560836536	25
19945	19945	85737	85737	65.50	67.05	66.67	65.30	66.62	65.42	67.03	68.72	68.12	65.94	67.47	66.74	1.84448671713	25
19970	19970	85712	85712	65.55	67.00	66.55	65.25	66.55	65.40	67.08	68.70	68.12	65.96	67.42	66.69	1.84464838766	25
19995	19995	85687	85687	65.45	66.83	66.50	65.05	66.58	65.38	67.00	68.55	68.15	65.83	67.32	66.67	1.84475705153	25
20020	20020	85662	85662	65.40	66.88	66.42	65.10	66.53	65.40	66.95	68.55	68.15	65.82	67.32	66.66	1.84464185658	25
20045	20045	85637	85637	65.35	66.95	66.38	64.97	66.47	65.38	67.00	68.45	68.08	65.78	67.29	66.61	1.84524937739	25
20070	20070	85612	85612	65.33	66.90	66.38	64.95	66.45	65.25	66.92	68.33	67.92	65.73	67.22	66.52	1.84610166794	25
20095	20095	85587	85587	65.25	66.90	66.35	65.03	66.55	65.25	66.95	68.38	67.85	65.74	67.28	66.48	1.84628185666	25
20120	20120	85562	85562	65.15	66.90	66.42	64.97	66.55	65.25	66.97	68.38	67.85	65.70	67.28	66.51	1.84668331326	25
20145	20145	85537	85537	65.17	66.75	66.38	64.95	66.50	65.25	67.00	68.25	67.80	65.71	67.17	66.47	1.84611118119	25
20170	20170	85512	85512	65.12	66.88	66.35	64.90	66.53	65.20	66.95	68.22	67.72	65.66	67.21	66.42	1.84517972806	25
20195	20195	85487	85487	65.20	66.78	66.35	64.88	66.55	65.28	66.78	68.25	67.65	65.62	67.19	66.42	1.84492302708	25
20220	20220	85462	85462	65.12	66.70	66.35	64.88	66.55	65.20	66.80	68.30	67.62	65.60	67.18	66.39	1.8451001953	25
20245	20245	85437	85437	65.15	66.70	66.30	64.97	66.55	65.22	66.75	68.22	67.55	65.62	67.16	66.36	1.84582425652	25
20270	20270	85412	85412	65.05	66.75	66.30	64.85	66.55	65.28	66.70	68.25	67.50	65.53	67.18	66.36	1.84636715751	25
20295	20295	85387	85387	65.03	66.60	66.30	64.85	66.35	65.20	66.62	68.15	67.42	65.50	67.03	66.31	1.84677114226	25
20320	20320	85362	85362	64.95	66.62	66.22	64.83	66.38	65.15	66.75	68.15	67.33	65.51	67.05	66.23	1.84810277029	25
20345	20345	85337	85337	64.85	66.55	66.17	64.88	66.33	65.15	66.62	68.17	67.33	65.45	67.02	66.22	1.84840589618	25
20370	20370	85312	85312	64.90	66.55	66.12	64.83	66.35	65.08	66.53	68.17	67.38	65.42	67.03	66.19	1.84709943699	25
20395	20395	85287	85287	64.88	66.55	66.08	64.72	66.28	65.03	66.60	68.20	67.28	65.40	67.01	66.12	1.84757729026	25
20420	20420	85262	85262	64.85	66.40	66.12	64.72	66.15	65.03	66.45	68.22	67.28	65.34	66.92	66.14	1.84750655033	25
20445	20445	85237	85237	64.88	66.42	66.17	64.72	66.22	65.05	66.38	68.25	67.25	65.33	66.97	66.16	1.84788525248	25
20470	20470	85212	85212	64.85	66.33	66.10	64.62	66.17	65.08	66.35	68.20	67.30	65.28	66.90	66.16	1.84907532177	25
20495	20495	85187	85187	64.78	66.28	66.03	64.58	66.17	65.05	66.22	68.20	67.25	65.19	66.88	66.11	1.84855760673	25
20520	20520	85162	85162	64.83	66.30	65.97	64.60	66.15	65.03	66.25	68.10	67.22	65.22	66.85	66.08	1.84747231842	25
20545	20545	85137	85137	64.83	66.35	65.90	64.55	66.10	65.00	66.28	68.03	67.20	65.22	66.83	66.03	1.84700131418	25
20570	20570	85112	85112	64.78	66.30	65.95	64.60	66.12	64.97	66.25	68.00	67.15	65.21	66.81	66.03	1.84696743515	25
20595	20595	85087	85087	64.70	66.28	65.92	64.62	66.05	64.97	66.22	67.92	67.08	65.18	66.75	65.99	1.84663685623	25
20620	20620	85062	85062	64.72	66.20	65.85	64.65	66.08	64.97	66.17	67.92	66.97	65.18	66.73	65.93	1.84779713227	25
20645	20645	85037	85037	64.70	66.28	65.83	64.70	66.03	64.97	66.22	67.95	67.05	65.21	66.75	65.95	1.84790645084	25
20670	20670	85012	85012	64.65	66.12	65.85	64.55	66.00	64.92	66.15	67.95	66.97	65.12	66.69	65.92	1.84755108681	25
20695	20695	84987	84987	64.67	66.12	65.83	64.53	66.00	64.92	66.25	67.85	66.88	65.15	66.66	65.88	1.84794256689	25
20720	20720	84962	84962	64.65	65.95	65.70	64.50	65.97	64.90	66.15	67.72	66.70	65.10	66.55	65.77	1.8488307202	25
20745	20745	84937	84937	64.65	66.00	65.65	64.40	65.95	65.00	66.15	67.75	66.67	65.07	66.57	65.78	1.84828203554	25
20770	20770	84912	84912	64.67	66.08	65.67	64.40	66.00	64.92	66.15	67.83	66.72	65.08	66.63	65.78	1.84823461108	25
20795	20795	84887	84887	64.55	65.97	65.62	64.45	65.95	64.88	66.17	67.75	66.65	65.06	66.56	65.72	1.84780380092	25
20820	20820	84862	84862	64.55	66.08	65.53	64.40	65.97	64.90	65.95	67.67	66.65	64.97	66.58	65.69	1.84867259826	25
20845	20845	84837	84837	64.50	65.92	65.55	64.35	65.95	64.85	65.90	67.67	66.60	64.92	66.52	65.67	1.84726021727	25
20870	20870	84812	84812	64.47	65.97	65.42	64.42	65.95	64.80	65.80	67.47	66.60	64.90	66.47	65.61	1.84830376847	25
20895	20895	84787	84787	64.42	65.90	65.45	64.35	66.03	64.78	65.80	67.47	66.47	64.86	66.47	65.57	1.84811338813	25
20920	20920	84762	84762	64.53	65.92	65.38	64.30	66.05	64.72	65.85	67.42	66.47	64.89	66.47	65.53	1.84799774705	25
20945	20945	84737	84737	64.53	65.88	65.38	64.17	65.78	64.80	65.90	67.35	66.50	64.87	66.33	65.56	1.84813685797	25
20970	20970	84712	84712	64.47	65.83	65.33	64.28	65.88	64.78	66.00	67.40	66.50	64.92	66.37	65.53	1.84830565466	25
20995	20995	84687	84687	64.42	65.85	65.35	64.17	65.80	64.78	65.97	67.35	66.50	64.86	66.33	65.54	1.84755159926	25
21020	21020	84662	84662	64.42	65.83	65.30	64.17	65.72	64.67	66.00	67.33	66.50	64.87	66.29	65.49	1.84778735912	25
21045	21045	84637	84637	64.38	65.83	65.22	64.22	65.72	64.67	65.90	67.25	66.47	64.83	66.27	65.46	1.84852509764	25
21070	21070	84612	84612	64.40	65.78	65.15	64.12	65.65	64.65	65.90	67.20	66.47	64.81	66.21	65.42	1.8481633951	25
21095	21095	84587	84587	64.42	65.78	65.20	64.12	65.72	64.60	65.88	67.17	66.50	64.81	66.22	65.43	1.84796047701	25
21120	21120	84562	84562	64.35	65.78	65.20	64.12	65.67	64.47	65.78	67.22	66.50	64.75	66.22	65.39	1.84834715972	25
21145	21145	84537	84537	64.35	65.70	65.15	64.08	65.62	64.47	65.75	67.25	66.40	64.72	66.19	65.34	1.84700225933	25
21170	21170	84512	84512	64.33	65.67	65.08	64.00	65.65	64.45	65.70	67.22	66.35	64.67	66.18	65.29	1.84774220095	25
21195	21195	84487	84487	64.28	65.62	65.05	63.95	65.55	64.45	65.70	67.05	66.40	64.64	66.08	65.30	1.84703962748	25
21220	21220	84462	84462	64.30	65.58	64.95	63.90	65.50	64.50	65.62	66.95	66.42	64.61	66.01	65.29	1.8476336216	25
21245	21245	84437	84437	64.25	65.60	64.90	63.90	65.47	64.35	65.70	66.92	66.40	64.62	66.00	65.22	1.84902104004	25
21270	21270	84412	84412	64.17	65.55	64.83	63.83	65.47	64.33	65.67	66.95	66.35	64.56	65.99	65.17	1.84927177337	25
21295	21295	84387	84387	64.25	65.55	64.78	63.80	65.42	64.38	65.70	66.88	66.35	64.58	65.95	65.17	1.84943853522	25
21320	21320	84362	84362	64.12	65.47	64.83	63.83	65.33	64.33	65.72	66.88	66.28	64.56	65.89	65.14	1.84981778961	25
21345	21345	84337	84337	64.15	65.42	64.80	63.80	65.28	64.33	65.72	66.92	66.15	64.56	65.88	65.09	1.84988458571	25
21370	21370	84312	84312	63.98	65.33	64.72	63.83	65.22	64.25	65.75	66.90	66.20	64.52	65.82	65.06	1.84917933352	25
21395	21395	84287	84287	64.00	65.30	64.65	63.85	65.15	64.33	65.65	66.88	66.22	64.50	65.78	65.07	1.84942206264	25
21420	21420	84262	84262	63.92	65.25	64.58	63.92	65.05	64.28	65.55	66.90	66.22	64.47	65.73	65.03	1.84926825041	25
21445	21445	84237	84237	64.03	65.25	64.55	63.83	65.08	64.33	65.60	66.88	66.15	64.48	65.73	65.01	1.84970979995	25
21470	21470	84212	84212	63.98	65.15	64.58	63.88	65.10	64.20	65.53	66.88	66.17	64.46	65.71	64.98	1.84932227782	25
21495	21495	84187	84187	63.95	65.17	64.60	63.83	65.17	64.12	65.60	66.90	66.12	64.46	65.75	64.95	1.84909524167	25
21520	21520	84162	84162	63.95	65.22	64.55	63.80	65.05	64.15	65.58	66.85	66.08	64.44	65.71	64.92	1.84966446302	25
21545	21545	84137	84137	63.92	65.22	64.50	63.77	65.08	64.08	65.35	66.85	66.08	64.35	65.72	64.88	1.84905014496	25
21570	21570	84112	84112	63.95	65.12	64.42	63.70	65.03	64.05	65.40	66.83	66.10	64.35	65.66	64.86	1.85031990943	25
21595	21595	84087	84087	63.92	65.17	64.38	63.75	65.00	64.00	65.47	66.75	66.05	64.38	65.64	64.81	1.85052026768	25
21620	21620	84062	84062	63.92	65.12	64.38	63.67	65.03	63.98	65.38	66.72	66.05	64.33	65.62	64.80	1.85066879202	25
21645	21645	84037	84037	63.90	65.10	64.33	63.67	64.97	64.00	65.35	66.67	66.05	64.31	65.58	64.79	1.85031985099	25
21670	21670	84012	84012	63.77	65.17	64.25	63.52	64.97	63.95	65.30	66.67	66.03	64.20	65.61	64.74	1.85043995483	25
21695	21695	83987	83987	63.80	65.12	64.30	63.40	64.95	63.88	65.22	66.67	66.00	64.14	65.58	64.72	1.85001095416	25
21720	21720	83962	83962	63.70	65.08	64.28	63.42	64.90	63.88	65.25	66.67	65.88	64.12	65.55	64.67	1.85078992971	25
21745	21745	83937	83937	63.60	65.08	64.28	63.48	64.88	63.88	65.22	66.62	65.97	64.10	65.53	64.71	1.85053562101	25
21770	21770	83912	83912	63.55	65.05	64.22	63.42	64.72	63.85	65.28	66.60	65.90	64.08	65.46	64.66	1.8514937528	25
21795	21795	83887	83887	63.60	64.97	64.20	63.40	64.78	63.80	65.25	66.60	65.97	64.08	65.45	64.66	1.8509473133	25
21820	21820	83862	83862	63.50	64.97	64.25	63.42	64.78	63.77	65.25	66.55	65.95	64.06	65.43	64.66	1.85076758791	25
21845	21845	83837	83837	63.48	65.08	64.17	63.42	64.75	63.90	65.25	66.55	65.95	64.05	65.46	64.67	1.85170606423	25
21870	21870	83812	83812	63.45	65.00	64.15	63.38	64.80	63.77	65.22	66.53	66.00	64.02	65.44	64.64	1.85250206386	25
21895	21895	83787	83787	63.38	64.92	64.12	63.42	64.75	63.77	65.17	66.58	65.90	63.99	65.42	64.60	1.85198935205	25
21920	21920	83762	83762	63.40	64.90	64.15	63.38	64.70	63.80	65.10	66.53	65.90	63.96	65.38	64.62	1.85238158774	25
21945	21945	83737	83737	63.42	64.83	64.08	63.33	64.55	63.77	65.10	66.47	65.90	63.95	65.28	64.58	1.85195295661	25
21970	21970	83712	83712	63.30	64.80	64.03	63.30	64.42	63.70	64.95	66.50	65.90	63.85	65.24	64.54	1.8508991401	25
21995	21995	83687	83687	63.30	64.72	64.00	63.25	64.35	63.67	64.95	66.45	65.80	63.83	65.17	64.49	1.85059502575	25
22020	22020	83662	83662	63.30	64.70	64.03	63.20	64.42	63.65	65.00	66.45	65.90	63.83	65.19	64.53	1.85078840708	25
22045	22045	83637	83637	63.23	64.78	64.08	63.12	64.40	63.62	64.97	66.47	65.90	63.77	65.22	64.53	1.85074417141	25
22070	22070	83612	83612	63.30	64.60	64.05	63.17	64.28	63.58	65.00	66.33	65.90	63.83	65.07	64.51	1.85094857256	25
22095	22095	83587	83587	63.25	64.60	63.98	63.17	64.25	63.58	64.97	66.28	65.83	63.80	65.04	64.46	1.85082527381	25
22120	22120	83562	83562	63.27	64.65	64.00	63.12	64.17	63.52	64.88	66.22	65.75	63.76	65.02	64.42	1.85145497332	25
22145	22145	83537	83537	63.20	64.58	64.00	63.08	64.22	63.50	64.90	66.28	65.72	63.73	65.03	64.41	1.85158464427	25
22170	22170	83512	83512	63.20	64.60	64.00	63.10	64.22	63.55	64.88	66.17	65.65	63.73	65.00	64.40	1.85247956682	25
22195	22195	83487	83487	63.15	64.47	63.98	63.10	64.12	63.48	64.90	66.08	65.60	63.72	64.89	64.35	1.85263183717	25
22220	22220	83462	83462	63.12	64.53	63.98	63.05	64.20	63.42	64.95	66.12	65.58	63.71	64.95	64.33	1.85284269998	25
22245	22245	83437	83437	63.17	64.58	64.00	63.00	64.20	63.38	64.90	66.08	65.58	63.69	64.95	64.32	1.85371441119	25
22270	22270	83412	83412	63.12	64.50	63.92	62.92	64.08	63.40	64.75	66.00	65.65	63.60	64.86	64.33	1.85361006575	25
22295	22295	83387	83387	63.20	64.50	63.98	62.95	64.10	63.40	64.75	66.00	65.55	63.63	64.87	64.31	1.85335136242	25
22320	22320	83362	83362	63.10	64.53	64.00	62.90	64.03	63.40	64.75	65.88	65.53	63.58	64.81	64.31	1.85385262794	25
22345	22345	83337	83337	63.17	64.50	63.95	62.88	64.00	63.30	64.65	65.83	65.50	63.57	64.78	64.25	1.85438195285	25
22370	22370	83312	83312	63.10	64.42	63.92	62.90	63.95	63.27	64.72	65.72	65.60	63.58	64.70	64.27	1.85462312869	25
22395	22395	83287	83287	63.10	64.50	63.83	62.85	63.98	63.25	64.70	65.75	65.53	63.55	64.74	64.20	1.85393790994	25
22420	22420	83262	83262	63.10	64.50	63.88	62.85	63.92	63.25	64.65	65.72	65.50	63.53	64.72	64.21	1.85483169439	25
22445	22445	83237	83237	63.00	64.47	63.83	62.77	63.90	63.23	64.62	65.75	65.53	63.47	64.71	64.19	1.85502082161	25
22470	22470	83212	83212	63.08	64.45	63.75	62.80	63.85	63.17	64.70	65.70	65.40	63.52	64.67	64.11	1.85482423826	25
22495	22495	83187	83187	62.98	64.38	63.80	62.75	63.85	63.12	64.62	65.70	65.40	63.45	64.64	64.11	1.85670486511	25
22520	22520	83162	83162	62.95	64.35	63.77	62.80	63.92	63.05	64.67	65.65	65.30	63.48	64.64	64.04	1.8554796639	25
22545	22545	83137	83137	62.92	64.42	63.70	62.73	63.92	63.12	64.65	65.75	65.28	63.43	64.70	64.03	1.85585195951	25
22570	22570	83112	83112	62.95	64.45	63.70	62.73	63.88	63.10	64.58	65.75	65.22	63.42	64.69	64.01	1.85523479065	25
22595	22595	83087	83087	62.95	64.47	63.73	62.67	63.92	63.08	64.60	65.78	65.17	63.41	64.72	63.99	1.85508014344	25
22620	22620	83062	83062	62.92	64.45	63.60	62.62	63.90	63.08	64.50	65.75	65.17	63.35	64.70	63.95	1.85581315586	25
22645	22645	83037	83037	62.88	64.42	63.50	62.60	63.88	63.08	64.53	65.78	65.10	63.33	64.69	63.89	1.85509250525	25
22670	22670	83012	83012	62.83	64.40	63.45	62.58	63.85	62.98	64.47	65.67	65.10	63.29	64.64	63.84	1.85459576154	25
22695	22695	82987	82987	62.83	64.33	63.40	62.60	63.90	62.95	64.42	65.60	65.03	63.28	64.61	63.79	1.85475331832	25
22720	22720	82962	82962	62.80	64.28	63.45	62.55	63.92	62.95	64.40	65.67	65.00	63.25	64.62	63.80	1.85516794457	25
22745	22745	82937	82937	62.77	64.17	63.42	62.50	63.83	62.85	64.38	65.62	65.03	63.22	64.54	63.77	1.85607043795	25
22770	22770	82912	82912	62.88	64.20	63.40	62.40	63.83	62.88	64.25	65.62	65.00	63.17	64.55	63.76	1.85502441373	25
22795	22795	82887	82887	62.80	64.25	63.38	62.45	63.83	62.80	64.28	65.62	65.05	63.17	64.57	63.74	1.85484911654	25
22820	22820	82862	82862	62.73	64.17	63.38	62.40	63.77	62.80	64.20	65.65	64.97	63.11	64.53	63.72	1.8551966424	25
22845	22845	82837	82837	62.90	64.20	63.40	62.42	63.80	62.88	64.15	65.65	64.97	63.16	64.55	63.75	1.85627471587	25
22870	22870	82812	82812	62.77	64.08	63.40	62.40	63.73	62.85	64.10	65.58	64.95	63.09	64.46	63.73	1.85509569503	25
22895	22895	82787	82787	62.65	64.10	63.35	62.38	63.80	62.83	64.00	65.53	64.92	63.01	64.47	63.70	1.85557757289	25
22920	22920	82762	82762	62.65	64.08	63.25	62.33	63.75	62.80	64.00	65.55	64.88	62.99	64.46	63.64	1.85640956289	25
22945	22945	82737	82737	62.62	64.03	63.20	62.33	63.80	62.73	64.03	65.55	64.88	62.99	64.46	63.60	1.85558083524	25
22970	22970	82712	82712	62.62	64.00	63.20	62.30	63.77	62.67	64.03	65.50	64.83	62.98	64.42	63.57	1.8565086059	25
22995	22995	82687	82687	62.58	64.03	63.10	62.33	63.67	62.65	64.03	65.45	64.78	62.98	64.38	63.51	1.85656215609	25
23020	23020	82662	82662	62.45	63.95	63.10	62.33	63.60	62.65	64.03	65.42	64.75	62.93	64.33	63.50	1.85676287192	25
23045	23045	82637	82637	62.40	63.92	63.08	62.38	63.55	62.67	64.00	65.40	64.72	62.92	64.29	63.49	1.85806542103	25
23070	23070	82612	82612	62.45	63.95	63.00	62.20	63.52	62.62	63.95	65.33	64.65	62.87	64.27	63.42	1.85702313021	25
23095	23095	82587	82587	62.50	63.98	62.95	62.27	63.55	62.62	64.00	65.33	64.62	62.92	64.28	63.40	1.85684715059	25
23120	23120	82562	82562	62.50	63.90	62.95	62.20	63.50	62.58	63.98	65.33	64.60	62.89	64.24	63.38	1.85684020327	25
23145	23145	82537	82537	62.38	63.85	62.95	62.17	63.48	62.55	64.00	65.30	64.60	62.85	64.21	63.37	1.85613311154	25
23170	23170	82512	82512	62.48	63.98	62.90	62.15	63.55	62.58	64.00	65.30	64.58	62.88	64.28	63.35	1.85622479636	25
23195	23195	82487	82487	62.33	63.90	62.92	62.23	63.45	62.58	63.88	65.30	64.58	62.81	64.22	63.36	1.85635381246	25
23220	23220	82462	82462	62.40	63.88	62.92	62.20	63.42	62.52	63.90	65.25	64.53	62.83	64.18	63.33	1.85642420822	25
23245	23245	82437	82437	62.35	63.77	62.88	62.10	63.42	62.52	63.90	65.33	64.45	62.78	64.17	63.28	1.85689527223	25
23270	23270	82412	82412	62.23	63.77	62.92	62.10	63.40	62.55	63.85	65.28	64.40	62.73	64.15	63.29	1.85680278926	25
23295	23295	82387	82387	62.40	63.85	62.92	62.12	63.48	62.55	63.88	65.30	64.47	62.80	64.21	63.32	1.85716286666	25
23320	23320	82362	82362	62.38	63.75	62.92	62.20	63.30	62.48	63.90	65.25	64.40	62.83	64.10	63.27	1.85693788886	25
23345	23345	82337	82337	62.35	63.75	62.85	62.15	63.35	62.55	63.83	65.12	64.42	62.77	64.08	63.27	1.85650626819	25
23370	23370	82312	82312	62.35	63.73	62.88	62.10	63.30	62.52	63.80	65.12	64.45	62.75	64.05	63.28	1.85537753169	25
23395	23395	82287	82287	62.33	63.77	62.92	62.08	63.25	62.58	63.80	65.17	64.38	62.73	64.07	63.29	1.85585006394	25
23420	23420	82262	82262	62.35	63.75	62.90	62.08	63.30	62.55	63.80	65.10	64.28	62.74	64.05	63.24	1.85582396192	25
23445	23445	82237	82237	62.35	63.70	62.85	62.15	63.27	62.52	63.80	65.03	64.28	62.77	64.00	63.22	1.85538792558	25
23470	23470	82212	82212	62.35	63.65	62.80	62.15	63.30	62.42	63.65	65.10	64.30	62.72	64.02	63.17	1.85548966675	25
23495	23495	82187	82187	62.30	63.55	62.77	62.05	63.30	62.40	63.67	65.10	64.22	62.67	63.98	63.13	1.85556380597	25
23520	23520	82162	82162	62.27	63.52	62.75	62.05	63.23	62.38	63.70	65.03	64.17	62.67	63.92	63.10	1.85539995692	25
23545	23545	82137	82137	62.20	63.52	62.75	62.08	63.10	62.38	63.65	64.95	64.15	62.64	63.86	63.09	1.85539605395	25
23570	23570	82112	82112	62.23	63.52	62.73	62.02	63.05	62.35	63.62	64.88	64.08	62.62	63.82	63.05	1.85613927156	25
23595	23595	82087	82087	62.20	63.55	62.73	61.95	63.05	62.30	63.50	64.78	64.08	62.55	63.79	63.03	1.8569926	25
23620	23620	82062	82062	62.15	63.60	62.70	61.92	62.98	62.23	63.42	64.72	64.03	62.50	63.77	62.98	1.8573682137	25
23645	23645	82037	82037	62.12	63.48	62.65	61.90	62.98	62.17	63.25	64.62	63.95	62.42	63.69	62.92	1.85653609151	25
23670	23670	82012	82012	62.10	63.40	62.65	61.88	62.98	62.25	63.27	64.50	63.77	62.42	63.62	62.89	1.85714506044	25
23695	23695	81987	81987	62.10	63.48	62.65	61.77	62.85	62.25	63.30	64.47	63.85	62.39	63.60	62.92	1.85775932891	25
23720	23720	81962	81962	62.08	63.52	62.67	61.73	62.83	62.12	63.25	64.47	63.83	62.35	63.61	62.88	1.85758931014	25
23745	23745	81937	81937	62.05	63.50	62.67	61.73	62.75	62.12	63.25	64.47	63.80	62.34	63.58	62.87	1.85831112089	25
23770	23770	81912	81912	61.95	63.38	62.65	61.73	62.73	62.15	63.30	64.42	63.65	62.33	63.51	62.82	1.85753768853	25
23795	23795	81887	81887	61.92	63.40	62.58	61.70	62.73	62.05	63.27	64.42	63.65	62.30	63.52	62.76	1.85745346247	25
23820	23820	81862	81862	61.85	63.35	62.58	61.67	62.58	62.08	63.20	64.40	63.60	62.24	63.44	62.75	1.85646434751	25
23845	23845	81837	81837	61.83	63.38	62.58	61.55	62.60	62.00	63.20	64.38	63.62	62.19	63.45	62.73	1.85778481432	25
23870	23870	81812	81812	61.88	63.35	62.58	61.55	62.55	61.98	63.17	64.35	63.60	62.20	63.42	62.72	1.85803462605	25
23895	23895	81787	81787	61.85	63.38	62.58	61.50	62.52	62.00	63.08	64.28	63.58	62.14	63.39	62.72	1.85880235514	25
23920	23920	81762	81762	61.85	63.38	62.50	61.45	62.60	61.98	63.02	64.28	63.55	62.11	63.42	62.67	1.85768596421	25
23945	23945	81737	81737	61.83	63.27	62.52	61.42	62.52	62.00	63.02	64.30	63.50	62.09	63.37	62.67	1.85800582552	25
23970	23970	81712	81712	61.75	63.27	62.50	61.42	62.67	62.00	63.10	64.28	63.52	62.09	63.41	62.67	1.85904454258	25
23995	23995	81687	81687	61.73	63.27	62.50	61.40	62.60	61.92	63.00	64.25	63.52	62.04	63.38	62.65	1.85847896976	25
24020	24020	81662	81662	61.75	63.27	62.42	61.38	62.55	61.95	63.00	64.20	63.42	62.04	63.34	62.60	1.85816954183	25
24045	24045	81637	81637	61.73	63.27	62.35	61.40	62.60	62.00	63.00	64.12	63.35	62.04	63.33	62.57	1.85779660724	25
24070	24070	81612	81612	61.73	63.25	62.38	61.40	62.50	61.95	62.98	64.22	63.35	62.03	63.33	62.56	1.85708722538	25
24095	24095	81587	81587	61.73	63.20	62.30	61.42	62.52	61.95	62.98	64.17	63.27	62.04	63.30	62.51	1.85812278536	25
24120	24120	81562	81562	61.77	63.08	62.33	61.33	62.45	61.88	63.00	64.15	63.20	62.03	63.23	62.47	1.85879549182	25
24145	24145	81537	81537	61.73	63.00	62.30	61.27	62.45	61.92	63.00	64.17	63.17	62.00	63.21	62.47	1.8587622903	25
24170	24170	81512	81512	61.73	63.00	62.27	61.20	62.52	61.92	63.05	64.12	63.12	61.99	63.22	62.44	1.85950637024	25
24195	24195	81487	81487	61.67	63.00	62.33	61.23	62.48	61.95	63.00	64.12	63.17	61.97	63.20	62.48	1.85882938563	25
24220	24220	81462	81462	61.67	62.98	62.33	61.20	62.52	61.95	62.90	64.10	63.12	61.92	63.20	62.47	1.86025886065	25
24245	24245	81437	81437	61.77	63.02	62.27	61.17	62.60	61.95	62.92	64.00	63.08	61.96	63.21	62.43	1.86140151311	25
24270	24270	81412	81412	61.70	63.05	62.25	61.15	62.58	61.90	63.00	64.03	63.05	61.95	63.22	62.40	1.86182533572	25
24295	24295	81387	81387	61.70	63.02	62.27	61.10	62.50	61.90	62.98	64.05	63.02	61.92	63.19	62.40	1.86184809351	25
24320	24320	81362	81362	61.73	62.92	62.27	61.10	62.48	61.92	63.02	63.88	63.00	61.95	63.09	62.40	1.86205356777	25
24345	24345	81337	81337	61.70	62.88	62.27	61.08	62.48	61.92	63.02	63.80	62.95	61.93	63.05	62.38	1.86232428954	25
24370	24370	81312	81312	61.70	62.92	62.27	61.05	62.50	61.85	62.95	63.80	62.98	61.90	63.08	62.37	1.86229707181	25
24395	24395	81287	81287	61.60	62.98	62.20	61.02	62.50	61.85	62.92	63.80	62.92	61.85	63.09	62.33	1.86286906042	25
24420	24420	81262	81262	61.55	62.95	62.12	60.98	62.48	61.83	62.88	63.83	62.98	61.80	63.08	62.31	1.86257150607	25
24445	24445	81237	81237	61.62	62.95	62.10	60.92	62.48	61.80	62.80	63.88	62.92	61.78	63.10	62.27	1.8616320408	25
24470	24470	81212	81212	61.62	62.92	62.10	60.98	62.50	61.77	62.70	63.80	62.90	61.77	63.08	62.26	1.86187548103	25
24495	24495	81187	81187	61.60	63.00	62.00	60.92	62.42	61.75	62.73	63.77	62.95	61.75	63.07	62.23	1.86224252821	25
24520	24520	81162	81162	61.50	62.90	62.02	60.95	62.38	61.77	62.73	63.70	62.95	61.73	62.99	62.25	1.86206864557	25
24545	24545	81137	81137	61.50	62.88	62.02	60.98	62.33	61.73	62.62	63.70	62.92	61.70	62.97	62.23	1.86318590253	25
24570	24570	81112	81112	61.52	62.88	62.00	60.95	62.33	61.75	62.58	63.73	62.98	61.68	62.98	62.24	1.86265506067	25
24595	24595	81087	81087	61.40	62.80	62.02	60.95	62.38	61.67	62.52	63.75	62.83	61.62	62.98	62.17	1.86244021533	25
24620	24620	81062	81062	61.40	62.80	62.00	60.88	62.40	61.65	62.60	63.77	62.83	61.62	62.99	62.16	1.861860974	25
24645	24645	81037	81037	61.30	62.80	62.00	60.80	62.35	61.62	62.60	63.70	62.80	61.57	62.95	62.14	1.86251433223	25
24670	24670	81012	81012	61.33	62.73	61.92	60.80	62.27	61.62	62.55	63.70	62.75	61.56	62.90	62.10	1.86185248111	25
24695	24695	80987	80987	61.33	62.75	61.88	60.75	62.23	61.58	62.50	63.77	62.73	61.52	62.92	62.06	1.86144647634	25
24720	24720	80962	80962	61.35	62.77	61.85	60.77	62.17	61.50	62.45	63.67	62.73	61.52	62.88	62.02	1.8621639483	25
24745	24745	80937	80937	61.30	62.80	61.83	60.85	62.30	61.52	62.50	63.73	62.67	61.55	62.94	62.01	1.86204582912	25
24770	24770	80912	80912	61.23	62.75	61.75	60.83	62.23	61.48	62.50	63.65	62.70	61.52	62.88	61.98	1.86221485896	25
24795	24795	80887	80887	61.23	62.67	61.75	60.73	62.20	61.55	62.40	63.65	62.65	61.45	62.84	61.98	1.86249811806	25
24820	24820	80862	80862	61.30	62.70	61.70	60.77	62.20	61.52	62.35	63.60	62.58	61.48	62.83	61.93	1.86268659676	25
24845	24845	80837	80837	61.27	62.65	61.70	60.77	62.25	61.52	62.33	63.52	62.52	61.46	62.81	61.92	1.86231407768	25
24870	24870	80812	80812	61.25	62.67	61.67	60.73	62.27	61.48	62.35	63.35	62.50	61.44	62.77	61.88	1.86332029371	25
24895	24895	80787	80787	61.25	62.58	61.67	60.75	62.25	61.42	62.25	63.40	62.42	61.42	62.74	61.84	1.86380193896	25
24920	24920	80762	80762	61.25	62.58	61.67	60.73	62.33	61.38	62.27	63.35	62.35	61.42	62.75	61.80	1.86384576164	25
24945	24945	80737	80737	61.20	62.55	61.65	60.70	62.33	61.35	62.20	63.38	62.33	61.37	62.75	61.77	1.86323509247	25
24970	24970	80712	80712	61.23	62.55	61.65	60.67	62.30	61.38	62.27	63.38	62.27	61.39	62.74	61.77	1.86364753728	25
24995	24995	80687	80687	61.17	62.55	61.65	60.70	62.30	61.35	62.33	63.33	62.25	61.40	62.73	61.75	1.86412800325	25
25020	25020	80662	80662	61.20	62.50	61.67	60.58	62.35	61.33	62.27	63.25	62.30	61.35	62.70	61.77	1.86324624291	25
25045	25045	80637	80637	61.23	62.50	61.67	60.62	62.33	61.33	62.25	63.25	62.25	61.37	62.69	61.75	1.86322850622	25
25070	25070	80612	80612	61.20	62.50	61.60	60.62	62.30	61.35	62.25	63.30	62.25	61.36	62.70	61.73	1.8631128033	25
25095	25095	80587	80587	61.27	62.45	61.62	60.65	62.25	61.35	62.23	63.27	62.25	61.38	62.66	61.74	1.86416233339	25
25120	25120	80562	80562	61.25	62.52	61.42	60.65	62.25	61.35	62.23	63.30	62.23	61.38	62.69	61.67	1.8641540187	25
25145	25145	80537	80537	61.25	62.52	61.42	60.62	62.25	61.33	62.20	63.25	62.17	61.36	62.67	61.64	1.86404937301	25
25170	25170	80512	80512	61.30	62.48	61.42	60.65	62.20	61.33	62.23	63.17	62.20	61.39	62.62	61.65	1.86342795282	25
25195	25195	80487	80487	61.20	62.45	61.40	60.58	62.17	61.33	62.12	63.23	62.20	61.30	62.62	61.64	1.86347721413	25
25220	25220	80462	80462	61.17	62.52	61.38	60.48	62.17	61.25	62.08	63.10	62.17	61.24	62.60	61.60	1.8632080851	25
25245	25245	80437	80437	61.15	62.48	61.30	60.42	62.17	61.25	61.98	63.08	62.15	61.18	62.58	61.57	1.86319933828	25
25270	25270	80412	80412	61.10	62.52	61.38	60.40	62.23	61.20	61.90	63.08	62.10	61.13	62.61	61.56	1.86411525206	25
25295	25295	80387	80387	61.12	62.45	61.25	60.33	62.23	61.23	61.80	63.10	62.08	61.08	62.59	61.52	1.86446230439	25
25320	25320	80362	80362	61.17	62.50	61.25	60.30	62.17	61.15	61.80	62.98	62.00	61.09	62.55	61.47	1.86437607398	25
25345	25345	80337	80337	61.17	62.45	61.27	60.33	62.17	61.15	61.80	63.05	62.05	61.10	62.56	61.49	1.86325483202	25
25370	25370	80312	80312	61.20	62.50	61.20	60.33	62.25	61.10	61.75	63.00	62.05	61.09	62.58	61.45	1.86254254704	25
25395	25395	80287	80287	61.10	62.45	61.12	60.33	62.23	61.08	61.70	63.05	62.05	61.04	62.58	61.42	1.86325410212	25
25420	25420	80262	80262	61.05	62.42	61.20	60.25	62.12	61.08	61.70	63.02	61.98	61.00	62.52	61.42	1.86323158983	25
25445	25445	80237	80237	61.08	62.42	61.15	60.25	62.05	61.10	61.75	63.00	61.92	61.02	62.49	61.39	1.8635570025	25
25470	25470	80212	80212	61.10	62.40	61.12	60.25	62.05	61.08	61.67	62.95	61.92	61.01	62.47	61.38	1.86343443061	25
25495	25495	80187	80187	61.12	62.42	61.12	60.23	61.98	61.05	61.70	62.95	61.95	61.02	62.45	61.38	1.8632832275	25
25520	25520	80162	80162	61.12	62.48	61.15	60.17	62.02	61.05	61.65	63.08	61.92	60.98	62.52	61.38	1.86368634932	25
25545	25545	80137	80137	61.05	62.45	61.12	60.15	62.02	61.00	61.62	63.02	61.90	60.94	62.50	61.34	1.86370988332	25
25570	25570	80112	80112	61.08	62.40	61.10	60.20	61.98	60.95	61.65	63.00	61.90	60.98	62.46	61.32	1.86383308761	25
25595	25595	80087	80087	61.02	62.40	61.08	60.17	62.00	60.98	61.62	63.00	61.90	60.94	62.47	61.32	1.86333323344	25
25620	25620	80062	80062	61.02	62.25	60.98	60.08	61.90	60.80	61.60	62.92	61.83	60.90	62.36	61.20	1.86323980419	25
25645	25645	80037	80037	61.05	62.10	60.98	60.08	61.77	60.75	61.55	62.85	61.75	60.89	62.24	61.16	1.86366507744	25
25670	25670	80012	80012	60.98	62.15	60.92	60.00	61.75	60.75	61.60	62.80	61.70	60.86	62.23	61.12	1.86392310389	25
25695	25695	79987	79987	60.92	62.15	60.98	60.02	61.80	60.73	61.67	62.75	61.73	60.88	62.23	61.14	1.86355899363	25
25720	25720	79962	79962	60.85	62.08	60.98	60.08	61.75	60.75	61.60	62.80	61.65	60.84	62.21	61.12	1.86318845837	25
25745	25745	79937	79937	60.83	62.05	60.90	60.00	61.75	60.70	61.58	62.80	61.70	60.80	62.20	61.10	1.86347836121	25
25770	25770	79912	79912	60.80	62.08	60.83	59.92	61.73	60.77	61.52	62.77	61.67	60.75	62.19	61.09	1.86466553366	25
25795	25795	79887	79887	60.80	62.05	60.80	59.92	61.77	60.77	61.50	62.77	61.58	60.74	62.20	61.05	1.86443711553	25
25820	25820	79862	79862	60.75	62.10	60.77	59.92	61.75	60.75	61.50	62.75	61.60	60.73	62.20	61.04	1.86536150157	25
25845	25845	79837	79837	60.75	62.08	60.77	59.92	61.70	60.73	61.48	62.70	61.50	60.72	62.16	61.00	1.86476407208	25
25870	25870	79812	79812	60.73	62.10	60.73	59.90	61.73	60.67	61.45	62.67	61.52	60.69	62.17	60.98	1.86490751093	25
25895	25895	79787	79787	60.62	62.12	60.75	59.90	61.65	60.73	61.48	62.70	61.48	60.67	62.16	60.98	1.86567576689	25
25920	25920	79762	79762	60.62	62.10	60.67	59.88	61.65	60.67	61.40	62.65	61.42	60.63	62.13	60.92	1.86562681748	25
25945	25945	79737	79737	60.65	62.15	60.65	59.83	61.60	60.50	61.38	62.60	61.40	60.62	62.12	60.85	1.86563468026	25
25970	25970	79712	79712	60.58	62.12	60.60	59.80	61.50	60.45	61.33	62.60	61.38	60.57	62.08	60.81	1.86572693762	25
25995	25995	79687	79687	60.50	62.05	60.58	59.85	61.45	60.42	61.35	62.60	61.33	60.57	62.03	60.77	1.86599276148	25
26020	26020	79662	79662	60.58	62.02	60.62	59.77	61.48	60.42	61.38	62.55	61.38	60.58	62.02	60.81	1.86653496949	25
26045	26045	79637	79637	60.50	62.02	60.58	59.70	61.48	60.40	61.35	62.55	61.33	60.52	62.02	60.77	1.866278566	25
26070	26070	79612	79612	60.45	62.02	60.58	59.70	61.48	60.42	61.33	62.58	61.30	60.49	62.02	60.77	1.86573588492	25
26095	26095	79587	79587	60.40	62.00	60.58	59.67	61.50	60.38	61.35	62.58	61.30	60.48	62.02	60.75	1.86646422077	25
26120	26120	79562	79562	60.42	61.98	60.58	59.65	61.50	60.38	61.30	62.42	61.33	60.46	61.97	60.76	1.86591494263	25
26145	26145	79537	79537	60.40	62.00	60.58	59.65	61.42	60.38	61.27	62.40	61.27	60.44	61.94	60.74	1.86587526102	25
26170	26170	79512	79512	60.42	61.98	60.60	59.70	61.48	60.30	61.20	62.48	61.27	60.44	61.98	60.73	1.86563373584	25
26195	26195	79487	79487	60.35	61.95	60.65	59.75	61.42	60.27	61.20	62.40	61.27	60.43	61.92	60.73	1.86601471851	25
26220	26220	79462	79462	60.38	61.88	60.55	59.75	61.38	60.17	61.15	62.40	61.20	60.42	61.88	60.64	1.86572391904	25
26245	26245	79437	79437	60.35	61.88	60.45	59.77	61.27	60.12	61.08	62.38	61.17	60.40	61.84	60.58	1.86610224713	25
26270	26270	79412	79412	60.27	61.75	60.48	59.77	61.33	60.12	61.00	62.35	61.15	60.35	61.81	60.58	1.86593067484	25
26295	26295	79387	79387	60.33	61.77	60.40	59.75	61.33	60.08	60.92	62.33	61.15	60.33	61.81	60.54	1.86663813127	25
26320	26320	79362	79362	60.35	61.80	60.38	59.73	61.33	60.08	60.95	62.27	61.10	60.34	61.80	60.52	1.86696257305	25
26345	26345	79337	79337	60.33	61.75	60.35	59.75	61.35	60.02	60.90	62.25	61.10	60.33	61.78	60.49	1.86644990139	25
26370	26370	79312	79312	60.27	61.75	60.38	59.80	61.27	60.00	60.88	62.27	61.05	60.32	61.77	60.48	1.86683982942	25
26395	26395	79287	79287	60.35	61.73	60.35	59.70	61.35	59.98	60.85	62.27	61.05	60.30	61.78	60.46	1.8662046256	25
26420	26420	79262	79262	60.27	61.75	60.30	59.70	61.40	59.98	60.88	62.23	61.02	60.28	61.79	60.43	1.86683673583	25
26445	26445	79237	79237	60.23	61.65	60.30	59.67	61.33	60.00	60.85	62.17	61.05	60.25	61.72	60.45	1.86633922214	25
26470	26470	79212	79212	60.20	61.70	60.27	59.62	61.35	60.00	60.70	62.15	61.00	60.17	61.73	60.42	1.86524075246	25
26495	26495	79187	79187	60.10	61.70	60.23	59.60	61.33	60.00	60.65	62.17	61.00	60.12	61.73	60.41	1.86624681883	25
26520	26520	79162	79162	60.15	61.73	60.23	59.62	61.23	59.95	60.60	62.17	61.00	60.12	61.71	60.39	1.86648079304	25
26545	26545	79137	79137	60.20	61.70	60.30	59.65	61.30	60.00	60.65	62.15	61.00	60.17	61.72	60.43	1.86637032169	25
26570	26570	79112	79112	60.17	61.73	60.25	59.60	61.27	59.95	60.65	62.17	61.00	60.14	61.73	60.40	1.86637603969	25
26595	26595	79087	79087	60.12	61.73	60.23	59.62	61.27	59.95	60.65	62.05	61.00	60.13	61.68	60.39	1.86612715577	25
26620	26620	79062	79062	60.12	61.65	60.20	59.60	61.27	59.98	60.70	62.10	60.92	60.14	61.67	60.37	1.8659954234	25
26645	26645	79037	79037	60.05	61.62	60.15	59.55	61.23	59.92	60.70	62.08	60.92	60.10	61.64	60.33	1.86657945891	25
26670	26670	79012	79012	59.98	61.60	60.20	59.52	61.12	59.95	60.67	62.08	60.85	60.06	61.60	60.33	1.86658231588	25
26695	26695	78987	78987	59.95	61.60	60.10	59.50	61.12	59.90	60.58	62.12	60.90	60.01	61.62	60.30	1.86730442202	25
26720	26720	78962	78962	59.98	61.55	60.12	59.55	61.10	59.92	60.55	62.08	60.85	60.02	61.58	60.30	1.86708388437	25
26745	26745	78937	78937	60.02	61.58	60.08	59.50	61.05	59.88	60.48	62.10	60.85	60.00	61.58	60.27	1.86690488877	25
26770	26770	78912	78912	60.05	61.52	60.02	59.45	61.02	59.88	60.42	62.12	60.85	59.98	61.56	60.25	1.86693041141	25
26795	26795	78887	78887	59.98	61.52	60.02	59.48	61.05	59.83	60.38	62.10	60.90	59.94	61.56	60.25	1.86676967068	25
26820	26820	78862	78862	59.92	61.48	59.92	59.48	61.02	59.85	60.35	62.12	60.88	59.92	61.54	60.22	1.86699032996	25
26845	26845	78837	78837	59.92	61.42	59.95	59.45	61.00	59.85	60.25	62.08	60.80	59.88	61.50	60.20	1.86649361193	25
26870	26870	78812	78812	59.85	61.40	59.95	59.42	60.98	59.90	60.27	61.95	60.80	59.85	61.44	60.22	1.86627213307	25
26895	26895	78787	78787	59.90	61.42	59.85	59.45	61.02	59.85	60.23	62.00	60.77	59.86	61.48	60.16	1.86619345599	25
26920	26920	78762	78762	59.83	61.45	59.88	59.38	60.98	59.80	60.20	61.95	60.67	59.80	61.46	60.12	1.86656506425	25
26945	26945	78737	78737	59.75	61.42	59.80	59.30	61.08	59.77	60.17	62.00	60.62	59.74	61.50	60.07	1.86698407566	25
26970	26970	78712	78712	59.67	61.42	59.80	59.25	61.08	59.77	60.12	62.00	60.65	59.68	61.50	60.08	1.86711973	25
26995	26995	78687	78687	59.62	61.48	59.77	59.25	61.08	59.80	60.02	62.00	60.62	59.63	61.52	60.07	1.86722045866	25
27020	27020	78662	78662	59.65	61.50	59.85	59.25	61.05	59.77	60.02	62.05	60.65	59.64	61.53	60.09	1.86732915179	25
27045	27045	78637	78637	59.60	61.48	59.80	59.25	61.08	59.75	60.15	62.00	60.62	59.67	61.52	60.06	1.8676490174	25
27070	27070	78612	78612	59.50	61.50	59.75	59.20	61.00	59.75	60.08	62.05	60.55	59.59	61.52	60.02	1.86742252815	25
27095	27095	78587	78587	59.50	61.42	59.75	59.15	60.92	59.70	60.10	62.08	60.60	59.58	61.48	60.02	1.86751370167	25
27120	27120	78562	78562	59.55	61.45	59.73	59.17	60.92	59.75	60.08	62.02	60.55	59.60	61.47	60.01	1.86782972379	25
27145	27145	78537	78537	59.62	61.38	59.75	59.08	60.88	59.70	60.08	61.98	60.48	59.59	61.41	59.98	1.86933201461	25
27170	27170	78512	78512	59.52	61.35	59.75	59.10	60.85	59.70	60.08	61.98	60.48	59.57	61.39	59.98	1.86855980721	25
27195	27195	78487	78487	59.58	61.30	59.73	59.10	60.85	59.73	60.10	61.98	60.48	59.59	61.38	59.98	1.86839750516	25
27220	27220	78462	78462	59.48	61.30	59.75	59.05	60.88	59.73	60.00	61.90	60.45	59.51	61.36	59.98	1.86854620376	25
27245	27245	78437	78437	59.48	61.30	59.65	59.05	60.85	59.73	59.98	61.90	60.45	59.50	61.35	59.94	1.86838182909	25
27270	27270	78412	78412	59.55	61.25	59.55	59.05	60.83	59.67	59.98	61.88	60.38	59.52	61.32	59.87	1.86774336894	25
27295	27295	78387	78387	59.55	61.27	59.52	59.08	60.80	59.67	59.98	61.77	60.35	59.53	61.28	59.85	1.86783901598	25
27320	27320	78362	78362	59.52	61.20	59.48	59.00	60.77	59.65	59.95	61.77	60.38	59.49	61.25	59.83	1.86788361998	25
27345	27345	78337	78337	59.45	61.20	59.52	59.08	60.77	59.55	59.98	61.77	60.38	59.50	61.25	59.82	1.86771579321	25
27370	27370	78312	78312	59.38	61.17	59.50	59.05	60.83	59.58	59.95	61.83	60.35	59.46	61.27	59.81	1.86797434566	25
27395	27395	78287	78287	59.42	61.20	59.48	59.02	60.80	59.58	59.95	61.83	60.38	59.47	61.27	59.81	1.8681969821	25
27420	27420	78262	78262	59.42	61.12	59.45	58.98	60.80	59.45	59.92	61.85	60.33	59.44	61.26	59.74	1.86808473933	25
27445	27445	78237	78237	59.27	61.12	59.35	58.92	60.80	59.42	59.95	61.83	60.23	59.38	61.25	59.67	1.86885820277	25
27470	27470	78212	78212	59.27	61.17	59.42	58.88	60.83	59.35	59.95	61.85	60.15	59.37	61.28	59.64	1.86887334058	25
27495	27495	78187	78187	59.35	61.12	59.38	58.83	60.80	59.35	59.90	61.77	60.12	59.36	61.23	59.62	1.86848780837	25
27520	27520	78162	78162	59.33	61.12	59.38	58.77	60.70	59.25	59.85	61.70	60.02	59.32	61.17	59.55	1.86887199373	25
27545	27545	78137	78137	59.33	61.08	59.38	58.80	60.73	59.23	59.77	61.65	60.05	59.30	61.15	59.55	1.86963216796	25
27570	27570	78112	78112	59.35	61.02	59.35	58.80	60.77	59.20	59.73	61.67	60.05	59.29	61.16	59.53	1.86895493881	25
27595	27595	78087	78087	59.30	61.05	59.35	58.80	60.70	59.20	59.73	61.58	60.08	59.27	61.11	59.54	1.86886011794	25
27620	27620	78062	78062	59.25	61.05	59.35	58.75	60.75	59.20	59.70	61.58	60.08	59.23	61.12	59.54	1.86870772898	25
27645	27645	78037	78037	59.25	61.00	59.33	58.75	60.77	59.12	59.73	61.52	60.02	59.24	61.10	59.49	1.8682687127	25
27670	27670	78012	78012	59.15	61.00	59.30	58.75	60.73	59.12	59.67	61.50	60.00	59.19	61.08	59.48	1.86865215559	25
27695	27695	77987	77987	59.20	61.02	59.27	58.73	60.65	59.10	59.67	61.50	59.95	59.20	61.06	59.44	1.86916002848	25
27720	27720	77962	77962	59.20	61.05	59.27	58.73	60.70	59.10	59.65	61.48	60.02	59.19	61.08	59.47	1.86939620903	25
27745	27745	77937	77937	59.17	61.02	59.25	58.70	60.67	59.08	59.67	61.52	60.00	59.18	61.08	59.44	1.8690357799	25
27770	27770	77912	77912	59.10	60.95	59.23	58.70	60.65	59.02	59.62	61.55	59.90	59.14	61.05	59.38	1.86936990459	25
27795	27795	77887	77887	59.08	60.95	59.17	58.75	60.67	58.98	59.55	61.52	59.92	59.12	61.05	59.36	1.86952467634	25
27820	27820	77862	77862	59.05	60.98	59.17	58.77	60.62	59.00	59.62	61.52	59.95	59.15	61.04	59.38	1.8690789857	25
27845	27845	77837	77837	59.00	60.92	59.10	58.75	60.60	58.98	59.50	61.42	59.92	59.08	60.98	59.33	1.86933064296	25
27870	27870	77812	77812	58.95	60.90	59.10	58.75	60.65	58.98	59.50	61.48	59.95	59.07	61.01	59.34	1.86913439153	25
27895	27895	77787	77787	58.95	60.92	59.05	58.73	60.58	58.98	59.45	61.42	59.92	59.04	60.98	59.32	1.86926498819	25
27920	27920	77762	77762	58.95	60.95	59.08	58.73	60.58	59.00	59.35	61.40	59.90	59.01	60.98	59.33	1.87016610486	25
27945	27945	77737	77737	58.95	60.92	59.02	58.73	60.60	58.98	59.35	61.33	59.88	59.01	60.95	59.29	1.87099722612	25
27970	27970	77712	77712	58.90	60.92	59.05	58.73	60.58	58.98	59.38	61.40	59.88	59.00	60.97	59.30	1.87048466344	25
27995	27995	77687	77687	58.92	60.85	59.08	58.65	60.55	58.98	59.30	61.35	59.85	58.96	60.92	59.30	1.87046266151	25
28020	28020	77662	77662	58.92	60.85	59.05	58.65	60.58	59.00	59.33	61.38	59.88	58.97	60.93	59.31	1.8696862753	25
28045	28045	77637	77637	58.90	60.85	59.05	58.58	60.52	58.98	59.30	61.35	59.85	58.92	60.91	59.29	1.8696165265	25
28070	28070	77612	77612	58.92	60.85	59.05	58.58	60.48	59.00	59.33	61.27	59.85	58.94	60.87	59.30	1.86978052497	25
28095	28095	77587	77587	58.98	60.80	59.08	58.55	60.48	58.98	59.30	61.23	59.90	58.94	60.83	59.32	1.87006695695	25
28120	28120	77562	77562	58.95	60.77	59.00	58.50	60.48	59.02	59.33	61.12	59.80	58.92	60.79	59.27	1.87048415537	25
28145	28145	77537	77537	58.90	60.70	58.95	58.45	60.48	59.00	59.27	61.20	59.83	58.88	60.79	59.26	1.8707945069	25
28170	28170	77512	77512	58.90	60.60	58.95	58.45	60.42	58.98	59.27	61.12	59.80	58.88	60.72	59.24	1.87076052414	25
28195	28195	77487	77487	58.92	60.58	58.98	58.45	60.35	58.98	59.30	61.08	59.80	58.89	60.67	59.25	1.87074699411	25
28220	28220	77462	77462	58.95	60.62	59.00	58.42	60.42	58.98	59.35	61.12	59.73	58.91	60.73	59.23	1.87140211552	25
28245	28245	77437	77437	58.92	60.62	58.90	58.45	60.38	58.92	59.30	61.12	59.70	58.89	60.71	59.17	1.87091116233	25
28270	28270	77412	77412	58.92	60.55	58.90	58.45	60.35	58.88	59.27	61.08	59.70	58.88	60.66	59.16	1.87101773315	25
28295	28295	77387	77387	58.88	60.52	58.85	58.42	60.27	58.85	59.25	61.00	59.62	58.85	60.60	59.11	1.87091995117	25
28320	28320	77362	77362	58.92	60.50	58.85	58.40	60.27	58.85	59.30	61.08	59.67	58.88	60.62	59.12	1.87067142866	25
28345	28345	77337	77337	58.92	60.48	58.88	58.40	60.27	58.85	59.27	61.02	59.62	58.87	60.59	59.12	1.87083531725	25
28370	28370	77312	77312	58.90	60.48	58.88	58.38	60.23	58.80	59.25	61.00	59.60	58.84	60.57	59.09	1.87125079996	25
28395	28395	77287	77287	58.92	60.50	58.92	58.30	60.23	58.73	59.23	61.00	59.58	58.82	60.58	59.08	1.8711395149	25
28420	28420	77262	77262	58.90	60.40	58.95	58.33	60.17	58.67	59.15	61.00	59.52	58.79	60.52	59.05	1.87152602515	25
28445	28445	77237	77237	58.92	60.50	58.88	58.38	60.17	58.65	59.15	60.98	59.55	58.82	60.55	59.02	1.87130981909	25
28470	28470	77212	77212	58.92	60.48	58.88	58.35	60.12	58.65	59.15	60.98	59.50	58.81	60.52	59.01	1.87188763406	25
28495	28495	77187	77187	58.90	60.48	58.88	58.30	60.02	58.60	59.12	60.95	59.55	58.77	60.48	59.01	1.87252049976	25
28520	28520	77162	77162	58.88	60.50	58.88	58.30	59.98	58.60	59.12	60.95	59.42	58.77	60.48	58.97	1.8720426239	25
28545	28545	77137	77137	58.85	60.52	58.83	58.33	59.98	58.60	59.10	60.90	59.42	58.76	60.47	58.95	1.87214982705	25
28570	28570	77112	77112	58.77	60.45	58.83	58.25	60.02	58.60	59.12	60.90	59.40	58.72	60.46	58.94	1.87253051473	25
28595	28595	77087	77087	58.77	60.50	58.83	58.23	59.98	58.60	59.10	60.92	59.42	58.70	60.47	58.95	1.87219103046	25
28620	28620	77062	77062	58.70	60.45	58.80	58.20	59.95	58.52	59.02	60.85	59.38	58.64	60.42	58.90	1.87258346312	25
28645	28645	77037	77037	58.73	60.42	58.80	58.17	59.90	58.55	59.02	60.83	59.35	58.64	60.38	58.90	1.87225171082	25
28670	28670	77012	77012	58.70	60.42	58.77	58.17	59.95	58.50	58.98	60.85	59.35	58.62	60.41	58.88	1.87234219341	25
28695	28695	76987	76987	58.67	60.33	58.77	58.17	59.92	58.52	59.00	60.83	59.30	58.62	60.36	58.87	1.87222914544	25
28720	28720	76962	76962	58.65	60.42	58.75	58.12	59.85	58.45	59.00	60.85	59.27	58.59	60.38	58.83	1.87230284915	25
28745	28745	76937	76937	58.65	60.42	58.70	58.12	59.88	58.42	58.92	60.77	59.27	58.57	60.36	58.80	1.8726180382	25
28770	28770	76912	76912	58.67	60.40	58.67	58.10	59.90	58.40	58.92	60.73	59.25	58.57	60.34	58.77	1.87305100644	25
28795	28795	76887	76887	58.65	60.48	58.65	58.10	59.83	58.40	58.92	60.70	59.27	58.56	60.33	58.77	1.87295570625	25
28820	28820	76862	76862	58.65	60.48	58.67	58.10	59.80	58.40	58.95	60.67	59.25	58.57	60.32	58.77	1.87268010452	25
28845	28845	76837	76837	58.67	60.40	58.62	58.10	59.75	58.40	58.88	60.65	59.30	58.55	60.27	58.77	1.87266211157	25
28870	28870	76812	76812	58.67	60.38	58.62	58.10	59.75	58.40	58.85	60.65	59.27	58.54	60.26	58.77	1.87273205304	25
28895	28895	76787	76787	58.67	60.38	58.65	58.10	59.73	58.40	58.88	60.62	59.25	58.55	60.24	58.77	1.87261374835	25
28920	28920	76762	76762	58.70	60.30	58.65	58.10	59.67	58.38	58.83	60.55	59.25	58.54	60.17	58.76	1.87265745749	25
28945	28945	76737	76737	58.70	60.33	58.65	58.05	59.73	58.38	58.85	60.52	59.23	58.53	60.19	58.75	1.87335110692	25
28970	28970	76712	76712	58.65	60.30	58.65	58.02	59.73	58.38	58.83	60.42	59.23	58.50	60.15	58.75	1.87336551673	25
28995	28995	76687	76687	58.65	60.33	58.65	58.02	59.70	58.35	58.80	60.52	59.23	58.49	60.18	58.74	1.87342753693	25
29020	29020	76662	76662	58.67	60.33	58.65	58.02	59.62	58.35	58.77	60.48	59.15	58.49	60.14	58.72	1.87378972866	25
29045	29045	76637	76637	58.67	60.30	58.65	58.02	59.55	58.25	58.80	60.40	59.10	58.50	60.08	58.67	1.87364064443	25
29070	29070	76612	76612	58.67	60.27	58.65	57.98	59.50	58.25	58.80	60.45	59.15	58.48	60.08	58.68	1.87329127388	25
29095	29095	76587	76587	58.60	60.23	58.65	57.98	59.55	58.25	58.77	60.40	59.12	58.45	60.06	58.67	1.87308622438	25
29120	29120	76562	76562	58.60	60.27	58.62	58.00	59.55	58.27	58.75	60.42	59.10	58.45	60.08	58.67	1.87279536481	25
29145	29145	76537	76537	58.52	60.15	58.60	58.00	59.50	58.23	58.77	60.42	59.10	58.43	60.02	58.64	1.87276774699	25
29170	29170	76512	76512	58.55	60.15	58.58	57.98	59.55	58.25	58.80	60.45	59.08	58.44	60.05	58.63	1.87319222853	25
29195	29195	76487	76487	58.55	60.12	58.58	57.98	59.55	58.12	58.70	60.45	59.02	58.41	60.04	58.58	1.87357575603	25
29220	29220	76462	76462	58.58	60.20	58.55	58.00	59.42	58.10	58.70	60.45	58.98	58.42	60.02	58.54	1.87381736022	25
29245	29245	76437	76437	58.58	60.12	58.55	58.02	59.38	58.12	58.70	60.42	58.95	58.43	59.98	58.54	1.87396857708	25
29270	29270	76412	76412	58.58	60.10	58.52	58.02	59.38	58.15	58.65	60.38	58.92	58.42	59.95	58.53	1.87403869252	25
29295	29295	76387	76387	58.52	60.10	58.52	58.00	59.40	58.08	58.67	60.40	58.90	58.40	59.97	58.50	1.87464752815	25
29320	29320	76362	76362	58.52	60.08	58.50	58.00	59.42	58.08	58.62	60.38	58.95	58.38	59.96	58.51	1.87401638947	25
29345	29345	76337	76337	58.52	60.10	58.48	57.98	59.40	58.08	58.48	60.35	58.92	58.33	59.95	58.49	1.87395702572	25
29370	29370	76312	76312	58.48	60.10	58.45	58.02	59.40	58.02	58.50	60.33	58.92	58.33	59.94	58.47	1.87523174529	25
29395	29395	76287	76287	58.50	60.08	58.48	58.00	59.42	58.02	58.45	60.30	58.83	58.32	59.93	58.44	1.87571134188	25
29420	29420	76262	76262	58.45	59.98	58.42	57.95	59.40	58.05	58.45	60.27	58.80	58.28	59.88	58.42	1.87607943226	25
29445	29445	76237	76237	58.42	59.98	58.40	58.00	59.40	58.05	58.45	60.25	58.80	58.29	59.88	58.42	1.87553559467	25
29470	29470	76212	76212	58.45	59.98	58.40	58.00	59.35	58.05	58.48	60.25	58.70	58.31	59.86	58.38	1.87569054365	25
29495	29495	76187	76187	58.40	59.95	58.35	58.00	59.40	58.00	58.48	60.25	58.73	58.29	59.87	58.36	1.87603292199	25
29520	29520	76162	76162	58.42	59.92	58.40	57.98	59.35	58.02	58.50	60.23	58.73	58.30	59.83	58.38	1.87665773585	25
29545	29545	76137	76137	58.45	59.92	58.30	57.98	59.38	58.00	58.52	60.20	58.73	58.32	59.83	58.34	1.87665508034	25
29570	29570	76112	76112	58.33	59.98	58.30	58.00	59.38	58.00	58.42	60.20	58.77	58.25	59.85	58.36	1.87709611368	25
29595	29595	76087	76087	58.33	59.92	58.25	58.00	59.35	58.00	58.55	60.20	58.75	58.29	59.83	58.33	1.87740679744	25
29620	29620	76062	76062	58.27	59.92	58.15	57.95	59.38	57.98	58.50	60.17	58.75	58.24	59.83	58.29	1.87735593671	25
29645	29645	76037	76037	58.40	59.92	58.17	57.88	59.33	57.98	58.50	60.17	58.73	58.26	59.81	58.29	1.87812037521	25
29670	29670	76012	76012	58.35	59.88	58.10	57.85	59.40	57.95	58.48	60.20	58.67	58.23	59.83	58.24	1.8779521969	25
29695	29695	75987	75987	58.30	59.85	58.08	57.88	59.27	57.95	58.40	60.17	58.65	58.19	59.77	58.23	1.87752167585	25
29720	29720	75962	75962	58.30	59.83	58.08	57.85	59.27	57.90	58.42	60.15	58.67	58.19	59.75	58.22	1.87744214457	25
29745	29745	75937	75937	58.27	59.80	58.02	57.85	59.23	57.90	58.45	60.15	58.67	58.19	59.73	58.20	1.8772992423	25
29770	29770	75912	75912	58.20	59.80	58.02	57.85	59.23	57.90	58.40	60.15	58.65	58.15	59.73	58.19	1.87731069086	25
29795	29795	75887	75887	58.17	59.83	58.05	57.83	59.23	57.88	58.45	60.15	58.58	58.15	59.73	58.17	1.877654039	25
29820	29820	75862	75862	58.20	59.85	58.05	57.75	59.17	57.88	58.48	60.15	58.58	58.14	59.73	58.17	1.87755136601	25
29845	29845	75837	75837	58.20	59.77	58.05	57.77	59.12	57.90	58.45	60.05	58.55	58.14	59.65	58.17	1.87803154199	25
29870	29870	75812	75812	58.17	59.75	58.02	57.73	59.23	57.85	58.48	60.12	58.52	58.12	59.70	58.13	1.87790248935	25
