12120	12120	94562	94562	75.05	77.75	79.88	74.58	77.65	79.25	75.30	78.53	79.88	74.97	77.97	79.67	6.51056245977
12120	12120	94562	94562	75.08	77.75	79.85	74.55	77.65	79.25	75.30	78.53	79.88	74.97	77.97	79.66	3.78744401173	50
12170	12170	94512	94512	74.78	77.75	79.42	74.00	77.35	78.92	74.25	78.83	79.45	74.34	77.97	79.27	2.57870760503	50
12220	12220	94462	94462	73.70	77.45	78.92	73.45	77.03	78.05	73.28	78.42	78.90	73.47	77.63	78.62	2.22092048208	50
12270	12270	94412	94412	73.47	77.10	78.33	73.20	76.50	77.88	73.55	77.70	78.17	73.41	77.10	78.12	2.03154491665	50
12320	12320	94362	94362	73.67	76.72	78.12	73.17	76.40	77.72	73.62	77.50	78.25	73.49	76.88	78.03	1.93383765743	50
12370	12370	94312	94312	73.88	77.22	78.12	73.35	76.47	77.90	73.85	77.33	78.33	73.69	77.01	78.12	1.879069555	50
12420	12420	94262	94262	74.12	77.38	78.33	73.42	76.75	78.03	74.05	77.75	78.40	73.87	77.29	78.25	1.83710577073	50
12470	12470	94212	94212	74.50	77.50	78.58	73.72	76.62	78.30	74.78	77.45	78.72	74.33	77.19	78.53	1.80852456661	50
12520	12520	94162	94162	74.78	77.45	79.17	73.85	76.90	78.28	74.88	77.95	78.70	74.50	77.43	78.72	1.79496063454	50
12570	12570	94112	94112	75.30	77.50	79.05	74.03	76.97	78.47	75.22	78.15	79.25	74.85	77.54	78.92	1.78774761606	50
12620	12620	94062	94062	75.47	77.70	79.47	74.10	77.10	78.47	75.15	78.40	79.40	74.91	77.73	79.12	1.77544799991	50
12670	12670	94012	94012	75.50	77.60	79.53	74.35	77.08	78.67	75.60	78.40	79.50	75.15	77.69	79.23	1.7626776465	50
12720	12720	93962	93962	75.53	77.62	79.78	74.88	77.30	78.72	75.75	78.45	79.65	75.38	77.79	79.38	1.75970594535	50
12770	12770	93912	93912	75.80	77.92	79.88	75.03	77.28	78.95	75.80	78.53	79.62	75.54	77.91	79.48	1.75422670437	50
12820	12820	93862	93862	75.78	77.80	79.88	74.90	77.42	78.85	75.90	78.60	79.78	75.53	77.94	79.50	1.73988941416	50
12870	12870	93812	93812	76.12	77.70	80.08	74.95	77.28	78.75	75.92	78.60	79.83	75.67	77.86	79.55	1.74624473058	50
12920	12920	93762	93762	76.17	77.78	79.85	75.15	77.12	78.58	75.95	78.45	80.08	75.76	77.78	79.50	1.75535654017	50
12970	12970	93712	93712	76.10	78.08	80.30	75.12	77.17	78.75	76.17	78.28	80.22	75.80	77.84	79.76	1.75027898169	50
13020	13020	93662	93662	76.22	77.95	80.03	75.10	77.20	78.90	76.35	78.10	80.45	75.89	77.75	79.79	1.7530897505	50
13070	13070	93612	93612	76.12	77.90	80.25	75.28	76.85	78.78	76.45	78.03	80.38	75.95	77.59	79.80	1.75476033587	50
13120	13120	93562	93562	76.30	78.05	80.12	75.08	76.70	78.67	76.60	77.85	80.33	75.99	77.53	79.71	1.75848377636	50
13170	13170	93512	93512	76.40	78.30	80.05	74.88	76.50	78.33	76.85	77.83	80.25	76.04	77.54	79.54	1.76891981085	50
13220	13220	93462	93462	76.42	78.05	79.85	74.95	76.28	78.15	76.80	77.70	80.03	76.06	77.34	79.34	1.76779152603	50
13270	13270	93412	93412	76.30	77.97	79.75	74.95	76.35	78.20	76.83	77.78	80.05	76.03	77.37	79.33	1.77119882888	50
13320	13320	93362	93362	76.25	78.30	79.72	74.80	75.85	78.17	76.85	77.58	79.97	75.97	77.24	79.29	1.77205160177	50
13370	13370	93312	93312	76.28	78.45	79.92	74.33	75.88	77.95	76.90	77.55	79.85	75.83	77.29	79.24	1.77415942039	50
13420	13420	93262	93262	76.22	78.22	79.92	74.35	75.75	77.97	76.70	77.53	79.75	75.76	77.17	79.22	1.76948722314	50
13470	13470	93212	93212	76.25	78.33	80.20	74.33	75.75	77.67	76.72	77.42	79.55	75.77	77.17	79.14	1.77426572496	50
13520	13520	93162	93162	76.08	78.15	80.08	74.25	75.62	77.40	76.75	77.38	79.42	75.69	77.05	78.97	1.77480060603	50
13570	13570	93112	93112	76.00	78.17	79.97	74.12	75.10	77.05	76.97	77.25	79.38	75.70	76.84	78.80	1.77557281077	50
13620	13620	93062	93062	75.90	78.08	79.90	74.03	74.92	76.90	76.97	77.35	79.53	75.63	76.78	78.78	1.77557047584	50
13670	13670	93012	93012	75.83	77.90	79.97	74.03	74.92	76.67	76.83	77.33	79.45	75.56	76.72	78.70	1.7756969728	50
13720	13720	92962	92962	75.65	77.70	80.05	73.97	74.70	76.58	76.70	77.00	79.22	75.44	76.47	78.62	1.77715984682	50
13770	13770	92912	92912	75.62	77.55	79.83	74.15	74.67	76.38	76.72	76.97	78.88	75.50	76.40	78.36	1.78091462768	50
13820	13820	92862	92862	75.53	77.22	79.53	73.88	74.67	76.25	76.55	76.97	78.83	75.32	76.29	78.20	1.78778721399	50
13870	13870	92812	92812	75.58	77.15	79.60	74.12	74.70	76.22	76.47	76.88	78.90	75.39	76.24	78.24	1.78909734341	50
13920	13920	92762	92762	75.55	76.95	79.47	73.97	74.33	76.00	76.60	76.72	78.65	75.38	76.00	78.04	1.78908567016	50
13970	13970	92712	92712	75.47	77.08	79.12	74.03	74.33	76.03	76.38	76.65	78.65	75.29	76.02	77.93	1.78792664922	50
14020	14020	92662	92662	75.62	76.95	78.90	74.25	74.38	76.00	76.47	76.72	78.55	75.45	76.02	77.82	1.79564194938	50
14070	14070	92612	92612	75.72	76.90	78.72	74.12	74.22	75.95	76.53	76.60	78.50	75.46	75.91	77.72	1.7912330165	50
14120	14120	92562	92562	75.62	76.70	78.30	74.22	74.05	75.85	76.45	76.40	78.47	75.43	75.72	77.54	1.79215063021	50
14170	14170	92512	92512	75.72	76.58	78.22	74.15	73.88	75.92	76.45	76.10	78.40	75.44	75.52	77.52	1.79276001899	50
14220	14220	92462	92462	75.50	76.38	77.92	74.08	73.83	75.85	76.38	75.92	78.15	75.32	75.38	77.31	1.79597049792	50
14270	14270	92412	92412	75.42	76.20	77.97	73.80	73.90	75.67	76.17	75.95	78.10	75.13	75.35	77.25	1.79642988814	50
14320	14320	92362	92362	75.60	76.25	77.85	73.65	73.83	75.70	76.08	75.78	78.15	75.11	75.28	77.23	1.79419349349	50
14370	14370	92312	92312	75.53	76.28	77.85	73.70	73.62	75.53	76.12	75.58	77.92	75.12	75.16	77.10	1.79726534232	50
14420	14420	92262	92262	75.47	76.30	77.78	73.72	73.45	75.35	76.12	75.42	77.83	75.11	75.06	76.98	1.79675327001	50
14470	14470	92212	92212	75.28	76.12	77.80	73.53	73.60	75.40	75.92	75.42	77.75	74.91	75.05	76.98	1.80209596022	50
14520	14520	92162	92162	75.20	76.08	77.62	73.53	73.60	75.30	75.83	75.35	77.67	74.85	75.01	76.87	1.80156445279	50
14570	14570	92112	92112	75.20	75.83	77.55	73.38	73.42	75.17	75.67	75.10	77.53	74.75	74.78	76.75	1.80043947869	50
14620	14620	92062	92062	75.17	75.67	77.40	73.10	73.35	75.08	75.67	74.97	77.45	74.65	74.67	76.64	1.80265246286	50
14670	14670	92012	92012	75.08	75.47	77.22	73.15	73.22	75.03	75.60	74.97	77.28	74.61	74.56	76.51	1.80424870602	50
14720	14720	91962	91962	74.83	75.38	77.00	73.08	73.20	74.92	75.55	74.78	77.10	74.48	74.45	76.34	1.80598180438	50
