12120	12120	94562	94562	75.03	77.75	79.85	74.55	77.65	79.25	75.30	78.53	79.88	74.96	77.97	79.66	2.2132279066
12120	12120	93962	93962	75.08	77.75	79.85	74.58	77.65	79.25	75.30	78.53	79.90	74.98	77.97	79.67	2.14206500365	100
12220	12220	93862	93862	75.10	77.35	79.78	74.62	77.55	78.92	75.42	78.10	79.80	75.05	77.67	79.50	1.99979385956	100
12320	12320	93762	93762	75.42	77.03	79.70	75.08	77.90	79.15	75.80	78.08	79.92	75.43	77.67	79.59	1.93759486546	100
12420	12420	93662	93662	75.40	77.03	79.47	75.00	77.47	78.97	75.92	77.80	79.85	75.44	77.43	79.43	1.89838970584	100
12520	12520	93562	93562	75.53	77.38	79.58	74.95	77.12	78.97	75.97	77.85	79.72	75.48	77.45	79.42	1.87517778013	100
12620	12620	93462	93462	75.67	77.53	79.75	75.12	77.12	78.85	76.33	78.35	79.83	75.71	77.67	79.47	1.86985940254	100
12720	12720	93362	93362	75.97	77.35	79.50	75.45	77.25	78.83	76.58	78.47	79.92	76.00	77.69	79.42	1.85263688429	100
12820	12820	93262	93262	75.92	77.30	79.35	75.05	77.38	78.88	76.67	78.50	79.78	75.88	77.72	79.33	1.84646777956	100
12920	12920	93162	93162	75.95	77.53	79.45	75.30	77.33	78.92	76.65	78.45	79.85	75.97	77.77	79.41	1.8400324947	100
13020	13020	93062	93062	76.47	77.67	79.80	75.58	77.53	79.17	76.65	78.55	79.80	76.23	77.92	79.59	1.83215226663	100
13120	13120	92962	92962	76.20	77.75	79.97	75.35	77.30	78.92	76.80	78.80	79.75	76.12	77.95	79.55	1.81976993459	100
13220	13220	92862	92862	76.33	77.88	79.80	75.38	77.08	78.80	76.58	78.88	80.08	76.09	77.94	79.56	1.8198102537	100
13320	13320	92762	92762	76.33	77.70	79.72	75.08	77.12	78.53	76.58	78.55	79.92	75.99	77.79	79.39	1.82036550759	100
13420	13420	92662	92662	75.83	77.72	79.62	74.92	77.10	78.25	76.70	78.80	79.80	75.82	77.88	79.22	1.81302533641	100
13520	13520	92562	92562	75.75	77.50	79.47	74.83	76.67	78.47	76.67	78.40	79.78	75.75	77.53	79.24	1.80635688111	100
13620	13620	92462	92462	76.08	77.53	79.40	74.40	76.65	78.25	76.40	78.35	79.45	75.62	77.51	79.03	1.8045449027	100
13720	13720	92362	92362	75.95	77.40	79.25	74.62	76.38	78.28	76.83	77.85	79.33	75.80	77.21	78.95	1.80416878379	100
13820	13820	92262	92262	76.00	77.22	79.10	74.47	76.08	77.88	76.85	77.67	79.33	75.78	76.99	78.77	1.80250629643	100
13920	13920	92162	92162	76.03	77.08	79.12	74.35	75.90	77.60	77.08	77.62	79.35	75.82	76.87	78.69	1.79836991752	100
14020	14020	92062	92062	76.03	77.10	79.08	74.20	75.85	77.35	76.65	77.70	79.25	75.62	76.88	78.56	1.79334452892	100
14120	14120	91962	91962	75.90	76.90	79.15	74.58	75.45	77.17	76.62	77.30	79.38	75.70	76.55	78.57	1.78920500819	100
14220	14220	91862	91862	76.00	76.80	78.72	74.62	75.28	76.75	76.72	77.03	79.12	75.78	76.37	78.20	1.78982833815	100
14320	14320	91762	91762	75.97	76.38	78.58	74.53	74.78	76.50	76.70	76.92	79.03	75.73	76.03	78.03	1.78814373569	100
14420	14420	91662	91662	75.90	76.25	78.50	74.40	74.65	76.22	76.35	76.67	78.75	75.55	75.86	77.83	1.78232967543	100
14520	14520	91562	91562	75.67	76.03	78.17	74.10	74.53	76.20	76.45	76.42	78.53	75.41	75.66	77.63	1.78408379993	100
14620	14620	91462	91462	75.58	75.75	77.80	74.05	74.38	75.88	76.20	76.33	78.38	75.28	75.48	77.35	1.78621516121	100
14720	14720	91362	91362	75.15	75.67	77.47	73.70	74.38	75.70	76.05	76.10	78.25	74.97	75.38	77.14	1.78958656735	100
14820	14820	91262	91262	75.03	75.55	77.17	73.53	74.05	75.42	75.97	76.12	78.17	74.84	75.24	76.92	1.79103063797	100
14920	14920	91162	91162	74.88	75.60	76.90	73.62	74.10	75.47	75.92	76.00	78.03	74.81	75.23	76.80	1.79053304645	100
15020	15020	91062	91062	74.60	75.10	76.55	73.47	74.10	75.33	75.80	75.83	77.62	74.62	75.01	76.50	1.79134415635	100
15120	15120	90962	90962	74.28	74.88	76.08	73.35	73.85	75.33	75.50	75.53	77.20	74.38	74.75	76.20	1.79508447716	100
15220	15220	90862	90862	74.08	74.70	76.00	73.17	73.58	75.25	75.40	75.28	77.22	74.22	74.52	76.16	1.79606193455	100
15320	15320	90762	90762	73.88	74.30	75.75	72.90	73.45	74.88	75.15	75.05	76.95	73.97	74.27	75.86	1.79543983849	100
15420	15420	90662	90662	73.80	74.30	75.47	72.80	73.30	74.75	75.05	74.97	76.88	73.88	74.19	75.70	1.79457951575	100
15520	15520	90562	90562	73.50	74.25	75.40	72.58	73.08	74.65	75.03	74.97	76.88	73.70	74.10	75.64	1.79444779071	100
15620	15620	90462	90462	73.28	74.00	75.15	72.50	72.88	74.58	74.83	74.95	76.58	73.53	73.94	75.43	1.79671704964	100
15720	15720	90362	90362	73.12	73.65	74.80	71.95	72.72	74.42	74.65	74.75	76.28	73.24	73.71	75.17	1.79620915609	100
15820	15820	90262	90262	73.05	73.60	74.58	71.95	72.70	74.25	74.42	74.50	76.22	73.14	73.60	75.02	1.79751564729	100
15920	15920	90162	90162	72.97	73.55	74.40	71.75	72.38	74.08	74.20	74.53	76.00	72.97	73.48	74.83	1.79827511226	100
16020	16020	90062	90062	72.83	73.22	74.28	71.65	72.33	73.85	73.92	74.50	75.80	72.80	73.35	74.64	1.79875732635	100
16120	16120	89962	89962	72.80	73.22	74.00	71.75	71.95	73.60	73.65	74.20	75.33	72.73	73.12	74.31	1.80168081417	100
16220	16220	89862	89862	72.67	73.00	73.95	71.47	71.80	73.38	73.47	74.10	75.05	72.54	72.97	74.12	1.80445015492	100
16320	16320	89762	89762	72.50	72.80	73.90	71.28	71.62	73.12	73.42	73.92	74.78	72.40	72.78	73.93	1.80697013733	100
16420	16420	89662	89662	72.22	72.50	73.80	71.20	71.47	73.10	73.38	73.92	74.72	72.27	72.63	73.88	1.80748980894	100
16520	16520	89562	89562	72.33	72.50	73.47	71.05	71.38	72.83	73.22	73.78	74.67	72.20	72.55	73.66	1.81043927415	100
16620	16620	89462	89462	72.28	72.45	73.20	70.88	71.30	72.65	73.10	73.83	74.70	72.08	72.53	73.52	1.81017488204	100
16720	16720	89362	89362	72.10	72.35	73.20	70.80	71.05	72.50	73.03	73.60	74.58	71.97	72.33	73.42	1.81227009344	100
16820	16820	89262	89262	72.10	72.05	73.20	70.75	70.83	72.33	72.83	73.42	74.33	71.89	72.10	73.28	1.81307949908	100
16920	16920	89162	89162	71.67	71.72	72.88	70.72	70.60	72.17	72.95	73.08	74.17	71.78	71.80	73.08	1.81384896993	100
17020	17020	89062	89062	71.58	71.53	72.75	70.62	70.45	71.88	72.62	72.95	74.12	71.61	71.64	72.92	1.81307112216	100
17120	17120	88962	88962	71.40	71.25	72.58	70.50	70.30	71.85	72.50	72.90	73.97	71.47	71.48	72.80	1.81483845914	100
17220	17220	88862	88862	71.15	71.08	72.22	70.55	69.95	71.72	72.35	72.67	73.67	71.35	71.23	72.54	1.8174858635	100
17320	17320	88762	88762	70.97	71.00	72.10	70.40	69.72	71.58	72.20	72.70	73.58	71.19	71.14	72.42	1.81673642602	100
17420	17420	88662	88662	70.70	70.65	72.03	70.47	69.65	71.50	72.25	72.50	73.40	71.14	70.93	72.31	1.81786427252	100
17520	17520	88562	88562	70.53	70.40	71.62	70.25	69.50	71.22	72.12	72.42	73.38	70.97	70.78	72.08	1.81797750622	100
17620	17620	88462	88462	70.45	70.15	71.45	70.10	69.22	71.05	71.75	72.25	72.97	70.77	70.54	71.83	1.8172435638	100
17720	17720	88362	88362	70.38	69.92	71.10	69.75	69.05	70.67	71.58	72.00	72.72	70.57	70.33	71.50	1.81789903543	100
17820	17820	88262	88262	70.03	69.72	70.85	69.50	68.97	70.67	71.22	71.97	72.45	70.25	70.22	71.33	1.81824897205	100
17920	17920	88162	88162	69.78	69.60	70.65	69.38	68.72	70.38	71.22	71.78	72.33	70.12	70.03	71.12	1.8210640139	100
18020	18020	88062	88062	69.72	69.30	70.38	69.35	68.47	70.08	70.92	71.55	72.30	70.00	69.78	70.92	1.82321740221	100
18120	18120	87962	87962	69.50	69.05	70.03	69.03	68.28	69.85	70.78	71.15	71.95	69.77	69.49	70.61	1.82397953867	100
18220	18220	87862	87862	69.42	68.90	69.80	68.95	68.00	69.55	70.58	70.90	71.75	69.65	69.27	70.37	1.82519595532	100
18320	18320	87762	87762	69.20	68.70	69.60	68.65	68.10	69.35	70.28	70.97	71.67	69.38	69.26	70.21	1.82496655099	100
18420	18420	87662	87662	69.08	68.60	69.53	68.47	67.95	68.97	70.33	70.83	71.47	69.29	69.12	69.99	1.8272201474	100
18520	18520	87562	87562	68.72	68.55	69.22	68.35	67.88	68.88	70.20	70.60	71.35	69.09	69.01	69.82	1.8275759382	100
18620	18620	87462	87462	68.62	68.35	69.08	68.12	67.92	68.62	70.12	70.25	71.12	68.96	68.84	69.61	1.82965363762	100
18720	18720	87362	87362	68.47	68.38	68.97	67.88	67.90	68.42	70.08	70.08	71.05	68.81	68.78	69.48	1.82942264641	100
18820	18820	87262	87262	68.12	68.40	68.78	67.75	67.88	68.40	69.83	69.97	70.95	68.57	68.75	69.38	1.8312069991	100
18920	18920	87162	87162	67.95	68.33	68.62	67.47	67.50	68.25	69.53	69.92	70.50	68.32	68.58	69.12	1.83194755383	100
19020	19020	87062	87062	67.78	68.25	68.53	67.40	67.38	68.03	69.30	69.90	70.22	68.16	68.51	68.92	1.83361054241	100
19120	19120	86962	86962	67.60	68.12	68.40	67.12	67.28	67.80	69.15	69.75	70.03	67.96	68.38	68.74	1.83352401827	100
19220	19220	86862	86862	67.38	67.90	68.28	67.03	67.15	67.67	69.15	69.58	69.88	67.85	68.21	68.61	1.83228902672	100
19320	19320	86762	86762	67.35	67.75	68.00	66.90	66.92	67.38	69.05	69.30	69.72	67.77	67.99	68.37	1.83336263401	100
19420	19420	86662	86662	67.35	67.62	67.97	66.72	66.90	67.30	68.78	69.15	69.58	67.62	67.89	68.28	1.8337419189	100
19520	19520	86562	86562	67.12	67.42	67.90	66.53	66.80	67.05	68.40	69.15	69.42	67.35	67.79	68.12	1.83572219779	100
19620	19620	86462	86462	66.95	67.55	67.75	66.08	66.83	67.03	67.90	69.10	69.15	66.97	67.83	67.97	1.83715379662	100
19720	19720	86362	86362	66.70	67.42	67.65	65.92	66.85	66.85	67.60	69.00	68.92	66.74	67.76	67.81	1.83779369423	100
19820	19820	86262	86262	66.55	67.20	67.47	65.83	66.83	66.72	67.60	68.97	68.78	66.66	67.67	67.66	1.83807242093	100
19920	19920	86162	86162	66.53	67.25	67.28	65.72	66.80	66.35	67.53	68.62	68.67	66.59	67.56	67.43	1.8381514475	100
20020	20020	86062	86062	66.17	67.08	67.17	65.70	66.80	66.05	67.50	68.55	68.42	66.46	67.47	67.22	1.83827453909	100
20120	20120	85962	85962	66.03	67.00	67.15	65.53	66.65	65.95	67.38	68.47	68.38	66.31	67.38	67.16	1.83718454526	100
20220	20220	85862	85862	65.85	66.83	67.00	65.42	66.70	65.83	67.33	68.40	68.22	66.20	67.31	67.02	1.83861781234	100
20320	20320	85762	85762	65.78	66.72	66.95	65.28	66.62	65.62	67.20	68.35	68.08	66.08	67.23	66.88	1.8386606435	100
20420	20420	85662	85662	65.75	66.72	66.75	65.12	66.58	65.53	67.15	68.15	67.92	66.01	67.15	66.73	1.84163164376	100
20520	20520	85562	85562	65.55	66.65	66.45	65.00	66.60	65.45	67.05	68.00	67.72	65.87	67.08	66.54	1.84188389546	100
20620	20620	85462	85462	65.53	66.30	66.25	64.85	66.38	65.15	66.85	67.90	67.53	65.74	66.86	66.31	1.84348630424	100
20720	20720	85362	85362	65.55	66.28	66.15	64.78	66.33	65.08	66.80	67.75	67.40	65.71	66.78	66.21	1.84412687116	100
20820	20820	85262	85262	65.53	66.15	66.05	64.65	66.15	65.05	66.62	67.60	67.22	65.60	66.63	66.11	1.84424973001	100
20920	20920	85162	85162	65.42	65.88	65.97	64.55	65.97	64.90	66.33	67.33	67.00	65.43	66.39	65.96	1.84473484282	100
21020	21020	85062	85062	65.30	65.90	65.85	64.38	65.88	64.83	66.33	67.10	67.03	65.33	66.29	65.90	1.84635344955	100
21120	21120	84962	84962	65.38	65.88	65.83	64.30	65.70	64.83	66.40	66.90	66.88	65.36	66.16	65.84	1.84566401172	100
21220	21220	84862	84862	64.97	65.75	65.60	64.12	65.50	64.70	66.10	66.78	66.75	65.07	66.01	65.68	1.84536134435	100
21320	21320	84762	84762	64.88	65.65	65.50	64.00	65.50	64.47	65.92	66.70	66.58	64.93	65.95	65.52	1.84510026278	100
21420	21420	84662	84662	64.70	65.47	65.38	63.90	65.33	64.28	65.78	66.45	66.45	64.79	65.75	65.37	1.84635821106	100
21520	21520	84562	84562	64.60	65.42	65.15	63.75	65.17	64.28	65.58	66.45	66.33	64.64	65.68	65.25	1.84558236256	100
21620	21620	84462	84462	64.42	65.30	65.03	63.67	65.10	64.30	65.55	66.53	66.17	64.55	65.64	65.17	1.84592942631	100
21720	21720	84362	84362	64.17	65.30	64.92	63.62	65.05	64.05	65.58	66.38	66.08	64.46	65.58	65.02	1.84656689502	100
21820	21820	84262	84262	64.00	65.28	64.80	63.67	64.83	63.88	65.35	66.28	66.03	64.34	65.46	64.90	1.8471041418	100
21920	21920	84162	84162	63.85	65.15	64.67	63.55	64.80	63.75	65.40	66.33	66.00	64.27	65.42	64.81	1.84808891195	100
22020	22020	84062	84062	63.62	64.90	64.55	63.62	64.67	63.62	65.38	66.20	65.85	64.21	65.26	64.67	1.8499978402	100
22120	22120	83962	83962	63.48	64.88	64.47	63.45	64.53	63.65	65.35	66.10	65.78	64.09	65.17	64.63	1.84990883602	100
22220	22220	83862	83862	63.38	64.80	64.47	63.38	64.42	63.52	65.20	65.92	65.75	63.98	65.05	64.58	1.85034789771	100
22320	22320	83762	83762	63.48	64.58	64.40	63.17	64.40	63.45	65.03	65.85	65.60	63.89	64.94	64.48	1.85040313125	100
22420	22420	83662	83662	63.35	64.58	64.35	62.98	64.30	63.42	65.00	65.85	65.67	63.77	64.91	64.48	1.84993567382	100
22520	22520	83562	83562	63.35	64.58	64.12	62.88	64.38	63.27	64.97	65.75	65.62	63.73	64.90	64.34	1.85146513321	100
22620	22620	83462	83462	63.27	64.53	64.10	62.67	64.35	63.25	64.90	65.83	65.58	63.62	64.90	64.31	1.85137086456	100
22720	22720	83362	83362	63.12	64.58	64.03	62.55	64.45	63.23	64.75	65.67	65.47	63.48	64.90	64.24	1.85125065225	100
22820	22820	83262	83262	62.98	64.50	63.92	62.48	64.40	63.05	64.78	65.58	65.42	63.41	64.83	64.13	1.85119059551	100
22920	22920	83162	83162	62.90	64.38	63.80	62.42	64.28	62.92	64.60	65.50	65.47	63.31	64.72	64.07	1.85221122142	100
23020	23020	83062	83062	62.80	64.33	63.73	62.30	64.17	62.90	64.60	65.45	65.12	63.23	64.65	63.92	1.85242893881	100
23120	23120	82962	82962	62.65	64.17	63.62	62.23	64.03	62.77	64.40	65.28	64.95	63.09	64.49	63.78	1.85357691945	100
23220	23220	82862	82862	62.55	64.00	63.60	62.12	63.92	62.67	64.33	65.38	64.90	63.00	64.43	63.73	1.85306686493	100
23320	23320	82762	82762	62.58	63.92	63.48	62.10	63.73	62.62	64.40	65.33	64.85	63.02	64.33	63.65	1.8537184546	100
23420	23420	82662	82662	62.48	63.88	63.27	61.95	63.65	62.52	64.35	65.15	64.58	62.92	64.22	63.46	1.85487448948	100
23520	23520	82562	82562	62.42	63.75	63.17	61.83	63.52	62.55	64.20	65.05	64.60	62.82	64.11	63.44	1.8551496718	100
23620	23620	82462	82462	62.38	63.67	63.12	61.70	63.45	62.50	63.85	65.03	64.40	62.64	64.05	63.34	1.8550798699	100
23720	23720	82362	82362	62.25	63.65	62.98	61.73	63.25	62.40	63.62	64.78	64.20	62.53	63.89	63.19	1.85541453533	100
23820	23820	82262	82262	62.12	63.70	62.98	61.52	63.33	62.40	63.48	64.75	64.08	62.38	63.92	63.15	1.85577789999	100
23920	23920	82162	82162	62.10	63.58	62.85	61.40	63.08	62.17	63.45	64.45	63.80	62.32	63.70	62.94	1.85559223593	100
24020	24020	82062	82062	62.02	63.55	62.83	61.27	63.12	62.17	63.20	64.58	63.70	62.17	63.75	62.90	1.85443473654	100
24120	24120	81962	81962	61.95	63.52	62.67	61.20	62.92	62.05	63.20	64.55	63.83	62.12	63.67	62.85	1.8553902379	100
24220	24220	81862	81862	61.92	63.45	62.60	61.08	62.92	62.00	63.12	64.47	63.65	62.04	63.62	62.75	1.85627160126	100
24320	24320	81762	81762	61.85	63.45	62.48	61.10	63.00	61.95	63.10	64.40	63.52	62.02	63.62	62.65	1.85725579651	100
24420	24420	81662	81662	61.75	63.38	62.42	61.00	62.90	61.98	62.90	64.22	63.52	61.88	63.50	62.64	1.85724442553	100
24520	24520	81562	81562	61.58	63.27	62.35	61.00	62.77	61.85	62.85	64.20	63.42	61.81	63.42	62.54	1.85840729632	100
24620	24620	81462	81462	61.50	63.25	62.25	61.10	62.77	61.75	62.80	64.20	63.23	61.80	63.41	62.41	1.85881831162	100
24720	24720	81362	81362	61.40	63.20	62.23	60.95	62.73	61.65	62.83	64.12	63.23	61.73	63.35	62.37	1.85872942754	100
24820	24820	81262	81262	61.23	63.17	62.10	60.70	62.65	61.62	62.65	64.15	63.10	61.52	63.33	62.27	1.85884724161	100
24920	24920	81162	81162	61.23	63.00	62.05	60.65	62.58	61.50	62.55	63.88	62.98	61.48	63.15	62.17	1.86031802535	100
25020	25020	81062	81062	61.27	62.95	62.00	60.70	62.45	61.50	62.48	63.80	62.90	61.48	63.07	62.13	1.86128861145	100
25120	25120	80962	80962	61.17	62.85	61.85	60.42	62.50	61.45	62.33	63.75	62.85	61.31	63.03	62.05	1.86190641353	100
25220	25220	80862	80862	61.23	62.67	61.67	60.42	62.38	61.30	62.27	63.62	62.73	61.31	62.89	61.90	1.86206071508	100
25320	25320	80762	80762	61.10	62.60	61.58	60.40	62.27	61.27	62.20	63.52	62.60	61.23	62.80	61.82	1.86205384226	100
25420	25420	80662	80662	60.98	62.58	61.42	60.33	62.27	61.15	61.98	63.45	62.50	61.09	62.77	61.69	1.86245286929	100
25520	25520	80562	80562	60.88	62.52	61.40	60.17	62.23	61.20	61.83	63.45	62.48	60.96	62.73	61.69	1.86255465468	100
25620	25620	80462	80462	60.85	62.42	61.20	60.30	62.17	61.05	61.73	63.48	62.35	60.96	62.69	61.53	1.86299320113	100
25720	25720	80362	80362	60.73	62.42	61.12	60.12	62.02	60.98	61.58	63.30	62.27	60.81	62.58	61.46	1.86250836115	100
25820	25820	80262	80262	60.62	62.38	61.08	59.98	62.02	60.88	61.45	63.23	62.17	60.68	62.54	61.38	1.86354338406	100
25920	25920	80162	80162	60.58	62.23	60.85	59.85	61.88	60.70	61.42	63.10	62.08	60.62	62.40	61.21	1.86275148241	100
26020	26020	80062	80062	60.50	62.15	60.73	59.77	61.77	60.58	61.42	63.02	61.98	60.57	62.32	61.09	1.86249619236	100
26120	26120	79962	79962	60.48	62.15	60.58	59.75	61.65	60.45	61.23	62.95	61.75	60.48	62.25	60.92	1.86252760502	100
26220	26220	79862	79862	60.42	62.05	60.38	59.67	61.58	60.38	61.17	62.88	61.65	60.42	62.17	60.80	1.86183864401	100
26320	26320	79762	79762	60.30	62.08	60.17	59.62	61.55	60.30	61.15	62.92	61.58	60.36	62.18	60.68	1.86226132888	100
26420	26420	79662	79662	60.30	61.95	60.12	59.67	61.42	60.27	61.05	62.92	61.52	60.34	62.10	60.64	1.86270739204	100
26520	26520	79562	79562	60.27	61.98	59.98	59.60	61.42	60.23	61.02	62.75	61.40	60.30	62.05	60.53	1.86376205216	100
26620	26620	79462	79462	60.17	61.88	59.95	59.55	61.35	60.17	60.90	62.73	61.35	60.21	61.98	60.49	1.86423395197	100
26720	26720	79362	79362	60.17	61.90	59.88	59.55	61.33	60.02	60.80	62.75	61.38	60.17	61.99	60.42	1.86387898929	100
26820	26820	79262	79262	60.05	61.85	59.70	59.48	61.15	60.00	60.73	62.58	61.25	60.08	61.86	60.32	1.86371044943	100
26920	26920	79162	79162	60.12	61.65	59.70	59.38	61.12	59.92	60.65	62.33	61.02	60.05	61.70	60.22	1.86443193671	100
27020	27020	79062	79062	60.02	61.60	59.62	59.33	61.23	59.90	60.55	62.33	60.98	59.97	61.72	60.17	1.86452578512	100
27120	27120	78962	78962	59.80	61.60	59.60	59.30	61.17	59.83	60.55	62.27	60.92	59.88	61.68	60.12	1.86495225173	100
27220	27220	78862	78862	59.58	61.60	59.55	59.30	60.98	59.75	60.40	62.17	60.92	59.76	61.58	60.08	1.86483611614	100
27320	27320	78762	78762	59.58	61.60	59.40	59.15	60.98	59.67	60.25	62.23	60.80	59.66	61.60	59.96	1.8652408552	100
27420	27420	78662	78662	59.55	61.52	59.33	59.02	61.02	59.60	60.23	62.08	60.70	59.60	61.54	59.88	1.86521551495	100
27520	27520	78562	78562	59.48	61.55	59.38	58.90	61.02	59.40	60.15	62.00	60.58	59.51	61.52	59.78	1.86581417925	100
27620	27620	78462	78462	59.48	61.27	59.30	58.80	60.95	59.35	60.12	61.88	60.58	59.47	61.37	59.74	1.86569628956	100
27720	27720	78362	78362	59.33	61.23	59.35	58.65	60.92	59.33	60.10	61.70	60.55	59.36	61.28	59.74	1.8667849345	100
27820	27820	78262	78262	59.30	61.08	59.25	58.67	60.85	59.23	60.00	61.77	60.50	59.33	61.23	59.66	1.86703476305	100
27920	27920	78162	78162	59.20	60.95	59.27	58.65	60.80	59.20	59.90	61.70	60.42	59.25	61.15	59.63	1.86722078316	100
28020	28020	78062	78062	59.15	60.85	59.20	58.55	60.80	59.17	59.85	61.67	60.33	59.18	61.11	59.57	1.86801108329	100
28120	28120	77962	77962	59.15	60.80	59.17	58.55	60.70	59.12	59.77	61.62	60.33	59.16	61.04	59.54	1.86776609408	100
28220	28220	77862	77862	59.02	60.73	59.02	58.45	60.62	59.05	59.70	61.55	60.27	59.06	60.97	59.45	1.86814141001	100
28320	28320	77762	77762	59.02	60.67	58.95	58.40	60.42	58.98	59.65	61.55	60.15	59.02	60.88	59.36	1.86831136786	100
28420	28420	77662	77662	58.92	60.65	58.88	58.30	60.42	58.83	59.60	61.45	60.05	58.94	60.84	59.25	1.87018212797	100
28520	28520	77562	77562	58.90	60.50	58.85	58.25	60.40	58.77	59.60	61.38	60.05	58.92	60.76	59.23	1.87101639914	100
28620	28620	77462	77462	58.88	60.40	58.83	58.23	60.33	58.70	59.58	61.30	59.85	58.89	60.67	59.12	1.87135314832	100
28720	28720	77362	77362	58.67	60.30	58.73	58.17	60.25	58.62	59.38	61.30	59.70	58.74	60.62	59.02	1.87203605047	100
28820	28820	77262	77262	58.67	60.25	58.62	58.15	60.20	58.60	59.35	61.23	59.62	58.73	60.56	58.95	1.8713489627	100
28920	28920	77162	77162	58.67	60.25	58.55	58.10	60.08	58.58	59.33	61.05	59.45	58.70	60.46	58.86	1.87211043198	100
29020	29020	77062	77062	58.55	60.30	58.58	57.98	60.00	58.55	59.25	61.00	59.42	58.59	60.43	58.85	1.87336481848	100
29120	29120	76962	76962	58.50	60.08	58.60	57.88	59.92	58.50	59.25	60.90	59.35	58.54	60.30	58.82	1.87299407475	100
29220	29220	76862	76862	58.42	60.00	58.55	57.80	59.83	58.40	59.08	60.77	59.33	58.43	60.20	58.76	1.87302695732	100
29320	29320	76762	76762	58.42	60.00	58.45	57.75	59.80	58.33	59.02	60.75	59.17	58.40	60.18	58.65	1.87358814561	100
29420	29420	76662	76662	58.35	59.95	58.42	57.70	59.80	58.25	58.95	60.70	59.15	58.33	60.15	58.61	1.87371013708	100
29520	29520	76562	76562	58.38	59.83	58.40	57.75	59.85	58.25	58.88	60.75	59.12	58.33	60.14	58.59	1.87366174553	100
29620	29620	76462	76462	58.35	59.85	58.33	57.70	59.70	58.17	58.77	60.70	59.10	58.27	60.08	58.53	1.87448565085	100
29720	29720	76362	76362	58.27	59.83	58.23	57.62	59.73	58.10	58.75	60.65	59.05	58.22	60.07	58.46	1.8753045843	100
29820	29820	76262	76262	58.17	59.75	58.25	57.73	59.62	58.08	58.65	60.70	59.05	58.18	60.02	58.46	1.87585989646	100
29920	29920	76162	76162	58.23	59.60	58.17	57.67	59.60	57.98	58.62	60.67	59.05	58.17	59.96	58.40	1.87595420418	100
30020	30020	76062	76062	58.15	59.60	58.12	57.65	59.62	58.00	58.50	60.58	58.95	58.10	59.93	58.36	1.87650617163	100
30120	30120	75962	75962	58.15	59.58	58.10	57.67	59.48	57.92	58.33	60.40	58.88	58.05	59.82	58.30	1.87701693944	100
30220	30220	75862	75862	58.12	59.58	58.10	57.58	59.42	57.83	58.30	60.35	58.80	58.00	59.78	58.24	1.87827993462	100
30320	30320	75762	75762	58.10	59.50	58.02	57.50	59.33	57.80	58.23	60.35	58.77	57.94	59.73	58.20	1.87946769755	100
30420	30420	75662	75662	58.02	59.52	58.02	57.50	59.30	57.77	58.08	60.25	58.75	57.87	59.69	58.18	1.8800753682	100
30520	30520	75562	75562	58.02	59.42	57.90	57.48	59.30	57.80	58.12	60.30	58.73	57.88	59.67	58.14	1.8801031476	100
30620	30620	75462	75462	58.02	59.42	57.88	57.40	59.33	57.75	58.15	60.23	58.60	57.86	59.66	58.08	1.88052601814	100
30720	30720	75362	75362	57.98	59.42	57.88	57.38	59.20	57.65	58.10	60.23	58.52	57.82	59.62	58.02	1.88091417513	100
30820	30820	75262	75262	57.98	59.40	57.90	57.27	59.20	57.70	58.08	60.05	58.55	57.77	59.55	58.05	1.88266903975	100
30920	30920	75162	75162	57.92	59.40	57.88	57.27	59.20	57.65	57.90	59.85	58.45	57.70	59.48	57.99	1.88294619878	100
31020	31020	75062	75062	57.90	59.38	57.83	57.25	59.12	57.62	57.88	59.85	58.30	57.67	59.45	57.92	1.88348580677	100
31120	31120	74962	74962	57.90	59.33	57.77	57.25	59.10	57.62	57.90	59.83	58.30	57.68	59.42	57.90	1.88416070523	100
31220	31220	74862	74862	57.80	59.25	57.75	57.17	59.02	57.55	57.85	59.75	58.17	57.61	59.34	57.83	1.8846407069	100
31320	31320	74762	74762	57.70	59.30	57.73	57.15	58.88	57.52	57.80	59.73	58.15	57.55	59.30	57.80	1.88491089442	100
31420	31420	74662	74662	57.65	59.20	57.67	57.15	58.85	57.48	57.73	59.73	58.10	57.51	59.26	57.75	1.88554415182	100
31520	31520	74562	74562	57.62	59.15	57.67	57.02	58.80	57.45	57.67	59.67	58.08	57.44	59.21	57.73	1.88621209608	100
31620	31620	74462	74462	57.58	59.17	57.62	57.02	58.77	57.42	57.50	59.62	58.00	57.37	59.19	57.68	1.88657929576	100
31720	31720	74362	74362	57.55	59.05	57.55	56.95	58.73	57.38	57.45	59.58	57.98	57.32	59.12	57.63	1.88751231142	100
31820	31820	74262	74262	57.50	59.12	57.52	56.88	58.73	57.38	57.35	59.55	57.92	57.24	59.13	57.61	1.88759828381	100
31920	31920	74162	74162	57.40	59.10	57.50	56.88	58.58	57.35	57.35	59.50	57.88	57.21	59.06	57.58	1.88812561001	100
32020	32020	74062	74062	57.35	59.10	57.50	56.80	58.55	57.30	57.30	59.33	57.83	57.15	58.99	57.54	1.88901646778	100
32120	32120	73962	73962	57.25	58.95	57.50	56.75	58.42	57.23	57.30	59.27	57.80	57.10	58.88	57.51	1.88933238309	100
32220	32220	73862	73862	57.25	58.85	57.48	56.70	58.50	57.10	57.33	59.38	57.85	57.09	58.91	57.48	1.89036834531	100
32320	32320	73762	73762	57.23	58.85	57.45	56.62	58.50	57.05	57.33	59.45	57.83	57.06	58.93	57.44	1.89067540643	100
32420	32420	73662	73662	57.15	58.83	57.42	56.67	58.50	57.08	57.30	59.35	57.70	57.04	58.89	57.40	1.89152371965	100
32520	32520	73562	73562	57.12	58.80	57.38	56.62	58.42	57.12	57.20	59.30	57.62	56.98	58.84	57.38	1.89224685678	100
32620	32620	73462	73462	57.08	58.75	57.40	56.62	58.48	57.10	57.20	59.27	57.67	56.97	58.83	57.39	1.89247159274	100
32720	32720	73362	73362	57.08	58.73	57.40	56.48	58.48	57.08	57.10	59.23	57.62	56.88	58.81	57.37	1.89225214198	100
32820	32820	73262	73262	56.95	58.67	57.33	56.45	58.50	57.00	57.08	59.23	57.62	56.83	58.80	57.32	1.89247069397	100
32920	32920	73162	73162	56.92	58.70	57.27	56.40	58.42	56.92	57.02	59.20	57.62	56.78	58.77	57.27	1.89324352622	100
33020	33020	73062	73062	56.98	58.62	57.23	56.33	58.38	56.90	57.08	59.23	57.58	56.79	58.74	57.23	1.89377103429	100
33120	33120	72962	72962	56.88	58.58	57.17	56.23	58.30	56.83	56.98	59.15	57.50	56.69	58.67	57.17	1.89474075691	100
33220	33220	72862	72862	56.85	58.52	57.17	56.15	58.27	56.83	56.90	59.10	57.55	56.63	58.63	57.18	1.89524730475	100
33320	33320	72762	72762	56.88	58.52	57.20	56.20	58.17	56.83	56.90	59.10	57.45	56.66	58.60	57.16	1.89548209382	100
33420	33420	72662	72662	56.88	58.52	57.17	56.17	58.23	56.83	56.88	59.10	57.35	56.64	58.62	57.12	1.89561949827	100
33520	33520	72562	72562	56.70	58.48	57.15	56.17	58.20	56.83	56.75	59.17	57.30	56.54	58.62	57.09	1.89588578465	100
33620	33620	72462	72462	56.73	58.50	57.10	56.15	58.20	56.73	56.77	59.12	57.33	56.55	58.61	57.05	1.89657615473	100
33720	33720	72362	72362	56.70	58.48	57.05	56.10	57.98	56.67	56.67	59.08	57.35	56.49	58.51	57.02	1.89674318386	100
33820	33820	72262	72262	56.67	58.40	57.02	56.08	57.98	56.65	56.62	59.08	57.33	56.46	58.48	57.00	1.89731188691	100
33920	33920	72162	72162	56.60	58.40	56.98	56.05	57.92	56.70	56.52	59.08	57.30	56.39	58.47	56.99	1.89785495632	100
34020	34020	72062	72062	56.55	58.40	56.98	56.00	57.88	56.65	56.50	59.02	57.27	56.35	58.43	56.97	1.89828302906	100
34120	34120	71962	71962	56.48	58.35	56.98	55.90	57.80	56.62	56.50	59.00	57.20	56.29	58.38	56.93	1.8990132341	100
34220	34220	71862	71862	56.40	58.33	57.00	55.75	57.80	56.62	56.50	58.92	57.25	56.22	58.35	56.96	1.89956380011	100
34320	34320	71762	71762	56.38	58.42	56.92	55.80	57.85	56.62	56.38	58.85	57.27	56.18	58.38	56.94	1.90052739798	100
34420	34420	71662	71662	56.42	58.38	56.90	55.75	57.88	56.60	56.38	58.73	57.23	56.18	58.33	56.91	1.90048050815	100
34520	34520	71562	71562	56.42	58.38	56.90	55.77	57.88	56.55	56.40	58.77	57.20	56.20	58.34	56.88	1.90050049745	100
34620	34620	71462	71462	56.42	58.40	56.90	55.70	57.88	56.55	56.35	58.77	57.12	56.16	58.35	56.86	1.9010476994	100
34720	34720	71362	71362	56.35	58.33	56.90	55.65	57.83	56.58	56.27	58.62	57.10	56.09	58.26	56.86	1.90132825949	100
34820	34820	71262	71262	56.33	58.25	56.88	55.62	57.73	56.52	56.25	58.58	57.10	56.07	58.18	56.83	1.90157753241	100
34920	34920	71162	71162	56.33	58.30	56.85	55.60	57.62	56.52	56.25	58.58	57.10	56.06	58.17	56.83	1.9018887407	100
35020	35020	71062	71062	56.33	58.27	56.90	55.62	57.67	56.52	56.23	58.60	57.12	56.06	58.18	56.85	1.90244166731	100
35120	35120	70962	70962	56.33	58.23	56.83	55.52	57.65	56.50	56.15	58.60	57.08	56.00	58.16	56.80	1.90299534784	100
35220	35220	70862	70862	56.27	58.27	56.80	55.50	57.58	56.50	56.05	58.62	57.00	55.94	58.16	56.77	1.90348754118	100
35320	35320	70762	70762	56.30	58.25	56.77	55.38	57.55	56.50	56.10	58.62	56.95	55.92	58.14	56.74	1.90415436324	100
35420	35420	70662	70662	56.27	58.30	56.73	55.35	57.52	56.48	56.10	58.60	56.92	55.91	58.14	56.71	1.90462061928	100
35520	35520	70562	70562	56.20	58.20	56.73	55.30	57.52	56.38	56.12	58.60	56.90	55.88	58.11	56.67	1.9047905505	100
35620	35620	70462	70462	56.23	58.20	56.62	55.25	57.50	56.42	56.08	58.65	56.88	55.85	58.12	56.64	1.90444872043	100
35720	35720	70362	70362	56.23	58.20	56.60	55.25	57.50	56.35	56.12	58.62	56.83	55.87	58.11	56.59	1.90438234703	100
35820	35820	70262	70262	56.12	58.23	56.60	55.27	57.52	56.33	56.12	58.58	56.77	55.84	58.11	56.57	1.90442169907	100
35920	35920	70162	70162	56.12	58.23	56.58	55.30	57.52	56.33	56.08	58.58	56.77	55.83	58.11	56.56	1.9046571528	100
36020	36020	70062	70062	56.20	58.20	56.55	55.23	57.58	56.30	56.10	58.60	56.77	55.84	58.12	56.54	1.90490419052	100
36120	36120	69962	69962	56.15	58.23	56.58	55.17	57.58	56.33	56.08	58.60	56.70	55.80	58.13	56.53	1.90515630566	100
36220	36220	69862	69862	56.08	58.25	56.60	55.15	57.52	56.30	56.02	58.58	56.73	55.75	58.12	56.54	1.9052129339	100
36320	36320	69762	69762	56.08	58.17	56.62	55.10	57.52	56.27	55.98	58.60	56.73	55.72	58.10	56.54	1.90562783578	100
36420	36420	69662	69662	56.10	58.20	56.52	55.02	57.52	56.27	55.98	58.58	56.67	55.70	58.10	56.49	1.9055519091	100
36520	36520	69562	69562	56.05	58.15	56.55	55.02	57.52	56.23	55.98	58.55	56.67	55.68	58.08	56.48	1.90595979839	100
36620	36620	69462	69462	56.02	58.20	56.58	54.98	57.52	56.20	55.92	58.52	56.70	55.64	58.08	56.49	1.9057813671	100
36720	36720	69362	69362	55.98	58.12	56.50	54.95	57.55	56.12	55.92	58.52	56.70	55.62	58.07	56.44	1.90634583065	100
36820	36820	69262	69262	55.98	58.12	56.50	54.88	57.55	56.12	55.90	58.45	56.65	55.58	58.04	56.42	1.90634795514	100
36920	36920	69162	69162	55.92	58.12	56.48	54.90	57.55	56.05	55.90	58.45	56.65	55.58	58.04	56.39	1.9066183111	100
37020	37020	69062	69062	55.92	58.12	56.48	54.85	57.58	56.02	55.88	58.40	56.58	55.55	58.03	56.36	1.90688258608	100
37120	37120	68962	68962	55.92	58.15	56.48	54.88	57.55	56.02	55.83	58.35	56.60	55.54	58.02	56.37	1.90657179491	100
37220	37220	68862	68862	55.88	58.08	56.45	54.88	57.52	55.95	55.83	58.30	56.52	55.52	57.97	56.31	1.90661655036	100
37320	37320	68762	68762	55.88	58.17	56.48	54.85	57.50	55.95	55.80	58.23	56.58	55.51	57.97	56.33	1.90691579879	100
37420	37420	68662	68662	55.92	58.08	56.40	54.80	57.48	55.95	55.80	58.23	56.55	55.51	57.92	56.30	1.90685845011	100
37520	37520	68562	68562	55.88	58.10	56.42	54.80	57.50	55.95	55.75	58.15	56.52	55.48	57.92	56.30	1.9071406402	100
37620	37620	68462	68462	55.80	58.10	56.45	54.83	57.45	55.95	55.67	58.15	56.50	55.43	57.90	56.30	1.90725298491	100
37720	37720	68362	68362	55.83	58.05	56.42	54.80	57.38	55.90	55.65	58.15	56.50	55.42	57.86	56.27	1.9073268322	100
37820	37820	68262	68262	55.83	58.08	56.48	54.77	57.45	55.85	55.60	58.12	56.45	55.40	57.88	56.26	1.9077536797	100
37920	37920	68162	68162	55.77	58.08	56.40	54.77	57.45	55.88	55.62	58.17	56.42	55.39	57.90	56.23	1.90795257195	100
38020	38020	68062	68062	55.75	58.10	56.40	54.75	57.48	55.80	55.58	58.17	56.42	55.36	57.92	56.21	1.90852257927	100
38120	38120	67962	67962	55.73	58.08	56.40	54.75	57.48	55.88	55.60	58.12	56.42	55.36	57.89	56.23	1.90899955609	100
38220	38220	67862	67862	55.70	58.10	56.42	54.75	57.42	55.80	55.58	58.12	56.38	55.34	57.88	56.20	1.90895292152	100
38320	38320	67762	67762	55.67	58.10	56.42	54.73	57.45	55.77	55.60	58.17	56.35	55.33	57.91	56.18	1.90909140817	100
38420	38420	67662	67662	55.65	58.12	56.40	54.75	57.48	55.73	55.60	58.20	56.35	55.33	57.93	56.16	1.90945779451	100
38520	38520	67562	67562	55.60	58.00	56.38	54.70	57.45	55.70	55.62	58.17	56.33	55.31	57.88	56.13	1.90966949277	100
38620	38620	67462	67462	55.58	58.02	56.38	54.65	57.35	55.62	55.50	58.02	56.33	55.24	57.80	56.11	1.91026861085	100
38720	38720	67362	67362	55.55	58.02	56.33	54.60	57.35	55.60	55.50	58.08	56.30	55.22	57.82	56.08	1.91028184581	100
38820	38820	67262	67262	55.50	57.98	56.27	54.65	57.38	55.58	55.42	58.00	56.30	55.19	57.78	56.05	1.91046188025	100
38920	38920	67162	67162	55.48	57.95	56.33	54.55	57.35	55.58	55.33	58.02	56.30	55.12	57.77	56.07	1.91132798382	100
39020	39020	67062	67062	55.48	57.83	56.30	54.58	57.30	55.58	55.35	58.08	56.27	55.13	57.73	56.05	1.91187034788	100
39120	39120	66962	66962	55.42	57.80	56.23	54.60	57.25	55.50	55.27	58.02	56.20	55.10	57.69	55.98	1.91222458243	100
39220	39220	66862	66862	55.40	57.77	56.25	54.60	57.23	55.52	55.27	58.00	56.15	55.09	57.67	55.98	1.91243994644	100
39320	39320	66762	66762	55.38	57.70	56.30	54.58	57.23	55.55	55.20	57.88	56.10	55.05	57.60	55.98	1.9125342278	100
39420	39420	66662	66662	55.27	57.73	56.20	54.58	57.23	55.58	55.15	57.88	56.10	55.00	57.61	55.96	1.91254978079	100
39520	39520	66562	66562	55.27	57.67	56.17	54.48	57.23	55.62	55.08	57.85	56.10	54.94	57.58	55.97	1.9126463727	100
39620	39620	66462	66462	55.27	57.70	56.15	54.40	57.17	55.58	55.12	57.83	56.08	54.93	57.57	55.93	1.91282131586	100
39720	39720	66362	66362	55.23	57.67	56.15	54.42	57.15	55.55	55.10	57.80	56.02	54.92	57.54	55.91	1.91318583098	100
39820	39820	66262	66262	55.20	57.73	56.12	54.40	57.15	55.50	55.05	57.85	56.02	54.88	57.58	55.88	1.9137205789	100
39920	39920	66162	66162	55.17	57.65	56.10	54.40	57.17	55.50	54.98	57.75	56.00	54.85	57.52	55.87	1.91400014172	100
40020	40020	66062	66062	55.15	57.58	56.08	54.38	57.12	55.48	54.95	57.70	55.90	54.83	57.47	55.82	1.9144552	100
40120	40120	65962	65962	55.10	57.58	56.02	54.35	57.10	55.48	54.95	57.67	55.85	54.80	57.45	55.78	1.91455715325	100
40220	40220	65862	65862	55.05	57.58	56.00	54.35	57.12	55.48	54.90	57.65	55.85	54.77	57.45	55.77	1.91440746104	100
40320	40320	65762	65762	55.08	57.55	55.98	54.35	57.10	55.50	54.92	57.58	55.83	54.78	57.41	55.77	1.91502995734	100
40420	40420	65662	65662	55.00	57.52	55.90	54.35	57.15	55.42	54.92	57.58	55.80	54.76	57.42	55.71	1.91559813453	100
40520	40520	65562	65562	54.98	57.42	55.90	54.35	57.08	55.40	54.88	57.60	55.75	54.73	57.37	55.68	1.91631148045	100
40620	40620	65462	65462	54.92	57.40	55.88	54.35	57.02	55.35	54.85	57.52	55.70	54.71	57.32	55.64	1.91649991823	100
40720	40720	65362	65362	54.98	57.38	55.83	54.35	57.00	55.33	54.77	57.48	55.70	54.70	57.28	55.62	1.91684656455	100
40820	40820	65262	65262	54.92	57.27	55.77	54.35	57.00	55.33	54.80	57.45	55.62	54.69	57.24	55.58	1.91750945146	100
40920	40920	65162	65162	54.92	57.30	55.80	54.27	57.00	55.30	54.77	57.48	55.62	54.66	57.26	55.58	1.91824987464	100
41020	41020	65062	65062	54.90	57.30	55.77	54.27	57.00	55.30	54.75	57.50	55.60	54.64	57.27	55.56	1.91827990197	100
41120	41120	64962	64962	54.83	57.30	55.75	54.17	56.95	55.33	54.73	57.48	55.60	54.58	57.24	55.56	1.91827135962	100
41220	41220	64862	64862	54.80	57.30	55.73	54.10	56.95	55.30	54.65	57.48	55.58	54.52	57.24	55.53	1.91831277938	100
41320	41320	64762	64762	54.77	57.27	55.70	54.10	56.98	55.25	54.67	57.50	55.58	54.52	57.25	55.51	1.91867667027	100
41420	41420	64662	64662	54.75	57.30	55.70	54.08	56.95	55.27	54.62	57.52	55.58	54.48	57.26	55.52	1.9183920409	100
41520	41520	64562	64562	54.70	57.25	55.70	54.08	56.90	55.25	54.62	57.50	55.55	54.47	57.22	55.50	1.91875186965	100
41620	41620	64462	64462	54.70	57.17	55.70	54.08	56.90	55.27	54.62	57.50	55.55	54.47	57.19	55.51	1.91871176123	100
41720	41720	64362	64362	54.73	57.12	55.70	54.02	56.85	55.27	54.62	57.42	55.55	54.46	57.13	55.51	1.91911729566	100
41820	41820	64262	64262	54.73	57.08	55.67	54.00	56.88	55.23	54.65	57.40	55.55	54.46	57.12	55.48	1.91897623537	100
41920	41920	64162	64162	54.73	57.08	55.65	53.90	56.85	55.23	54.62	57.45	55.50	54.42	57.12	55.46	1.91923155366	100
42020	42020	64062	64062	54.73	57.17	55.65	53.98	56.83	55.23	54.58	57.45	55.45	54.42	57.15	55.44	1.91999793972	100
42120	42120	63962	63962	54.73	57.12	55.60	53.95	56.80	55.23	54.62	57.40	55.45	54.43	57.11	55.42	1.92005303052	100
42220	42220	63862	63862	54.70	57.12	55.62	53.95	56.80	55.20	54.58	57.38	55.40	54.41	57.10	55.41	1.92017945342	100
42320	42320	63762	63762	54.67	57.15	55.62	53.90	56.75	55.23	54.58	57.25	55.38	54.38	57.05	55.41	1.92058218188	100
42420	42420	63662	63662	54.65	57.08	55.65	53.88	56.75	55.17	54.60	57.27	55.35	54.38	57.03	55.39	1.92090385531	100
42520	42520	63562	63562	54.65	57.05	55.62	53.90	56.73	55.20	54.52	57.30	55.35	54.36	57.02	55.39	1.92151536666	100
42620	42620	63462	63462	54.60	57.00	55.62	53.83	56.73	55.15	54.52	57.27	55.35	54.32	57.00	55.38	1.92126006314	100
42720	42720	63362	63362	54.58	57.02	55.60	53.80	56.75	55.12	54.50	57.27	55.27	54.29	57.02	55.33	1.92180960372	100
42820	42820	63262	63262	54.55	56.98	55.58	53.80	56.70	55.12	54.50	57.23	55.27	54.28	56.97	55.33	1.9219174054	100
42920	42920	63162	63162	54.52	56.98	55.55	53.80	56.67	55.08	54.42	57.12	55.27	54.25	56.92	55.30	1.92186015795	100
43020	43020	63062	63062	54.52	56.95	55.58	53.80	56.67	55.05	54.42	57.17	55.25	54.25	56.93	55.29	1.92219940509	100
43120	43120	62962	62962	54.50	56.98	55.52	53.80	56.62	55.00	54.38	57.15	55.20	54.23	56.92	55.24	1.92279999203	100
43220	43220	62862	62862	54.52	56.90	55.55	53.77	56.60	54.98	54.35	57.17	55.20	54.22	56.89	55.24	1.92263714782	100
43320	43320	62762	62762	54.52	56.92	55.50	53.83	56.60	54.95	54.35	57.15	55.17	54.23	56.89	55.21	1.92311637098	91
43411	43411	62671	62671	54.50	56.90	55.50	53.85	56.60	54.95	54.33	57.17	55.20	54.23	56.89	55.22	1.92344813886	100
43511	43511	62571	62571	54.48	56.90	55.50	53.83	56.58	54.95	54.33	57.17	55.20	54.21	56.88	55.22	1.9235752506	100
43611	43611	62471	62471	54.45	56.80	55.48	53.83	56.52	54.95	54.33	57.23	55.15	54.20	56.85	55.19	1.92411823288	100
43711	43711	62371	62371	54.48	56.83	55.45	53.80	56.58	54.95	54.35	57.23	55.12	54.21	56.88	55.17	1.924308769	100
43811	43811	62271	62271	54.40	56.77	55.45	53.83	56.55	54.95	54.33	57.15	55.10	54.18	56.83	55.17	1.92458997918	100
43911	43911	62171	62171	54.42	56.85	55.45	53.85	56.50	54.95	54.30	57.17	55.08	54.19	56.84	55.16	1.92459680788	100
44011	44011	62071	62071	54.35	56.83	55.45	53.88	56.48	54.98	54.30	57.12	55.02	54.17	56.81	55.15	1.92478977551	100
44111	44111	61971	61971	54.38	56.73	55.45	53.88	56.42	55.00	54.38	57.12	55.00	54.21	56.76	55.15	1.92500227841	100
44211	44211	61871	61871	54.35	56.73	55.45	53.83	56.40	54.98	54.35	57.08	55.00	54.17	56.73	55.14	1.92523998772	100
44311	44311	61771	61771	54.33	56.70	55.45	53.80	56.38	54.95	54.30	57.05	55.02	54.14	56.71	55.14	1.92552505943	100
44411	44411	61671	61671	54.33	56.70	55.42	53.77	56.35	54.95	54.33	57.05	55.02	54.14	56.70	55.13	1.92540482665	100
44511	44511	61571	61571	54.35	56.70	55.40	53.77	56.38	54.95	54.30	57.10	55.02	54.14	56.73	55.12	1.92512380511	100
44611	44611	61471	61471	54.35	56.73	55.42	53.75	56.35	54.95	54.33	56.98	55.05	54.14	56.68	55.14	1.9255193525	100
44711	44711	61371	61371	54.33	56.75	55.42	53.73	56.35	54.95	54.27	56.98	55.02	54.11	56.69	55.13	1.92561275387	100
44811	44811	61271	61271	54.33	56.75	55.42	53.75	56.35	54.92	54.25	57.00	54.98	54.11	56.70	55.11	1.92548950819	100
44911	44911	61171	61171	54.30	56.73	55.38	53.73	56.35	54.88	54.27	57.02	55.00	54.10	56.70	55.08	1.92604043793	100
45011	45011	61071	61071	54.33	56.67	55.38	53.67	56.35	54.77	54.23	56.95	55.02	54.08	56.66	55.06	1.92671782081	100
45111	45111	60971	60971	54.33	56.65	55.30	53.62	56.35	54.77	54.20	56.95	55.05	54.05	56.65	55.04	1.9266013639	100
45211	45211	60871	60871	54.30	56.70	55.33	53.60	56.35	54.73	54.12	56.98	55.02	54.01	56.67	55.02	1.92676753759	100
45311	45311	60771	60771	54.27	56.65	55.27	53.60	56.35	54.75	54.17	57.02	55.05	54.02	56.67	55.02	1.92736909741	100
45411	45411	60671	60671	54.27	56.67	55.33	53.62	56.30	54.75	54.23	57.05	55.05	54.04	56.67	55.04	1.92748936911	100
45511	45511	60571	60571	54.33	56.67	55.30	53.58	56.27	54.73	54.23	57.00	55.05	54.04	56.65	55.02	1.92773728958	100
45611	45611	60471	60471	54.35	56.65	55.23	53.55	56.27	54.73	54.20	57.02	55.08	54.03	56.65	55.01	1.92805426873	100
45711	45711	60371	60371	54.35	56.67	55.23	53.52	56.25	54.73	54.23	57.05	55.08	54.03	56.66	55.01	1.928045779	100
45811	45811	60271	60271	54.35	56.65	55.20	53.55	56.25	54.73	54.23	57.00	55.12	54.04	56.63	55.02	1.92811297696	100
45911	45911	60171	60171	54.35	56.62	55.20	53.52	56.27	54.70	54.17	57.02	55.10	54.02	56.64	55.00	1.92831121604	100
46011	46011	60071	60071	54.30	56.62	55.23	53.48	56.25	54.65	54.23	56.95	55.10	54.00	56.61	54.99	1.92846512686	100
46111	46111	59971	59971	54.30	56.60	55.20	53.48	56.27	54.62	54.20	56.95	55.02	53.99	56.61	54.95	1.92824297737	100
46211	46211	59871	59871	54.30	56.58	55.20	53.48	56.25	54.62	54.23	57.02	55.02	54.00	56.62	54.95	1.92824874132	100
46311	46311	59771	59771	54.35	56.62	55.17	53.48	56.23	54.65	54.23	57.02	55.02	54.02	56.62	54.95	1.92856418064	100
46411	46411	59671	59671	54.30	56.55	55.17	53.48	56.17	54.65	54.20	57.02	55.02	53.99	56.58	54.95	1.9288704931	100
46511	46511	59571	59571	54.27	56.52	55.17	53.48	56.15	54.65	54.23	56.95	55.05	53.99	56.54	54.96	1.92944680257	100
46611	46611	59471	59471	54.25	56.50	55.17	53.52	56.17	54.65	54.27	56.98	55.00	54.02	56.55	54.94	1.92957738674	100
46711	46711	59371	59371	54.25	56.48	55.15	53.52	56.17	54.65	54.25	56.92	55.00	54.01	56.52	54.93	1.92967079952	100
46811	46811	59271	59271	54.25	56.52	55.12	53.50	56.20	54.65	54.23	56.95	54.98	53.99	56.56	54.92	1.93038694437	100
46911	46911	59171	59171	54.20	56.50	55.12	53.48	56.20	54.60	54.25	56.92	54.95	53.98	56.54	54.89	1.93030464076	100
47011	47011	59071	59071	54.20	56.45	55.15	53.45	56.15	54.62	54.25	56.88	54.98	53.97	56.49	54.92	1.93098750446	100
47111	47111	58971	58971	54.17	56.40	55.15	53.45	56.12	54.60	54.15	56.83	54.95	53.92	56.45	54.90	1.9310543513	100
47211	47211	58871	58871	54.17	56.40	55.12	53.40	56.15	54.60	54.08	56.80	54.95	53.88	56.45	54.89	1.93135040479	100
47311	47311	58771	58771	54.15	56.38	55.10	53.40	56.15	54.58	54.12	56.80	54.92	53.89	56.44	54.87	1.93161978016	100
47411	47411	58671	58671	54.15	56.30	55.10	53.38	56.12	54.58	54.12	56.80	54.92	53.88	56.41	54.87	1.93152792708	100
47511	47511	58571	58571	54.17	56.30	55.10	53.38	56.08	54.55	54.10	56.77	54.92	53.88	56.38	54.86	1.93186679985	100
47611	47611	58471	58471	54.20	56.25	55.05	53.35	56.08	54.55	54.10	56.75	54.90	53.88	56.36	54.83	1.9316745257	100
47711	47711	58371	58371	54.15	56.20	55.05	53.38	56.10	54.55	54.12	56.67	54.90	53.88	56.33	54.83	1.93185643391	100
47811	47811	58271	58271	54.17	56.23	55.05	53.38	56.08	54.58	54.17	56.77	54.90	53.91	56.36	54.84	1.93187104235	100
47911	47911	58171	58171	54.23	56.23	55.05	53.38	56.10	54.58	54.12	56.80	54.90	53.91	56.38	54.84	1.93223135452	100
48011	48011	58071	58071	54.17	56.20	55.08	53.35	56.10	54.58	54.15	56.80	54.92	53.89	56.37	54.86	1.93258672277	100
48111	48111	57971	57971	54.20	56.20	55.02	53.35	56.10	54.58	54.12	56.83	54.92	53.89	56.38	54.84	1.93348687537	100
48211	48211	57871	57871	54.17	56.15	55.08	53.33	56.10	54.55	54.12	56.75	54.95	53.88	56.33	54.86	1.93361641388	100
48311	48311	57771	57771	54.15	56.17	55.05	53.35	56.12	54.55	54.10	56.70	54.90	53.87	56.33	54.83	1.93435530054	100
48411	48411	57671	57671	54.17	56.15	55.02	53.35	56.15	54.52	54.12	56.65	54.90	53.88	56.32	54.82	1.93468921014	100
48511	48511	57571	57571	54.15	56.12	55.02	53.35	56.08	54.55	54.10	56.67	54.92	53.87	56.29	54.83	1.93480534748	100
48611	48611	57471	57471	54.10	56.08	55.00	53.35	56.08	54.55	54.12	56.52	54.85	53.86	56.23	54.80	1.93503806456	100
48711	48711	57371	57371	54.10	56.05	55.00	53.35	56.02	54.55	54.12	56.58	54.83	53.86	56.22	54.79	1.93550667896	100
48811	48811	57271	57271	54.08	56.10	55.00	53.35	56.00	54.55	54.10	56.52	54.83	53.84	56.21	54.79	1.93626508108	100
48911	48911	57171	57171	54.08	56.08	54.98	53.35	55.98	54.55	54.05	56.48	54.83	53.83	56.17	54.78	1.93787745154	100
49011	49011	57071	57071	54.02	56.10	54.95	53.30	55.98	54.52	54.12	56.45	54.80	53.82	56.17	54.76	1.93748221448	100
49111	49111	56971	56971	54.02	56.08	54.92	53.35	56.00	54.52	54.10	56.50	54.83	53.83	56.19	54.76	1.93811155987	100
49211	49211	56871	56871	54.08	56.05	54.92	53.35	55.98	54.45	54.10	56.48	54.75	53.84	56.17	54.71	1.93836837012	100
49311	49311	56771	56771	54.02	56.12	54.90	53.35	55.95	54.45	54.12	56.45	54.73	53.83	56.17	54.69	1.93891161892	100
49411	49411	56671	56671	54.02	56.12	54.90	53.35	55.98	54.45	54.10	56.40	54.75	53.83	56.17	54.70	1.94000327469	100
49511	49511	56571	56571	54.00	56.12	54.88	53.35	55.98	54.40	54.10	56.38	54.73	53.82	56.16	54.67	1.94038141065	100
49611	49611	56471	56471	54.00	56.10	54.90	53.38	55.95	54.40	54.12	56.38	54.75	53.83	56.14	54.68	1.94106319494	100
49711	49711	56371	56371	54.02	56.10	54.90	53.38	55.95	54.40	54.12	56.35	54.75	53.84	56.13	54.68	1.94111782247	100
49811	49811	56271	56271	54.02	56.12	54.85	53.38	55.95	54.42	54.12	56.35	54.75	53.84	56.14	54.67	1.94177658876	100
49911	49911	56171	56171	54.05	56.10	54.85	53.38	55.98	54.42	54.10	56.38	54.75	53.84	56.15	54.67	1.9423618269	100
50011	50011	56071	56071	53.98	56.05	54.80	53.38	56.00	54.42	54.10	56.38	54.75	53.82	56.14	54.66	1.9429052059	100
50111	50111	55971	55971	54.00	55.95	54.83	53.38	55.98	54.45	54.10	56.30	54.73	53.83	56.08	54.67	1.94322132021	100
50211	50211	55871	55871	54.02	55.98	54.83	53.35	55.95	54.45	54.12	56.33	54.73	53.83	56.08	54.67	1.94376911722	100
50311	50311	55771	55771	54.05	55.92	54.83	53.35	55.90	54.45	54.10	56.30	54.73	53.83	56.04	54.67	1.94408245168	100
50411	50411	55671	55671	54.02	55.95	54.83	53.35	55.90	54.45	54.08	56.35	54.73	53.82	56.07	54.67	1.94440512374	100
50511	50511	55571	55571	54.05	55.98	54.83	53.35	55.92	54.48	54.12	56.33	54.73	53.84	56.08	54.67	1.94440642699	100
50611	50611	55471	55471	54.05	55.98	54.83	53.35	55.92	54.48	54.12	56.33	54.70	53.84	56.08	54.67	1.94438865386	100
50711	50711	55371	55371	54.05	55.95	54.77	53.38	55.92	54.45	54.17	56.30	54.70	53.87	56.06	54.64	1.9443367115	100
50811	50811	55271	55271	54.02	56.00	54.75	53.38	55.92	54.48	54.17	56.20	54.70	53.86	56.04	54.64	1.94418974578	100
50911	50911	55171	55171	54.00	56.00	54.73	53.38	55.92	54.48	54.15	56.17	54.70	53.84	56.03	54.63	1.94412946574	100
51011	51011	55071	55071	54.00	56.00	54.75	53.40	55.92	54.48	54.15	56.20	54.70	53.85	56.04	54.64	1.9442438971	100
51111	51111	54971	54971	54.00	55.95	54.75	53.40	55.92	54.48	54.23	56.17	54.67	53.88	56.02	54.63	1.94420834869	100
51211	51211	54871	54871	54.00	55.95	54.73	53.38	55.90	54.48	54.20	56.15	54.67	53.86	56.00	54.62	1.94438449062	100
51311	51311	54771	54771	54.00	56.00	54.73	53.38	55.92	54.48	54.23	56.17	54.67	53.87	56.03	54.62	1.94455873278	100
51411	51411	54671	54671	54.00	56.00	54.73	53.35	55.90	54.48	54.17	56.17	54.70	53.84	56.02	54.63	1.94447970099	100
51511	51511	54571	54571	54.00	56.00	54.75	53.35	55.92	54.45	54.15	56.20	54.70	53.83	56.04	54.63	1.94446950331	100
51611	51611	54471	54471	54.00	56.00	54.73	53.38	55.92	54.45	54.17	56.17	54.67	53.85	56.03	54.62	1.94435213575	100
51711	51711	54371	54371	54.02	56.02	54.73	53.35	55.90	54.42	54.15	56.20	54.67	53.84	56.04	54.61	1.94467792786	100
51811	51811	54271	54271	54.02	56.02	54.70	53.35	55.92	54.42	54.12	56.20	54.67	53.83	56.05	54.60	1.94495210265	100
51911	51911	54171	54171	54.05	56.00	54.70	53.35	55.92	54.42	54.15	56.12	54.70	53.85	56.02	54.61	1.9451986218	100
52011	52011	54071	54071	54.00	56.05	54.70	53.33	55.92	54.42	54.08	56.17	54.70	53.80	56.05	54.61	1.94540065104	100
52111	52111	53971	53971	54.02	56.05	54.70	53.35	55.92	54.42	54.10	56.15	54.67	53.83	56.04	54.60	1.94541943145	100
52211	52211	53871	53871	54.00	56.05	54.70	53.35	55.92	54.48	54.08	56.12	54.67	53.81	56.03	54.62	1.94535545942	100
52311	52311	53771	53771	53.98	56.02	54.70	53.33	55.92	54.48	54.10	56.12	54.67	53.80	56.02	54.62	1.94501375094	100
52411	52411	53671	53671	54.02	56.05	54.70	53.33	55.92	54.50	54.12	56.12	54.70	53.83	56.03	54.63	1.94507930977	100
52511	52511	53571	53571	54.00	56.05	54.73	53.38	55.92	54.48	54.12	56.17	54.67	53.83	56.05	54.62	1.94519777054	100
52611	52611	53471	53471	54.00	56.05	54.73	53.38	55.92	54.48	54.12	56.12	54.67	53.83	56.03	54.62	1.94527926794	100
52711	52711	53371	53371	53.98	56.05	54.73	53.35	55.92	54.48	54.12	56.15	54.67	53.82	56.04	54.62	1.94553665706	100
52811	52811	53271	53271	53.92	56.05	54.73	53.38	55.98	54.48	54.15	56.15	54.67	53.82	56.06	54.62	1.94504610619	100
52911	52911	53171	53171	53.95	56.05	54.73	53.38	55.98	54.48	54.15	56.12	54.67	53.83	56.05	54.62	1.94525599435	100
53011	53011	53071	53071	53.95	56.02	54.73	53.38	55.92	54.48	54.15	56.12	54.67	53.83	56.02	54.62	1.94521187914	100
53111	53111	52971	52971	53.92	56.05	54.70	53.38	55.92	54.48	54.12	56.12	54.65	53.81	56.03	54.61	1.94519990254	100
53211	53211	52871	52871	53.95	56.02	54.70	53.38	55.92	54.48	54.12	56.12	54.62	53.82	56.02	54.60	1.94544872856	100
53311	53311	52771	52771	53.95	56.02	54.70	53.38	55.95	54.48	54.17	56.10	54.62	53.83	56.02	54.60	1.94571149203	100
53411	53411	52671	52671	53.95	56.05	54.70	53.38	55.95	54.50	54.15	56.12	54.62	53.83	56.04	54.61	1.9456694914	100
53511	53511	52571	52571	53.98	56.05	54.73	53.38	55.92	54.50	54.15	56.10	54.65	53.83	56.02	54.62	1.94573008334	100
53611	53611	52471	52471	53.90	56.02	54.65	53.35	55.92	54.50	54.15	56.12	54.65	53.80	56.02	54.60	1.94621068108	100
53711	53711	52371	52371	53.92	56.00	54.65	53.35	55.92	54.52	54.20	56.08	54.62	53.83	56.00	54.60	1.9461338604	100
53811	53811	52271	52271	53.90	56.00	54.67	53.35	55.95	54.55	54.23	56.10	54.60	53.83	56.02	54.61	1.9462715945	100
53911	53911	52171	52171	53.90	56.00	54.67	53.33	55.95	54.55	54.23	56.12	54.58	53.82	56.02	54.60	1.94641814011	100
54011	54011	52071	52071	53.90	56.02	54.67	53.33	55.90	54.55	54.20	56.10	54.55	53.81	56.01	54.59	1.94643027894	100
54111	54111	51971	51971	53.88	55.98	54.67	53.33	55.92	54.55	54.17	56.08	54.52	53.79	55.99	54.58	1.94618806859	100
54211	54211	51871	51871	53.88	55.98	54.67	53.30	55.90	54.52	54.23	56.05	54.55	53.80	55.98	54.58	1.94640907921	100
54311	54311	51771	51771	53.88	55.98	54.67	53.33	55.92	54.52	54.17	56.10	54.52	53.79	56.00	54.58	1.94658075635	100
54411	54411	51671	51671	53.90	55.98	54.70	53.30	55.90	54.52	54.15	56.12	54.52	53.78	56.00	54.58	1.94640398266	100
54511	54511	51571	51571	53.88	55.95	54.73	53.30	55.90	54.52	54.15	56.10	54.52	53.77	55.98	54.59	1.94660844633	100
54611	54611	51471	51471	53.88	55.95	54.77	53.30	55.90	54.52	54.10	56.12	54.52	53.76	55.99	54.61	1.94669524323	100
54711	54711	51371	51371	53.88	55.95	54.77	53.30	55.95	54.52	54.10	56.08	54.52	53.76	55.99	54.61	1.94677894982	100
54811	54811	51271	51271	53.88	55.95	54.80	53.30	55.95	54.52	54.15	56.08	54.52	53.77	55.99	54.62	1.9472047339	100
54911	54911	51171	51171	53.88	55.98	54.77	53.30	55.92	54.52	54.10	56.05	54.52	53.76	55.98	54.61	1.94728050627	100
55011	55011	51071	51071	53.85	55.95	54.75	53.30	55.92	54.52	54.12	56.00	54.52	53.76	55.96	54.60	1.94708135297	100
55111	55111	50971	50971	53.83	55.92	54.73	53.33	55.95	54.52	54.10	56.00	54.50	53.75	55.96	54.58	1.94732670727	100
55211	55211	50871	50871	53.85	55.90	54.73	53.30	55.95	54.50	54.15	56.00	54.50	53.77	55.95	54.58	1.94715541909	100
55311	55311	50771	50771	53.85	55.92	54.73	53.33	55.92	54.50	54.10	56.00	54.50	53.76	55.95	54.58	1.94697433234	100
55411	55411	50671	50671	53.92	55.90	54.73	53.33	55.92	54.50	54.10	56.00	54.52	53.78	55.94	54.58	1.94660800872	100
55511	55511	50571	50571	53.92	55.90	54.73	53.38	55.92	54.52	54.15	56.02	54.50	53.82	55.95	54.58	1.94621295723	100
55611	55611	50471	50471	53.92	55.90	54.73	53.38	55.92	54.52	54.15	56.02	54.52	53.82	55.95	54.59	1.94630678475	100
55711	55711	50371	50371	53.92	55.95	54.73	53.40	55.90	54.52	54.15	56.02	54.52	53.83	55.96	54.59	1.94619448454	100
55811	55811	50271	50271	53.90	55.92	54.77	53.42	55.90	54.52	54.12	56.08	54.52	53.82	55.97	54.61	1.9463225782	100
55911	55911	50171	50171	53.92	55.92	54.77	53.42	55.90	54.52	54.12	56.05	54.50	53.83	55.96	54.60	1.94627580154	100
56011	56011	50071	50071	53.92	55.95	54.77	53.42	55.90	54.52	54.15	56.02	54.55	53.83	55.96	54.62	1.94608774863	100
56111	56111	49971	49971	53.92	55.98	54.77	53.42	55.88	54.55	54.15	56.00	54.50	53.83	55.95	54.61	1.94598207237	100
56211	56211	49871	49871	53.92	55.92	54.77	53.42	55.85	54.58	54.20	56.00	54.52	53.85	55.92	54.62	1.94607731922	100
56311	56311	49771	49771	53.92	55.98	54.77	53.45	55.85	54.62	54.17	56.00	54.50	53.85	55.94	54.63	1.94579766741	100
56411	56411	49671	49671	53.92	55.98	54.77	53.45	55.85	54.60	54.15	56.00	54.50	53.84	55.94	54.62	1.94549034702	100
56511	56511	49571	49571	53.90	55.95	54.77	53.45	55.85	54.58	54.15	55.98	54.48	53.83	55.92	54.61	1.94566343684	100
56611	56611	49471	49471	53.98	56.00	54.77	53.42	55.80	54.58	54.15	55.98	54.40	53.85	55.92	54.58	1.94536499172	100
56711	56711	49371	49371	53.95	56.00	54.77	53.42	55.75	54.60	54.15	55.98	54.40	53.84	55.91	54.59	1.94499883604	100
56811	56811	49271	49271	53.92	56.00	54.77	53.42	55.77	54.60	54.17	55.95	54.40	53.84	55.91	54.59	1.94536643502	100
56911	56911	49171	49171	53.92	55.95	54.77	53.42	55.70	54.62	54.20	55.98	54.38	53.85	55.88	54.59	1.94523514881	100
57011	57011	49071	49071	53.98	55.95	54.77	53.40	55.73	54.65	54.23	55.95	54.38	53.87	55.88	54.60	1.9450217996	100
57111	57111	48971	48971	53.95	55.92	54.77	53.40	55.75	54.62	54.23	55.95	54.40	53.86	55.88	54.60	1.94509243957	100
57211	57211	48871	48871	54.00	55.98	54.77	53.40	55.70	54.67	54.27	55.90	54.38	53.89	55.86	54.61	1.94500280807	100
57311	57311	48771	48771	54.00	56.02	54.77	53.40	55.73	54.65	54.27	55.90	54.38	53.89	55.88	54.60	1.94498439864	100
57411	57411	48671	48671	54.00	56.02	54.77	53.40	55.70	54.67	54.30	55.88	54.38	53.90	55.87	54.61	1.94447029491	100
57511	57511	48571	48571	53.98	56.05	54.77	53.42	55.73	54.67	54.30	55.95	54.40	53.90	55.91	54.62	1.94452262366	100
57611	57611	48471	48471	53.95	56.08	54.80	53.42	55.70	54.65	54.27	55.98	54.38	53.88	55.92	54.61	1.94458454535	100
57711	57711	48371	48371	53.95	56.02	54.77	53.42	55.75	54.67	54.27	56.00	54.40	53.88	55.92	54.62	1.94419210278	100
57811	57811	48271	48271	53.92	56.02	54.77	53.40	55.77	54.65	54.20	56.00	54.42	53.84	55.93	54.62	1.94419086497	100
57911	57911	48171	48171	53.92	55.98	54.77	53.35	55.77	54.65	54.23	56.00	54.45	53.83	55.92	54.62	1.94441303468	100
58011	58011	48071	48071	53.92	55.95	54.80	53.35	55.75	54.65	54.20	55.98	54.45	53.83	55.89	54.63	1.94394311636	100
58111	58111	47971	47971	53.92	55.98	54.80	53.33	55.75	54.62	54.23	55.95	54.42	53.83	55.89	54.62	1.9437663841	100
58211	58211	47871	47871	53.92	55.98	54.80	53.40	55.73	54.60	54.20	55.98	54.42	53.84	55.89	54.61	1.94372296212	100
58311	58311	47771	47771	53.95	55.95	54.80	53.42	55.67	54.60	54.17	55.98	54.40	53.85	55.87	54.60	1.9434231751	100
58411	58411	47671	47671	53.95	55.95	54.80	53.42	55.73	54.65	54.20	55.98	54.42	53.86	55.88	54.62	1.94299083762	100
58511	58511	47571	47571	53.95	55.95	54.80	53.42	55.80	54.65	54.17	55.92	54.48	53.85	55.89	54.64	1.94249499036	100
58611	58611	47471	47471	53.95	55.95	54.80	53.42	55.83	54.65	54.15	55.92	54.48	53.84	55.90	54.64	1.9423752626	100
58711	58711	47371	47371	53.98	55.92	54.80	53.42	55.75	54.67	54.15	55.90	54.45	53.85	55.86	54.64	1.94222718732	100
58811	58811	47271	47271	53.98	55.90	54.83	53.42	55.75	54.67	54.15	55.90	54.45	53.85	55.85	54.65	1.94167363742	100
58911	58911	47171	47171	53.98	55.90	54.83	53.40	55.67	54.65	54.15	55.90	54.45	53.84	55.83	54.64	1.94202977285	100
59011	59011	47071	47071	53.92	55.90	54.83	53.38	55.67	54.65	54.15	55.90	54.48	53.82	55.83	54.65	1.94208233701	100
59111	59111	46971	46971	53.92	55.90	54.80	53.38	55.65	54.67	54.12	55.90	54.45	53.81	55.82	54.64	1.94249699258	100
59211	59211	46871	46871	53.90	55.92	54.83	53.38	55.62	54.70	54.08	55.90	54.40	53.78	55.82	54.64	1.94211689646	100
59311	59311	46771	46771	53.92	55.88	54.77	53.38	55.70	54.70	54.10	55.92	54.38	53.80	55.83	54.62	1.9419102859	100
59411	59411	46671	46671	53.90	55.90	54.77	53.38	55.75	54.70	54.10	55.90	54.35	53.79	55.85	54.61	1.9409984468	100
59511	59511	46571	46571	53.92	55.90	54.75	53.40	55.77	54.70	54.10	55.95	54.35	53.81	55.88	54.60	1.94142812902	100
59611	59611	46471	46471	53.88	55.88	54.75	53.40	55.73	54.70	54.10	55.92	54.38	53.79	55.84	54.61	1.94111530949	100
59711	59711	46371	46371	53.85	55.88	54.75	53.38	55.73	54.70	54.05	55.90	54.40	53.76	55.83	54.62	1.94047877624	100
59811	59811	46271	46271	53.83	55.88	54.73	53.40	55.70	54.70	54.05	55.88	54.40	53.76	55.82	54.61	1.94015676351	100
