12120	12120	94562	94562	75.05	77.75	79.85	74.58	77.65	79.25	75.28	78.53	79.90	74.97	77.97	79.67	1.9785332668
12120	12120	93562	93562	75.08	77.75	79.85	74.55	77.62	79.25	75.28	78.53	79.88	74.97	77.97	79.66	1.91043824858	200
12320	12320	93362	93362	75.55	77.92	80.08	74.97	77.47	79.28	76.17	78.95	80.05	75.57	78.12	79.80	1.89673885237	200
12520	12520	93162	93162	75.62	77.58	79.90	75.10	77.12	79.03	76.55	78.58	80.00	75.76	77.76	79.64	1.8620300331	200
12720	12720	92962	92962	75.92	77.80	79.83	75.25	76.90	78.83	76.30	78.58	79.92	75.83	77.76	79.53	1.84465249319	200
12920	12920	92762	92762	75.92	77.62	79.50	75.22	76.72	78.45	76.45	78.35	79.95	75.87	77.57	79.30	1.82964519701	200
13120	13120	92562	92562	75.80	77.42	79.42	74.92	76.80	78.47	76.70	78.10	79.90	75.81	77.44	79.27	1.82169502709	200
13320	13320	92362	92362	75.97	77.65	79.08	74.83	76.55	77.97	76.55	77.97	79.62	75.78	77.39	78.89	1.80420862817	200
13520	13520	92162	92162	75.83	77.03	78.78	74.75	76.10	77.67	76.95	77.30	79.35	75.84	76.81	78.60	1.79881888497	200
13720	13720	91962	91962	75.53	76.45	78.42	74.65	75.55	77.05	76.92	76.97	79.03	75.70	76.33	78.17	1.79608182939	200
13920	13920	91762	91762	75.62	76.28	78.17	74.55	75.50	76.67	76.35	76.95	79.03	75.51	76.24	77.96	1.78717954161	200
14120	14120	91562	91562	75.47	76.30	78.03	74.25	75.33	76.42	76.47	76.83	78.60	75.40	76.15	77.68	1.78764473079	200
14320	14320	91362	91362	75.12	76.12	77.75	73.65	74.90	75.95	76.22	76.83	78.53	75.00	75.95	77.41	1.7924665077	200
14520	14520	91162	91162	75.25	75.83	77.22	73.65	74.78	75.55	76.15	76.60	78.20	75.02	75.73	76.99	1.78674145371	200
14720	14720	90962	90962	74.72	75.58	76.78	73.58	74.12	75.45	76.40	76.45	77.88	74.90	75.38	76.70	1.79167636189	200
14920	14920	90762	90762	74.30	75.15	76.38	73.35	73.95	75.25	75.90	76.25	77.75	74.52	75.12	76.46	1.79335199019	200
15120	15120	90562	90562	74.05	74.90	75.88	73.25	73.60	75.00	75.62	75.78	77.40	74.31	74.76	76.09	1.79923511932	200
15320	15320	90362	90362	73.53	74.65	75.65	72.85	73.22	74.70	75.17	75.40	77.03	73.85	74.42	75.79	1.79536377983	200
15520	15520	90162	90162	73.22	74.25	75.10	72.28	72.90	74.40	74.83	74.92	76.67	73.44	74.03	75.39	1.79606117395	200
15720	15720	89962	89962	73.10	73.88	74.58	72.12	72.65	74.05	74.38	74.72	76.25	73.20	73.75	74.96	1.79838639782	200
15920	15920	89762	89762	72.90	73.33	74.05	71.78	72.05	73.75	73.95	74.12	75.88	72.88	73.17	74.56	1.80103816275	200
16120	16120	89562	89562	72.60	73.03	73.80	71.62	71.72	73.28	73.95	73.80	75.47	72.72	72.85	74.18	1.80046786144	200
16320	16320	89362	89362	72.42	72.90	73.45	71.22	71.40	72.85	73.67	73.72	75.15	72.44	72.67	73.82	1.80260735116	200
16520	16520	89162	89162	72.08	72.33	73.38	71.25	71.25	72.55	73.45	73.38	74.85	72.26	72.32	73.59	1.80454407181	200
16720	16720	88962	88962	71.88	71.95	73.25	70.83	70.85	72.28	72.83	73.05	74.65	71.84	71.95	73.39	1.80843581136	200
16920	16920	88762	88762	71.42	71.65	72.70	70.55	70.40	71.80	72.70	72.95	74.30	71.56	71.67	72.93	1.81057201493	200
17120	17120	88562	88562	70.92	71.33	72.17	70.42	70.12	71.42	72.03	72.60	73.85	71.12	71.35	72.48	1.81196290249	200
17320	17320	88362	88362	70.75	70.97	71.95	70.25	69.78	71.20	72.00	72.50	73.53	71.00	71.08	72.22	1.81257029754	200
17520	17520	88162	88162	70.53	70.62	71.60	70.22	69.60	70.97	71.65	72.20	73.10	70.80	70.81	71.89	1.81583304349	200
17720	17720	87962	87962	70.12	70.38	71.22	69.90	69.22	70.50	71.22	71.92	72.88	70.42	70.51	71.53	1.81428428462	200
17920	17920	87762	87762	69.83	70.12	70.92	69.50	68.92	70.05	70.92	71.75	72.53	70.08	70.27	71.17	1.81530784565	200
18120	18120	87562	87562	69.50	69.50	70.42	69.20	68.58	69.53	70.55	71.28	71.83	69.75	69.78	70.59	1.81683548943	200
18320	18320	87362	87362	69.20	69.08	69.80	68.83	68.08	68.95	70.47	70.85	71.17	69.50	69.33	69.97	1.81938575476	200
18520	18520	87162	87162	68.72	68.85	69.45	68.35	67.95	68.45	70.25	70.58	70.83	69.11	69.12	69.58	1.82155558683	200
18720	18720	86962	86962	67.97	68.62	69.33	67.78	67.83	68.10	69.88	70.28	70.47	68.54	68.91	69.30	1.82414231131	200
18920	18920	86762	86762	67.55	68.22	68.65	67.42	67.60	67.88	69.60	70.10	70.10	68.19	68.64	68.88	1.82521813488	200
19120	19120	86562	86562	67.12	68.20	68.17	67.10	67.33	67.67	69.42	69.83	69.60	67.88	68.45	68.48	1.82628734146	200
19320	19320	86362	86362	66.90	67.78	67.62	66.72	66.95	67.28	68.92	69.35	69.40	67.52	68.03	68.10	1.82910618183	200
19520	19520	86162	86162	66.55	67.38	67.38	66.75	66.67	66.85	68.17	69.12	69.03	67.16	67.72	67.75	1.83063134527	200
19720	19720	85962	85962	66.28	67.28	67.03	66.30	66.58	66.53	68.05	69.03	68.60	66.88	67.62	67.38	1.83204460724	200
19920	19920	85762	85762	66.20	66.85	66.92	65.88	66.33	65.88	67.47	68.60	68.17	66.52	67.26	66.99	1.83389079142	200
20120	20120	85562	85562	65.47	66.40	66.30	65.45	66.20	65.38	67.33	68.25	67.62	66.08	66.95	66.43	1.83482275583	200
20320	20320	85362	85362	65.20	66.30	66.15	65.30	66.20	65.28	67.00	68.03	67.25	65.83	66.84	66.22	1.83598936756	200
20520	20520	85162	85162	64.85	66.17	65.92	64.97	66.15	65.05	66.72	67.67	67.10	65.52	66.67	66.03	1.83687950977	200
20720	20720	84962	84962	64.62	66.15	65.62	64.65	65.90	64.95	66.50	67.45	66.72	65.26	66.50	65.77	1.83923049474	200
20920	20920	84762	84762	64.85	65.92	65.38	64.55	65.80	64.85	66.33	67.12	66.62	65.24	66.28	65.62	1.83984485089	200
21120	21120	84562	84562	64.53	65.78	65.20	64.50	65.62	64.67	66.22	66.80	66.50	65.08	66.07	65.46	1.84021526482	200
21320	21320	84362	84362	64.15	65.38	64.88	64.17	65.25	64.30	65.92	66.45	66.42	64.75	65.69	65.20	1.84017215358	200
21520	21520	84162	84162	64.00	65.20	64.72	64.03	65.08	64.10	65.67	66.42	66.17	64.57	65.57	65.00	1.84050783699	200
21720	21720	83962	83962	63.90	64.97	64.45	63.70	64.70	63.83	65.47	66.25	65.85	64.36	65.31	64.71	1.84110456069	200
21920	21920	83762	83762	63.80	64.97	64.33	63.42	64.50	63.48	65.28	65.90	65.62	64.17	65.12	64.47	1.84300589216	200
22120	22120	83562	83562	63.60	64.75	64.00	63.25	64.12	63.27	65.05	65.80	65.53	63.97	64.89	64.27	1.84307712592	200
22320	22320	83362	83362	63.40	64.53	63.73	63.08	64.05	63.25	64.80	65.75	65.55	63.76	64.78	64.17	1.84456371059	200
22520	22520	83162	83162	63.23	64.30	63.40	62.88	63.92	63.10	64.40	65.55	65.30	63.50	64.59	63.93	1.84530277656	200
22720	22720	82962	82962	63.00	64.35	63.30	62.65	63.75	62.95	64.33	65.42	65.10	63.33	64.51	63.78	1.84614106132	200
22920	22920	82762	82762	62.95	64.20	63.27	62.62	63.60	62.75	64.17	65.20	64.67	63.25	64.33	63.57	1.84852935292	200
23120	23120	82562	82562	62.73	64.05	63.02	62.48	63.58	62.60	63.83	65.12	64.55	63.01	64.25	63.39	1.84900066459	200
23320	23320	82362	82362	62.60	63.80	62.88	62.42	63.27	62.55	63.83	64.78	64.30	62.95	63.95	63.24	1.84934538791	200
23520	23520	82162	82162	62.50	63.55	62.75	62.25	63.08	62.35	63.58	64.70	63.95	62.77	63.77	63.02	1.8481661438	200
23720	23720	81962	81962	62.20	63.50	62.65	62.02	63.05	62.23	63.33	64.65	63.83	62.52	63.73	62.90	1.84932753356	200
23920	23920	81762	81762	62.05	63.38	62.50	61.67	62.70	62.00	63.10	64.42	63.58	62.27	63.50	62.69	1.85032428808	200
24120	24120	81562	81562	61.62	63.30	62.40	61.48	62.60	61.98	62.67	64.12	63.38	61.92	63.34	62.58	1.85136729359	200
24320	24320	81362	81362	61.67	63.08	62.25	61.33	62.38	61.88	62.60	63.88	63.15	61.87	63.11	62.42	1.85180413934	200
24520	24520	81162	81162	61.52	62.95	62.15	61.08	62.25	61.73	62.38	63.65	63.00	61.66	62.95	62.29	1.85314147883	200
24720	24720	80962	80962	61.40	62.73	61.75	60.80	62.05	61.73	62.35	63.55	62.65	61.52	62.77	62.04	1.8552713738	200
24920	24920	80762	80762	61.35	62.48	61.55	60.75	62.05	61.42	62.30	63.67	62.50	61.47	62.73	61.83	1.85570258234	200
25120	25120	80562	80562	61.30	62.30	61.38	60.52	61.88	61.12	62.33	63.40	62.23	61.38	62.52	61.58	1.85652494744	200
25320	25320	80362	80362	61.15	62.27	61.27	60.35	61.73	60.98	62.10	63.15	62.00	61.20	62.38	61.42	1.85702062001	200
25520	25520	80162	80162	61.15	62.15	61.05	60.17	61.65	60.90	61.90	62.90	61.90	61.08	62.23	61.28	1.85791367425	200
25720	25720	79962	79962	60.98	62.05	61.05	60.12	61.58	60.80	61.73	62.75	61.67	60.94	62.12	61.17	1.85841145996	200
25920	25920	79762	79762	60.83	62.00	60.83	60.00	61.45	60.50	61.62	62.80	61.35	60.82	62.08	60.89	1.85826948835	200
26120	26120	79562	79562	60.65	61.95	60.67	59.80	61.38	60.35	61.40	62.62	61.33	60.62	61.98	60.78	1.85948676176	200
26320	26320	79362	79362	60.33	61.85	60.52	59.58	61.23	60.38	61.12	62.60	61.25	60.34	61.89	60.72	1.85901310349	200
26520	26520	79162	79162	59.95	61.80	60.33	59.55	61.17	60.12	60.80	62.48	61.08	60.10	61.82	60.51	1.85905963666	200
26720	26720	78962	78962	59.83	61.62	60.08	59.45	61.15	59.95	60.58	62.38	61.02	59.95	61.72	60.35	1.85829458861	200
26920	26920	78762	78762	59.58	61.60	59.88	59.30	61.08	59.83	60.30	62.17	60.85	59.73	61.62	60.18	1.85944061273	200
27120	27120	78562	78562	59.38	61.52	59.55	59.08	60.95	59.60	60.02	62.10	60.60	59.49	61.52	59.92	1.8607240401	200
27320	27320	78362	78362	59.33	61.33	59.40	59.02	60.77	59.50	59.98	61.92	60.42	59.44	61.34	59.77	1.86165098895	200
27520	27520	78162	78162	59.27	61.23	59.17	58.75	60.67	59.33	59.67	61.60	60.25	59.23	61.17	59.58	1.86264332904	200
27720	27720	77962	77962	59.12	61.15	59.10	58.65	60.60	59.25	59.60	61.50	60.08	59.12	61.08	59.48	1.86388842321	200
27920	27920	77762	77762	59.10	60.95	58.98	58.50	60.50	59.05	59.55	61.20	59.95	59.05	60.88	59.33	1.86457799896	200
28120	28120	77562	77562	58.90	60.80	58.92	58.42	60.35	58.95	59.48	61.17	59.77	58.93	60.77	59.22	1.8655323085	200
28320	28320	77362	77362	58.98	60.77	58.90	58.35	60.10	58.85	59.20	61.02	59.70	58.84	60.63	59.15	1.86706845963	200
28520	28520	77162	77162	58.77	60.65	58.85	58.25	60.08	58.85	59.08	60.92	59.48	58.70	60.55	59.06	1.86705291795	200
28720	28720	76962	76962	58.65	60.52	58.75	58.10	59.88	58.62	59.00	60.77	59.38	58.58	60.39	58.92	1.86805714067	200
28920	28920	76762	76762	58.55	60.33	58.65	58.10	59.88	58.50	58.70	60.77	59.25	58.45	60.33	58.80	1.86846203331	200
29120	29120	76562	76562	58.52	60.12	58.60	57.95	59.85	58.38	58.67	60.67	59.12	58.38	60.22	58.70	1.86909962152	200
29320	29320	76362	76362	58.52	60.15	58.50	57.80	59.73	58.35	58.73	60.45	58.98	58.35	60.11	58.61	1.86987735	200
29520	29520	76162	76162	58.42	60.02	58.50	57.75	59.60	58.20	58.55	60.42	58.80	58.24	60.02	58.50	1.87091228099	200
29720	29720	75962	75962	58.23	59.90	58.42	57.67	59.35	58.12	58.40	60.33	58.75	58.10	59.86	58.43	1.87273930934	200
29920	29920	75762	75762	58.12	59.70	58.30	57.67	59.17	58.05	58.25	60.23	58.58	58.02	59.70	58.31	1.87373674868	200
30120	30120	75562	75562	57.92	59.58	58.25	57.50	59.00	57.98	58.10	60.20	58.55	57.84	59.59	58.26	1.87616340224	200
30320	30320	75362	75362	57.88	59.48	58.12	57.50	58.88	57.88	57.90	60.20	58.38	57.76	59.52	58.12	1.87620675132	200
30520	30520	75162	75162	57.77	59.48	58.02	57.45	58.88	57.83	57.77	60.12	58.20	57.67	59.49	58.02	1.877354081	200
30720	30720	74962	74962	57.65	59.48	57.92	57.25	58.70	57.73	57.83	59.95	58.08	57.58	59.38	57.91	1.87883070876	200
30920	30920	74762	74762	57.65	59.35	57.85	57.23	58.67	57.65	57.83	59.85	57.90	57.57	59.29	57.80	1.88002499049	200
31120	31120	74562	74562	57.73	59.30	57.77	57.05	58.65	57.60	57.67	59.80	57.92	57.48	59.25	57.77	1.881577538	200
31320	31320	74362	74362	57.62	59.23	57.65	57.00	58.52	57.52	57.52	59.55	57.98	57.38	59.10	57.72	1.88178398095	200
31520	31520	74162	74162	57.50	59.15	57.60	56.92	58.50	57.50	57.48	59.50	57.80	57.30	59.05	57.63	1.88377065233	200
31720	31720	73962	73962	57.38	59.00	57.50	56.77	58.45	57.35	57.33	59.50	57.83	57.16	58.98	57.56	1.88430088716	200
31920	31920	73762	73762	57.27	59.02	57.45	56.80	58.35	57.30	57.15	59.48	57.70	57.08	58.95	57.48	1.88562678844	200
32120	32120	73562	73562	57.23	58.92	57.35	56.67	58.25	57.20	57.20	59.33	57.65	57.03	58.83	57.40	1.88623034864	200
32320	32320	73362	73362	57.20	58.88	57.25	56.58	58.23	57.10	57.08	59.35	57.58	56.95	58.82	57.31	1.88674226948	200
32520	32520	73162	73162	57.12	58.85	57.23	56.58	58.25	57.05	57.05	59.17	57.55	56.92	58.76	57.27	1.88774667478	200
32720	32720	72962	72962	57.10	58.85	57.23	56.55	58.20	57.02	56.92	59.17	57.42	56.86	58.74	57.23	1.88936599497	200
32920	32920	72762	72762	57.08	58.80	57.17	56.40	58.10	56.88	56.95	59.17	57.38	56.81	58.69	57.14	1.89049960028	200
33120	33120	72562	72562	56.95	58.75	57.02	56.30	58.08	56.90	56.92	59.12	57.35	56.73	58.65	57.09	1.89109747343	200
33320	33320	72362	72362	56.88	58.70	57.05	56.25	58.08	56.90	56.88	59.12	57.35	56.67	58.63	57.10	1.89260568658	200
33520	33520	72162	72162	56.90	58.65	57.02	56.08	58.05	56.83	56.73	59.08	57.35	56.57	58.59	57.07	1.894356788	200
33720	33720	71962	71962	56.80	58.60	57.05	55.95	58.02	56.77	56.58	58.98	57.33	56.44	58.53	57.05	1.89534967115	200
33920	33920	71762	71762	56.75	58.55	57.02	55.88	58.00	56.67	56.45	59.02	57.33	56.36	58.52	57.01	1.89648350325	200
34120	34120	71562	71562	56.60	58.50	57.02	55.67	57.88	56.62	56.23	58.98	57.23	56.17	58.45	56.96	1.89665435603	200
34320	34320	71362	71362	56.65	58.48	56.95	55.55	57.90	56.60	56.27	58.90	57.25	56.16	58.42	56.93	1.89755748169	200
34520	34520	71162	71162	56.52	58.42	56.95	55.48	57.85	56.55	56.30	58.88	57.23	56.10	58.38	56.91	1.89739043032	200
34720	34720	70962	70962	56.50	58.40	56.95	55.48	57.88	56.50	56.27	58.83	57.12	56.08	58.37	56.86	1.89784381275	200
34920	34920	70762	70762	56.50	58.35	56.90	55.38	57.75	56.42	56.17	58.75	57.10	56.02	58.28	56.81	1.89794397969	200
35120	35120	70562	70562	56.35	58.42	56.90	55.25	57.73	56.35	56.17	58.73	56.95	55.92	58.29	56.73	1.89884763588	200
35320	35320	70362	70362	56.30	58.40	56.83	55.30	57.55	56.38	56.12	58.60	56.85	55.91	58.18	56.68	1.89968411593	200
35520	35520	70162	70162	56.27	58.35	56.85	55.23	57.58	56.40	55.98	58.65	56.85	55.83	58.19	56.70	1.90048626331	200
35720	35720	69962	69962	56.10	58.23	56.83	55.25	57.52	56.35	56.00	58.55	56.92	55.78	58.10	56.70	1.90121384376	200
35920	35920	69762	69762	56.02	58.20	56.83	55.20	57.48	56.33	55.98	58.45	56.88	55.73	58.04	56.67	1.90208112715	200
36120	36120	69562	69562	55.92	58.20	56.77	55.15	57.50	56.30	55.90	58.40	56.80	55.66	58.03	56.62	1.90237081221	200
36320	36320	69362	69362	55.85	58.15	56.62	55.17	57.52	56.25	55.85	58.42	56.80	55.62	58.03	56.56	1.90309788499	200
36520	36520	69162	69162	55.92	58.15	56.62	55.10	57.45	56.23	55.92	58.38	56.75	55.65	57.99	56.53	1.90332792792	200
36720	36720	68962	68962	55.90	58.15	56.70	55.05	57.40	56.15	55.88	58.42	56.73	55.61	57.99	56.52	1.90368963383	200
36920	36920	68762	68762	55.90	58.10	56.65	55.02	57.45	56.02	55.88	58.35	56.65	55.60	57.97	56.44	1.90382137617	200
37120	37120	68562	68562	55.85	58.00	56.58	54.95	57.38	55.88	55.73	58.27	56.62	55.51	57.88	56.36	1.90379032825	200
37320	37320	68362	68362	55.77	58.00	56.48	54.92	57.50	55.80	55.67	58.30	56.58	55.46	57.93	56.28	1.90439208119	200
37520	37520	68162	68162	55.67	57.92	56.55	54.90	57.50	55.75	55.65	58.27	56.58	55.41	57.90	56.29	1.90474917544	200
37720	37720	67962	67962	55.62	57.88	56.52	54.90	57.48	55.73	55.58	58.20	56.42	55.37	57.85	56.23	1.90519011057	200
37920	37920	67762	67762	55.52	57.90	56.42	54.88	57.42	55.70	55.52	58.23	56.35	55.31	57.85	56.16	1.90580227613	200
38120	38120	67562	67562	55.45	57.90	56.40	54.73	57.35	55.70	55.42	58.15	56.30	55.20	57.80	56.13	1.90600954203	200
38320	38320	67362	67362	55.35	57.88	56.38	54.70	57.35	55.65	55.33	58.17	56.30	55.12	57.80	56.11	1.90653817264	200
38520	38520	67162	67162	55.27	57.83	56.38	54.67	57.33	55.60	55.30	58.08	56.20	55.08	57.74	56.06	1.90668775459	200
38720	38720	66962	66962	55.27	57.83	56.38	54.55	57.27	55.60	55.23	58.08	56.05	55.02	57.73	56.01	1.90729522433	200
38920	38920	66762	66762	55.23	57.73	56.27	54.55	57.27	55.55	55.15	58.08	56.05	54.98	57.69	55.96	1.90835439505	200
39120	39120	66562	66562	55.20	57.70	56.33	54.58	57.27	55.55	55.15	58.00	56.12	54.98	57.66	56.00	1.90912286542	200
39320	39320	66362	66362	55.15	57.62	56.25	54.45	57.30	55.55	55.05	57.95	56.05	54.88	57.62	55.95	1.91027190916	200
39520	39520	66162	66162	55.08	57.55	56.08	54.35	57.27	55.55	55.12	57.85	55.98	54.85	57.56	55.87	1.91080587594	200
39720	39720	65962	65962	55.12	57.50	56.02	54.38	57.20	55.50	55.08	57.80	56.02	54.86	57.50	55.85	1.91114310283	200
39920	39920	65762	65762	54.95	57.45	55.98	54.25	57.12	55.48	55.02	57.80	55.95	54.74	57.46	55.80	1.91125988611	200
40120	40120	65562	65562	54.98	57.48	55.92	54.23	57.10	55.42	54.92	57.80	55.80	54.71	57.46	55.72	1.91182167977	200
40320	40320	65362	65362	54.95	57.52	55.92	54.17	57.10	55.40	54.88	57.75	55.75	54.67	57.46	55.69	1.91256713449	200
40520	40520	65162	65162	55.00	57.50	55.85	54.20	57.02	55.45	54.77	57.65	55.77	54.66	57.39	55.69	1.91309941552	200
40720	40720	64962	64962	54.92	57.48	55.88	54.08	56.98	55.40	54.77	57.60	55.73	54.59	57.35	55.67	1.9136699023	200
40920	40920	64762	64762	54.83	57.38	55.85	54.05	56.92	55.35	54.70	57.55	55.70	54.52	57.28	55.63	1.91413958426	200
41120	41120	64562	64562	54.75	57.30	55.83	54.00	56.90	55.33	54.73	57.45	55.67	54.49	57.22	55.61	1.9144895213	200
41320	41320	64362	64362	54.70	57.25	55.75	53.95	56.85	55.35	54.73	57.45	55.55	54.46	57.18	55.55	1.91502537828	200
41520	41520	64162	64162	54.73	57.25	55.70	53.95	56.85	55.30	54.75	57.38	55.58	54.48	57.16	55.52	1.91561930007	200
41720	41720	63962	63962	54.62	57.30	55.70	53.92	56.85	55.30	54.60	57.38	55.50	54.38	57.17	55.50	1.91621191511	200
41920	41920	63762	63762	54.60	57.27	55.60	53.92	56.83	55.30	54.45	57.35	55.45	54.33	57.15	55.45	1.91626682982	200
42120	42120	63562	63562	54.55	57.27	55.58	53.83	56.77	55.27	54.40	57.35	55.40	54.26	57.13	55.42	1.91667643277	200
42320	42320	63362	63362	54.55	57.27	55.60	53.80	56.73	55.23	54.38	57.27	55.33	54.24	57.09	55.38	1.91742688779	200
42520	42520	63162	63162	54.55	57.10	55.60	53.80	56.70	55.17	54.35	57.23	55.25	54.23	57.01	55.34	1.91835514586	200
42720	42720	62962	62962	54.50	57.12	55.52	53.77	56.67	55.17	54.33	57.27	55.27	54.20	57.02	55.33	1.9187618361	200
42920	42920	62762	62762	54.48	57.10	55.42	53.77	56.62	55.17	54.35	57.25	55.23	54.20	56.99	55.27	1.92010325129	200
43120	43120	62562	62562	54.38	57.05	55.42	53.70	56.62	55.10	54.38	57.15	55.20	54.15	56.94	55.24	1.92080462712	200
43320	43320	62362	62362	54.38	57.00	55.38	53.65	56.60	55.05	54.33	57.10	55.12	54.12	56.90	55.18	1.92183435047	200
43520	43520	62162	62162	54.33	56.88	55.33	53.58	56.55	55.02	54.33	57.10	55.10	54.08	56.84	55.15	1.9218047045	200
43720	43720	61962	61962	54.35	56.85	55.33	53.55	56.50	54.95	54.35	57.08	55.15	54.08	56.81	55.14	1.92275014797	200
43920	43920	61762	61762	54.27	56.80	55.33	53.50	56.50	54.90	54.35	57.08	55.10	54.04	56.79	55.11	1.92326478511	200
44120	44120	61562	61562	54.30	56.75	55.25	53.52	56.52	54.90	54.23	57.05	55.05	54.02	56.77	55.07	1.92376458629	200
44320	44320	61362	61362	54.27	56.75	55.23	53.50	56.48	54.88	54.17	57.15	55.12	53.98	56.79	55.08	1.92407319403	200
44520	44520	61162	61162	54.25	56.77	55.20	53.48	56.48	54.85	54.15	57.12	55.10	53.96	56.79	55.05	1.92409525637	200
44720	44720	60962	60962	54.25	56.75	55.20	53.48	56.50	54.85	54.17	57.08	55.12	53.97	56.77	55.06	1.92427209412	200
44920	44920	60762	60762	54.23	56.73	55.17	53.45	56.33	54.80	54.12	57.08	55.08	53.93	56.71	55.02	1.92467671086	200
45120	45120	60562	60562	54.17	56.67	55.15	53.42	56.35	54.80	54.10	57.08	55.05	53.90	56.70	55.00	1.92511097529	200
45320	45320	60362	60362	54.23	56.62	55.12	53.33	56.27	54.77	54.10	57.08	55.02	53.88	56.66	54.98	1.92533094616	200
45520	45520	60162	60162	54.20	56.62	55.08	53.33	56.20	54.73	54.08	57.08	55.02	53.87	56.63	54.94	1.92573750898	200
45720	45720	59962	59962	54.27	56.58	55.08	53.40	56.20	54.73	54.08	57.05	55.02	53.92	56.61	54.94	1.92625749389	200
45920	45920	59762	59762	54.30	56.58	55.08	53.35	56.23	54.67	54.08	57.08	55.00	53.91	56.62	54.92	1.92684969373	200
46120	46120	59562	59562	54.27	56.52	55.02	53.35	56.20	54.67	54.08	56.95	54.98	53.90	56.56	54.89	1.92741633394	200
46320	46320	59362	59362	54.27	56.52	55.00	53.35	56.17	54.60	54.05	56.90	54.92	53.89	56.53	54.84	1.9274117817	200
46520	46520	59162	59162	54.25	56.52	55.00	53.35	56.17	54.62	54.05	56.88	54.92	53.88	56.52	54.85	1.9281198099	200
46720	46720	58962	58962	54.23	56.45	54.98	53.35	56.17	54.62	54.05	56.77	54.88	53.88	56.47	54.83	1.92831529856	200
46920	46920	58762	58762	54.20	56.45	54.90	53.35	56.17	54.60	54.05	56.80	54.85	53.87	56.48	54.78	1.92870232404	200
47120	47120	58562	58562	54.20	56.52	54.88	53.35	56.20	54.58	54.02	56.73	54.85	53.86	56.48	54.77	1.92924169711	200
47320	47320	58362	58362	54.15	56.48	54.90	53.35	56.17	54.52	54.00	56.75	54.88	53.83	56.47	54.77	1.93017852774	200
47520	47520	58162	58162	54.12	56.40	54.90	53.35	56.15	54.50	53.98	56.67	54.88	53.82	56.41	54.76	1.93060016822	200
47720	47720	57962	57962	54.15	56.27	54.90	53.35	56.10	54.48	53.98	56.67	54.88	53.83	56.35	54.75	1.93104448716	200
47920	47920	57762	57762	54.15	56.27	54.85	53.35	56.10	54.48	53.98	56.65	54.85	53.83	56.34	54.73	1.9308861796	200
48120	48120	57562	57562	54.08	56.20	54.88	53.33	56.05	54.45	53.98	56.62	54.85	53.79	56.29	54.73	1.93118037427	200
48320	48320	57362	57362	54.12	56.17	54.83	53.33	55.98	54.42	54.00	56.52	54.85	53.82	56.23	54.70	1.93150565958	200
48520	48520	57162	57162	54.10	56.08	54.83	53.33	55.98	54.42	53.98	56.58	54.83	53.80	56.21	54.69	1.93249789555	200
48720	48720	56962	56962	54.12	56.05	54.75	53.30	55.90	54.42	53.92	56.58	54.75	53.78	56.17	54.64	1.93260776197	200
48920	48920	56762	56762	54.08	56.02	54.73	53.30	55.88	54.42	53.92	56.58	54.75	53.77	56.16	54.63	1.93363550975	200
49120	49120	56562	56562	54.08	56.00	54.70	53.30	55.98	54.45	53.92	56.48	54.75	53.77	56.15	54.63	1.93426812489	200
49320	49320	56362	56362	54.08	55.98	54.70	53.38	55.98	54.40	53.90	56.42	54.73	53.78	56.12	54.61	1.93500569741	200
49520	49520	56162	56162	54.00	55.98	54.70	53.35	55.95	54.42	53.95	56.40	54.70	53.77	56.11	54.61	1.93561134189	200
49720	49720	55962	55962	54.08	55.95	54.67	53.38	55.92	54.42	53.98	56.42	54.73	53.81	56.10	54.61	1.93640749283	200
49920	49920	55762	55762	54.02	55.90	54.67	53.35	55.85	54.40	53.98	56.33	54.67	53.78	56.02	54.58	1.93771903429	200
50120	50120	55562	55562	54.02	55.92	54.70	53.35	55.83	54.35	53.95	56.27	54.67	53.77	56.01	54.58	1.93885324004	200
50320	50320	55362	55362	53.98	55.92	54.67	53.38	55.77	54.38	53.95	56.25	54.62	53.77	55.98	54.56	1.93981481053	200
50520	50520	55162	55162	53.98	55.92	54.65	53.35	55.75	54.35	54.00	56.17	54.62	53.77	55.95	54.54	1.9409383744	200
50720	50720	54962	54962	53.92	55.92	54.65	53.38	55.83	54.38	54.00	56.10	54.60	53.77	55.95	54.54	1.94248537351	200
50920	50920	54762	54762	53.92	55.92	54.65	53.38	55.85	54.40	54.02	56.10	54.58	53.77	55.96	54.54	1.94329283816	200
51120	51120	54562	54562	53.95	55.92	54.65	53.38	55.83	54.38	54.05	56.15	54.52	53.79	55.97	54.52	1.94430664478	200
51320	51320	54362	54362	53.92	55.95	54.65	53.35	55.90	54.38	54.02	56.10	54.55	53.77	55.98	54.52	1.94512066942	200
51520	51520	54162	54162	53.95	55.92	54.55	53.33	55.88	54.33	54.00	56.08	54.55	53.76	55.96	54.48	1.94536232716	200
51720	51720	53962	53962	53.90	55.90	54.55	53.25	55.85	54.30	53.98	56.10	54.48	53.71	55.95	54.44	1.94688031043	200
51920	51920	53762	53762	53.90	55.88	54.55	53.20	55.83	54.25	54.02	56.12	54.48	53.71	55.94	54.42	1.95655090242	200
52120	52120	53562	53562	53.88	55.90	54.45	53.10	55.88	54.30	54.00	56.12	54.42	53.66	55.97	54.39	1.97515773209	200
52320	52320	53362	53362	53.90	55.90	54.42	53.10	55.88	54.33	53.95	56.12	54.42	53.65	55.97	54.39	1.98272422645	200
52520	52520	53162	53162	53.90	55.92	54.42	53.05	55.88	54.27	53.95	56.10	54.42	53.63	55.97	54.38	1.98167584649	200
52720	52720	52962	52962	53.90	55.90	54.40	53.05	55.88	54.30	53.98	56.12	54.42	53.64	55.97	54.38	1.97899737443	200
52920	52920	52762	52762	53.90	55.95	54.40	53.08	55.90	54.30	54.00	56.10	54.40	53.66	55.98	54.37	1.97295691527	200
53120	53120	52562	52562	53.90	55.92	54.40	53.05	55.88	54.33	54.00	56.10	54.42	53.65	55.97	54.38	1.96657757068	200
53320	53320	52362	52362	53.90	55.90	54.38	53.05	55.83	54.30	54.02	56.15	54.40	53.66	55.96	54.36	1.95915029845	200
53520	53520	52162	52162	53.85	55.85	54.38	53.05	55.88	54.33	54.00	56.15	54.35	53.63	55.96	54.35	1.95450356191	200
53720	53720	51962	51962	53.85	55.85	54.40	53.05	55.85	54.33	53.98	56.12	54.35	53.62	55.94	54.36	1.95371994678	200
53920	53920	51762	51762	53.88	55.88	54.45	53.05	55.85	54.35	53.95	56.10	54.35	53.62	55.94	54.38	1.95312914615	200
54120	54120	51562	51562	53.88	55.88	54.45	53.05	55.88	54.33	54.02	56.10	54.40	53.65	55.95	54.39	1.95260452245	200
54320	54320	51362	51362	53.88	55.88	54.45	53.08	55.85	54.38	54.00	56.10	54.42	53.65	55.94	54.42	1.95278349913	200
54520	54520	51162	51162	53.88	55.85	54.45	53.08	55.85	54.33	54.00	56.08	54.38	53.65	55.92	54.38	1.95247631827	200
54720	54720	50962	50962	53.88	55.88	54.42	53.08	55.83	54.35	54.02	56.08	54.35	53.66	55.92	54.38	1.95225795013	200
54920	54920	50762	50762	53.88	55.92	54.48	53.08	55.80	54.38	54.05	56.08	54.38	53.67	55.93	54.41	1.95204109902	200
55120	55120	50562	50562	53.90	55.90	54.48	53.05	55.85	54.40	54.02	56.08	54.38	53.66	55.94	54.42	1.952465542	200
55320	55320	50362	50362	53.90	55.88	54.42	53.05	55.85	54.40	54.05	56.10	54.40	53.67	55.94	54.41	1.95240726106	200
55520	55520	50162	50162	53.90	55.92	54.42	53.05	55.85	54.38	54.05	56.10	54.33	53.67	55.96	54.38	1.95231298682	200
55720	55720	49962	49962	53.90	55.92	54.40	53.05	55.83	54.35	54.00	56.02	54.35	53.65	55.92	54.37	1.95254300913	200
55920	55920	49762	49762	53.88	55.92	54.38	53.05	55.83	54.40	54.00	56.02	54.35	53.64	55.92	54.38	1.95201420719	200
56120	56120	49562	49562	53.88	55.92	54.38	53.08	55.83	54.40	53.98	55.98	54.38	53.64	55.91	54.38	1.9521407517	200
56320	56320	49362	49362	53.85	55.92	54.35	53.08	55.80	54.38	53.98	55.98	54.35	53.63	55.90	54.36	1.95246278447	200
56520	56520	49162	49162	53.85	55.88	54.33	53.12	55.73	54.38	54.02	55.95	54.35	53.67	55.85	54.35	1.95250560618	200
56720	56720	48962	48962	53.83	55.88	54.35	53.12	55.73	54.38	53.95	55.98	54.30	53.63	55.86	54.34	1.95293713909	200
56920	56920	48762	48762	53.80	55.88	54.38	53.20	55.67	54.35	53.98	55.98	54.27	53.66	55.84	54.33	1.95258653116	200
57120	57120	48562	48562	53.83	55.88	54.38	53.23	55.73	54.35	53.98	56.00	54.25	53.67	55.87	54.33	1.95274266996	200
57320	57320	48362	48362	53.85	55.90	54.40	53.23	55.75	54.35	54.00	55.95	54.27	53.69	55.87	54.34	1.95270794448	200
57520	57520	48162	48162	53.85	55.88	54.40	53.20	55.70	54.38	54.08	56.02	54.23	53.71	55.87	54.33	1.95236506147	200
57720	57720	47962	47962	53.85	55.88	54.38	53.20	55.65	54.38	54.05	56.02	54.23	53.70	55.85	54.33	1.95246451746	200
57920	57920	47762	47762	53.83	55.85	54.40	53.23	55.62	54.35	54.02	55.95	54.23	53.69	55.81	54.33	1.95216267118	200
58120	58120	47562	47562	53.83	55.83	54.45	53.23	55.65	54.35	54.05	55.92	54.27	53.70	55.80	54.36	1.95210694457	200
58320	58320	47362	47362	53.85	55.88	54.45	53.23	55.67	54.35	54.05	55.95	54.25	53.71	55.83	54.35	1.95132226155	200
58520	58520	47162	47162	53.90	55.83	54.45	53.25	55.67	54.35	54.10	55.90	54.25	53.75	55.80	54.35	1.95057028258	200
58720	58720	46962	46962	53.88	55.80	54.45	53.27	55.67	54.38	54.08	55.95	54.25	53.74	55.81	54.36	1.95059302723	200
58920	58920	46762	46762	53.85	55.85	54.45	53.27	55.70	54.38	54.08	55.92	54.25	53.73	55.83	54.36	1.95049163959	200
59120	59120	46562	46562	53.83	55.83	54.45	53.25	55.67	54.42	54.08	55.95	54.25	53.72	55.82	54.38	1.94991549152	200
59320	59320	46362	46362	53.88	55.77	54.45	53.25	55.73	54.42	54.05	55.88	54.23	53.73	55.79	54.37	1.9489454191	200
59520	59520	46162	46162	53.88	55.77	54.42	53.25	55.73	54.45	54.05	55.88	54.25	53.73	55.79	54.38	1.94865870043	200
59720	59720	45962	45962	53.83	55.77	54.40	53.33	55.70	54.50	54.05	55.85	54.27	53.73	55.77	54.39	1.94848870681	200
59920	59920	45762	45762	53.83	55.77	54.42	53.30	55.65	54.50	54.05	55.80	54.23	53.73	55.74	54.38	1.94752979449	200
60120	60120	45562	45562	53.85	55.80	54.42	53.30	55.67	54.48	54.05	55.88	54.27	53.73	55.78	54.39	1.94693282108	200
60320	60320	45362	45362	53.85	55.83	54.42	53.30	55.67	54.48	54.05	55.85	54.27	53.73	55.78	54.39	1.94611780615	200
60520	60520	45162	45162	53.88	55.83	54.45	53.33	55.67	54.55	54.05	55.92	54.25	53.75	55.81	54.42	1.94562886688	200
60720	60720	44962	44962	53.85	55.83	54.40	53.30	55.65	54.60	54.02	55.92	54.27	53.73	55.80	54.42	1.94599752413	200
60920	60920	44762	44762	53.85	55.88	54.42	53.30	55.70	54.65	54.02	55.88	54.30	53.73	55.82	54.46	1.94596782222	200
61120	61120	44562	44562	53.90	55.92	54.48	53.30	55.73	54.62	54.02	55.90	54.30	53.74	55.85	54.47	1.94519489878	200
61320	61320	44362	44362	53.88	55.95	54.40	53.30	55.77	54.62	54.02	55.85	54.27	53.73	55.86	54.43	1.94486962026	200
61520	61520	44162	44162	53.90	55.88	54.40	53.30	55.75	54.62	54.00	55.83	54.27	53.73	55.82	54.43	1.94429813438	200
61720	61720	43962	43962	53.90	55.90	54.40	53.27	55.73	54.65	54.00	55.80	54.27	53.73	55.81	54.44	1.94554343952	200
61920	61920	43762	43762	53.92	55.85	54.38	53.27	55.75	54.65	54.00	55.80	54.27	53.73	55.80	54.43	1.94788305389	200
62120	62120	43562	43562	53.90	55.85	54.45	53.25	55.73	54.67	54.00	55.85	54.30	53.72	55.81	54.48	1.94448096386	200
62320	62320	43362	43362	53.92	55.88	54.45	53.25	55.67	54.70	53.98	55.85	54.30	53.72	55.80	54.48	1.94290435485	200
62520	62520	43162	43162	53.90	55.90	54.42	53.25	55.67	54.75	53.98	55.85	54.30	53.71	55.81	54.49	1.94222683149	200
62720	62720	42962	42962	53.90	55.88	54.45	53.27	55.65	54.75	53.98	55.83	54.27	53.72	55.78	54.49	1.94184878846	200
62920	62920	42762	42762	53.83	55.90	54.48	53.23	55.60	54.77	53.95	55.85	54.25	53.67	55.78	54.50	1.94105048584	200
63120	63120	42562	42562	53.83	55.90	54.42	53.25	55.60	54.80	53.98	55.90	54.25	53.68	55.80	54.49	1.94064459289	200
63320	63320	42362	42362	53.85	55.90	54.40	53.25	55.58	54.80	54.00	55.90	54.30	53.70	55.79	54.50	1.94251962712	200
63520	63520	42162	42162	53.85	55.90	54.40	53.25	55.60	54.80	53.98	55.98	54.27	53.69	55.83	54.49	1.94165960635	200
63720	63720	41962	41962	53.85	55.85	54.40	53.25	55.60	54.77	53.95	56.00	54.25	53.68	55.82	54.48	1.94099857631	200
63920	63920	41762	41762	53.85	55.80	54.42	53.25	55.62	54.77	53.98	56.00	54.27	53.69	55.81	54.49	1.93967409292	200
64120	64120	41562	41562	53.85	55.85	54.42	53.23	55.60	54.80	54.00	55.95	54.35	53.69	55.80	54.52	1.93805434498	200
64320	64320	41362	41362	53.80	55.88	54.42	53.23	55.67	54.77	54.00	55.95	54.35	53.67	55.83	54.52	1.93606723318	200
64520	64520	41162	41162	53.80	55.85	54.45	53.27	55.67	54.83	53.95	55.98	54.35	53.67	55.83	54.54	1.93369252489	200
64720	64720	40962	40962	53.83	55.83	54.50	53.33	55.65	54.80	53.98	56.00	54.35	53.71	55.83	54.55	1.93253054509	200
64920	64920	40762	40762	53.80	55.85	54.52	53.33	55.67	54.83	54.00	55.95	54.40	53.71	55.83	54.58	1.93100707722	200
65120	65120	40562	40562	53.80	55.90	54.50	53.27	55.62	54.85	54.00	56.02	54.42	53.69	55.85	54.59	1.93285751173	200
65320	65320	40362	40362	53.83	55.92	54.50	53.25	55.70	54.88	54.00	56.05	54.45	53.69	55.89	54.61	1.94324864468	200
65520	65520	40162	40162	53.77	55.88	54.50	53.23	55.73	54.83	54.00	55.98	54.48	53.67	55.86	54.60	1.95641793113	200
65720	65720	39962	39962	53.80	55.85	54.55	53.25	55.73	54.85	54.02	56.02	54.48	53.69	55.87	54.62	1.96549854531	200
65920	65920	39762	39762	53.80	55.88	54.55	53.25	55.73	54.90	54.02	56.05	54.48	53.69	55.88	54.64	1.96787352329	200
66120	66120	39562	39562	53.83	55.90	54.52	53.25	55.75	54.88	54.02	56.08	54.45	53.70	55.91	54.62	1.97066668961	200
66320	66320	39362	39362	53.83	55.85	54.55	53.25	55.75	54.90	54.02	56.02	54.45	53.70	55.88	54.63	1.97663090558	200
66520	66520	39162	39162	53.83	55.85	54.58	53.25	55.75	54.90	54.02	56.05	54.48	53.70	55.88	54.65	1.98092750149	200
66720	66720	38962	38962	53.80	55.85	54.58	53.25	55.75	54.90	54.02	56.08	54.45	53.69	55.89	54.64	1.9824687991	200
66920	66920	38762	38762	53.83	55.85	54.58	53.23	55.75	54.90	54.05	56.05	54.45	53.70	55.88	54.64	1.97922788119	200
67120	67120	38562	38562	53.77	55.90	54.58	53.23	55.77	54.90	54.05	56.08	54.45	53.68	55.92	54.64	1.97148791711	200
67320	67320	38362	38362	53.85	55.88	54.58	53.23	55.77	54.92	54.05	56.10	54.45	53.71	55.92	54.65	1.96012527662	200
67520	67520	38162	38162	53.85	55.92	54.58	53.23	55.75	54.92	54.05	56.15	54.45	53.71	55.94	54.65	1.9457056696	200
67720	67720	37962	37962	53.83	55.92	54.60	53.20	55.77	54.92	54.05	56.17	54.48	53.69	55.96	54.67	1.93892400765	200
67920	67920	37762	37762	53.83	55.90	54.60	53.17	55.77	54.95	54.02	56.23	54.48	53.67	55.97	54.67	1.93408004022	200
68120	68120	37562	37562	53.85	55.95	54.60	53.17	55.80	54.95	54.02	56.23	54.48	53.68	55.99	54.67	1.930697517	200
68320	68320	37362	37362	53.83	55.95	54.55	53.20	55.77	54.98	54.00	56.23	54.50	53.67	55.98	54.67	1.92801222989	200
68520	68520	37162	37162	53.85	55.90	54.60	53.25	55.77	55.00	53.98	56.17	54.50	53.69	55.95	54.70	1.92531574887	200
68720	68720	36962	36962	53.83	55.92	54.60	53.23	55.77	55.00	53.95	56.12	54.50	53.67	55.94	54.70	1.92171781274	200
68920	68920	36762	36762	53.77	55.92	54.65	53.25	55.77	55.00	53.95	56.12	54.45	53.66	55.94	54.70	1.9206696638	200
69120	69120	36562	36562	53.75	55.98	54.62	53.25	55.75	55.00	53.98	56.08	54.45	53.66	55.93	54.69	1.92111540141	200
69320	69320	36362	36362	53.77	56.02	54.62	53.23	55.73	55.00	54.00	56.10	54.45	53.67	55.95	54.69	1.91816204526	200
69520	69520	36162	36162	53.77	56.05	54.62	53.25	55.75	55.02	54.02	56.08	54.42	53.68	55.96	54.69	1.91627449069	200
69720	69720	35962	35962	53.77	56.05	54.62	53.27	55.70	55.05	54.10	56.08	54.48	53.72	55.94	54.72	1.92684451954	200
69920	69920	35762	35762	53.77	55.95	54.65	53.27	55.70	55.00	54.10	55.92	54.45	53.72	55.86	54.70	1.92175155182	200
70120	70120	35562	35562	53.75	55.98	54.67	53.27	55.70	55.02	54.08	55.95	54.45	53.70	55.88	54.72	1.91351889465	200
70320	70320	35362	35362	53.75	55.92	54.65	53.25	55.65	55.02	54.08	55.98	54.45	53.69	55.85	54.71	1.91283993596	200
70520	70520	35162	35162	53.73	55.88	54.70	53.23	55.65	55.00	54.02	55.95	54.45	53.66	55.83	54.72	1.9080699797	200
70720	70720	34962	34962	53.67	55.90	54.73	53.23	55.62	54.98	54.05	55.98	54.42	53.65	55.83	54.71	1.90490637118	200
70920	70920	34762	34762	53.70	55.90	54.67	53.23	55.65	54.98	54.00	55.95	54.38	53.64	55.83	54.67	1.90633314234	200
71120	71120	34562	34562	53.73	55.95	54.70	53.23	55.65	54.98	53.95	55.98	54.38	53.63	55.86	54.68	1.89770239507	200
71320	71320	34362	34362	53.75	55.92	54.83	53.17	55.60	55.00	53.98	55.90	54.42	53.63	55.81	54.75	1.89337969394	200
71520	71520	34162	34162	53.77	56.02	54.83	53.15	55.60	54.98	54.00	55.90	54.45	53.64	55.84	54.75	1.89352621787	200
71720	71720	33962	33962	53.80	56.00	54.83	53.17	55.62	54.98	54.00	55.88	54.48	53.66	55.83	54.76	1.89273326902	200
71920	71920	33762	33762	53.83	55.95	54.73	53.17	55.60	55.00	54.00	55.90	54.50	53.67	55.82	54.74	1.88863612199	200
72120	72120	33562	33562	53.85	55.95	54.73	53.20	55.55	55.02	54.00	55.88	54.48	53.68	55.79	54.74	1.88552630882	200
72320	72320	33362	33362	53.88	55.92	54.70	53.23	55.62	55.05	54.00	55.90	54.52	53.70	55.82	54.76	1.89692095484	200
72520	72520	33162	33162	53.85	55.95	54.73	53.17	55.75	55.02	54.02	55.95	54.52	53.68	55.88	54.76	1.88226014448	200
72720	72720	32962	32962	53.90	55.98	54.70	53.17	55.77	55.00	54.05	55.95	54.58	53.71	55.90	54.76	1.87368729949	200
72920	72920	32762	32762	53.90	55.98	54.67	53.20	55.73	55.00	54.05	55.90	54.50	53.72	55.87	54.73	1.87384757258	200
73120	73120	32562	32562	53.90	55.88	54.62	53.20	55.73	54.98	54.08	55.77	54.42	53.73	55.79	54.67	1.92952420221	200
73320	73320	32362	32362	53.88	55.92	54.60	53.20	55.83	54.98	54.08	55.70	54.40	53.72	55.82	54.66	1.8750108711	200
73520	73520	32162	32162	53.88	55.92	54.62	53.23	55.88	54.98	54.08	55.73	54.42	53.73	55.84	54.67	1.87292224441	200
73720	73720	31962	31962	53.85	55.75	54.60	53.25	55.83	55.00	54.08	55.67	54.38	53.73	55.75	54.66	1.89917890409	200
73920	73920	31762	31762	53.88	55.77	54.62	53.25	55.77	55.00	54.08	55.73	54.33	53.73	55.76	54.65	1.88567844301	200
74120	74120	31562	31562	53.88	55.80	54.62	53.23	55.80	55.00	54.08	55.73	54.30	53.73	55.77	54.64	1.86785917561	200
74320	74320	31362	31362	53.88	55.80	54.60	53.23	55.77	55.00	54.08	55.75	54.33	53.73	55.77	54.64	1.85712521293	200
74520	74520	31162	31162	53.88	55.80	54.60	53.23	55.73	54.98	54.05	55.70	54.35	53.72	55.74	54.64	1.85127330301	200
74720	74720	30962	30962	54.17	55.85	54.58	53.88	55.80	54.95	54.38	55.70	54.40	54.14	55.78	54.64	1.85135849047	200
74920	74920	30762	30762	54.20	55.77	54.58	53.92	55.73	54.92	54.38	55.73	54.30	54.17	55.74	54.60	1.87285281755	200
75120	75120	30562	30562	54.20	55.85	54.77	53.95	55.67	54.88	54.35	55.65	54.38	54.17	55.73	54.67	1.90784301065	200
75320	75320	30362	30362	54.23	55.98	54.73	53.95	55.65	54.88	54.33	55.58	54.38	54.17	55.73	54.66	1.93004923595	200
75520	75520	30162	30162	54.20	55.90	54.70	53.98	55.50	54.88	54.30	55.58	54.38	54.16	55.66	54.65	1.9446434766	200
75720	75720	29962	29962	54.20	55.92	54.70	53.95	55.45	54.88	54.33	55.55	54.38	54.16	55.64	54.65	1.95519689714	200
75920	75920	29762	29762	54.20	55.95	54.70	53.95	55.45	54.88	54.33	55.52	54.38	54.16	55.64	54.65	1.96314953916	200
76120	76120	29562	29562	54.20	55.98	54.73	53.95	55.50	54.90	54.33	55.58	54.40	54.16	55.68	54.67	1.96922415819	200
76320	76320	29362	29362	54.20	55.92	54.73	54.00	55.48	54.90	54.30	55.55	54.40	54.17	55.65	54.67	1.97372929111	200
76520	76520	29162	29162	54.20	55.92	54.73	54.00	55.48	54.90	54.30	55.52	54.38	54.17	55.64	54.67	1.97719984519	200
76720	76720	28962	28962	54.20	55.92	54.75	54.00	55.45	54.92	54.30	55.52	54.38	54.17	55.63	54.68	1.98047406423	200
76920	76920	28762	28762	54.25	55.95	54.73	54.00	55.45	54.98	54.30	55.52	54.38	54.18	55.64	54.69	1.98327986675	200
77120	77120	28562	28562	54.25	55.98	54.73	54.00	55.45	54.95	54.30	55.52	54.38	54.18	55.65	54.68	1.98553823013	200
77320	77320	28362	28362	54.25	55.95	54.73	54.00	55.48	54.98	54.30	55.50	54.38	54.18	55.64	54.69	1.98753401014	200
77520	77520	28162	28162	54.25	55.95	54.73	54.00	55.45	54.98	54.30	55.50	54.38	54.18	55.63	54.69	1.98937574935	200
77720	77720	27962	27962	54.25	55.95	54.73	54.00	55.45	54.95	54.30	55.50	54.38	54.18	55.63	54.68	1.99039261346	200
77920	77920	27762	27762	54.25	55.95	54.70	54.00	55.40	54.98	54.30	55.50	54.38	54.18	55.62	54.68	1.99114740731	200
78120	78120	27562	27562	54.25	56.00	54.70	54.00	55.40	54.98	54.30	55.50	54.38	54.18	55.63	54.68	1.99193062765	200
78320	78320	27362	27362	54.25	56.02	54.70	54.00	55.40	54.98	54.27	55.50	54.38	54.17	55.64	54.68	1.99196418758	200
78520	78520	27162	27162	54.25	55.98	54.70	54.00	55.40	54.98	54.27	55.52	54.38	54.17	55.63	54.68	1.99145955613	200
78720	78720	26962	26962	54.25	56.02	54.70	54.00	55.38	54.98	54.30	55.55	54.38	54.18	55.65	54.68	1.99012210335	200
78920	78920	26762	26762	54.25	56.05	54.73	53.98	55.38	54.95	54.27	55.55	54.38	54.17	55.66	54.68	1.98810369754	200
79120	79120	26562	26562	54.25	56.02	54.73	54.00	55.38	54.95	54.27	55.55	54.38	54.17	55.65	54.68	1.98490962658	200
79320	79320	26362	26362	54.25	56.02	54.73	54.00	55.38	54.95	54.30	55.55	54.38	54.18	55.65	54.68	1.98102161732	200
79520	79520	26162	26162	54.25	56.02	54.73	54.00	55.40	54.95	54.30	55.55	54.38	54.18	55.66	54.68	1.97540923211	200
79720	79720	25962	25962	54.25	56.05	54.73	53.95	55.42	54.95	54.30	55.55	54.38	54.17	55.67	54.68	1.9668254905	200
79920	79920	25762	25762	54.25	56.05	54.73	53.98	55.42	54.95	54.30	55.55	54.40	54.17	55.67	54.69	1.95585189277	200
80120	80120	25562	25562	54.25	55.98	54.70	53.95	55.48	54.98	54.30	55.50	54.40	54.17	55.65	54.69	1.93963808144	200
80320	80320	25362	25362	54.23	56.00	54.70	53.98	55.50	54.95	54.30	55.50	54.40	54.17	55.67	54.68	1.9058389828	200
80520	80520	25162	25162	54.23	56.00	54.73	53.98	55.50	54.95	54.30	55.52	54.40	54.17	55.67	54.69	1.85921549817	200
80720	80720	24962	24962	54.25	56.05	54.73	53.98	55.50	54.92	54.25	55.58	54.42	54.16	55.71	54.69	1.84208445869	200
80920	80920	24762	24762	54.17	56.08	54.75	54.05	55.58	54.90	54.30	55.55	54.38	54.17	55.73	54.67	1.8427894936	200
81120	81120	24562	24562	54.15	56.08	54.73	54.10	55.60	54.90	54.23	55.55	54.38	54.16	55.74	54.67	1.84973589972	200
81320	81320	24362	24362	54.23	56.08	54.67	54.00	55.62	54.90	54.12	55.58	54.35	54.12	55.76	54.64	1.95403585502	200
81520	81520	24162	24162	54.20	56.10	54.70	53.98	55.62	54.92	54.10	55.58	54.35	54.09	55.77	54.66	1.98554421575	200
81720	81720	23962	23962	54.20	56.10	54.70	53.98	55.62	54.92	54.10	55.58	54.35	54.09	55.77	54.66	1.85814827484	200
81920	81920	23762	23762	54.17	56.10	54.70	53.98	55.62	54.90	54.10	55.58	54.38	54.08	55.77	54.66	1.81520887	200
82120	82120	23562	23562	54.17	56.15	54.75	54.02	55.65	54.90	54.12	55.52	54.40	54.11	55.77	54.68	1.80948122166	200
82320	82320	23362	23362	54.12	56.10	54.77	54.00	55.65	54.88	54.12	55.55	54.40	54.08	55.77	54.68	1.80068620044	200
82520	82520	23162	23162	54.17	56.12	54.77	53.98	55.65	54.88	54.08	55.55	54.42	54.08	55.77	54.69	1.79912661282	200
82720	82720	22962	22962	54.20	56.12	54.75	53.98	55.62	54.88	54.10	55.60	54.42	54.09	55.78	54.68	1.90702102497	200
82920	82920	22762	22762	54.20	56.15	54.75	53.98	55.62	54.88	54.10	55.60	54.45	54.09	55.79	54.69	1.78360116931	200
83120	83120	22562	22562	54.15	56.17	54.73	53.98	55.65	54.88	54.08	55.60	54.52	54.07	55.81	54.71	1.77948488574	200
83320	83320	22362	22362	54.02	56.17	54.73	53.98	55.67	54.85	54.00	55.62	54.52	54.00	55.83	54.70	1.86693771239	200
83520	83520	22162	22162	53.98	56.25	54.70	53.95	55.67	54.80	54.00	55.62	54.52	53.98	55.85	54.67	1.97662129086	200
83720	83720	21962	21962	53.98	56.25	54.70	53.95	55.67	54.80	54.02	55.62	54.55	53.98	55.85	54.68	1.98264636255	200
83920	83920	21762	21762	53.98	56.25	54.70	53.95	55.67	54.80	54.02	55.62	54.55	53.98	55.85	54.68	1.81031859918	200
84120	84120	21562	21562	53.98	56.27	54.70	53.95	55.67	54.80	54.02	55.65	54.52	53.98	55.87	54.67	1.74084556973	200
84320	84320	21362	21362	53.95	56.25	54.73	54.02	55.65	54.80	54.10	55.65	54.65	54.02	55.85	54.73	1.77246569967	200
84520	84520	21162	21162	53.92	56.30	54.83	54.42	55.70	54.80	54.45	55.65	54.70	54.27	55.88	54.77	1.98472963923	200
84720	84720	20962	20962	53.92	56.30	54.83	54.42	55.70	54.80	54.45	55.65	54.70	54.27	55.88	54.77	1.99563145313	200
84920	84920	20762	20762	53.92	56.30	54.83	54.42	55.70	54.80	54.45	55.65	54.70	54.27	55.88	54.77	1.94477700116	200
85120	85120	20562	20562	53.92	56.33	54.85	54.42	55.75	54.80	54.45	55.65	54.70	54.27	55.91	54.78	1.73949173411	200
85320	85320	20362	20362	53.88	56.33	54.80	54.48	55.73	54.80	54.40	55.60	54.60	54.25	55.88	54.73	1.72482941925	200
85520	85520	20162	20162	53.83	56.35	54.80	54.42	55.75	54.80	54.38	55.62	54.58	54.21	55.91	54.73	1.71745547693	200
85720	85720	19962	19962	53.88	56.35	54.67	54.48	55.67	54.80	54.35	55.60	54.58	54.23	55.88	54.68	1.85996867038	200
85920	85920	19762	19762	53.85	56.35	54.67	54.48	55.67	54.80	54.35	55.62	54.60	54.23	55.88	54.69	1.68969383459	200
86120	86120	19562	19562	53.80	56.25	54.67	54.42	55.60	54.83	54.30	55.38	54.48	54.17	55.74	54.66	1.73163938994	200
86320	86320	19362	19362	53.80	56.27	54.70	54.42	55.65	54.85	54.30	55.48	54.42	54.17	55.80	54.66	1.75459870564	200
86520	86520	19162	19162	53.80	56.35	54.73	54.42	55.65	54.85	54.30	55.48	54.42	54.17	55.83	54.67	1.69694081908	200
86720	86720	18962	18962	54.02	56.45	54.70	54.55	55.62	54.83	54.42	55.48	54.40	54.33	55.85	54.64	1.63377142651	200
