12120	12120	94562	94562	75.05	77.75	79.85	74.55	77.65	79.25	75.30	78.53	79.90	74.97	77.97	79.67	2.21338697654
12120	12120	93962	93962	75.10	77.75	79.85	74.55	77.65	79.25	75.30	78.53	79.90	74.98	77.97	79.67	2.1811749972	50
12170	12170	93912	93912	75.17	77.38	79.67	74.72	77.38	79.00	75.38	78.38	79.80	75.09	77.71	79.49	2.08642768469	50
12220	12220	93862	93862	75.30	77.17	79.83	74.80	77.40	78.83	75.62	78.15	79.70	75.24	77.58	79.45	2.02387568969	50
12270	12270	93812	93812	75.30	77.28	79.83	74.97	77.42	79.17	75.75	78.30	79.88	75.34	77.67	79.62	1.98480021481	50
12320	12320	93762	93762	75.60	76.97	79.72	75.10	77.55	79.25	76.03	78.10	79.75	75.58	77.54	79.58	1.95818243309	50
12370	12370	93712	93712	75.33	76.88	79.60	75.08	77.12	79.22	75.85	78.08	79.78	75.42	77.36	79.53	1.93543175923	50
12420	12420	93662	93662	75.45	76.95	79.65	75.12	77.62	79.40	76.03	78.08	79.88	75.53	77.55	79.64	1.91429543914	50
12470	12470	93612	93612	75.45	76.95	79.60	75.12	77.25	79.20	75.88	77.90	79.78	75.48	77.37	79.53	1.90417653012	50
12520	12520	93562	93562	75.70	77.08	79.75	75.28	77.08	78.92	76.10	77.88	79.80	75.69	77.34	79.49	1.89075479755	50
12570	12570	93512	93512	75.85	77.15	79.53	75.08	76.85	78.83	76.10	77.83	79.70	75.67	77.28	79.35	1.88727697581	50
12620	12620	93462	93462	75.85	77.45	79.60	75.40	77.08	78.88	76.22	78.10	79.80	75.83	77.54	79.42	1.87997366794	50
12670	12670	93412	93412	75.85	77.22	79.45	75.20	77.28	78.92	76.20	78.40	79.70	75.75	77.63	79.36	1.87264047339	50
12720	12720	93362	93362	75.92	77.12	79.40	75.45	77.05	78.90	76.38	78.25	79.67	75.92	77.47	79.33	1.86707207577	50
12770	12770	93312	93312	75.95	77.08	79.62	75.12	77.15	78.78	76.70	78.47	79.72	75.92	77.57	79.38	1.85837737812	50
12820	12820	93262	93262	76.03	77.28	79.72	75.08	77.42	79.03	76.67	78.53	79.80	75.92	77.74	79.52	1.86054063167	50
12870	12870	93212	93212	76.03	77.58	79.72	75.17	77.30	79.08	76.62	78.62	79.83	75.94	77.83	79.54	1.8559237674	50
12920	12920	93162	93162	75.85	77.62	79.72	75.17	77.55	79.28	76.67	78.78	79.85	75.90	77.98	79.62	1.85301667903	50
12970	12970	93112	93112	76.15	77.80	79.75	75.45	77.45	79.08	76.60	78.58	79.80	76.07	77.94	79.54	1.84700165461	50
13020	13020	93062	93062	76.47	77.67	79.95	75.28	77.22	79.05	76.72	78.70	79.88	76.16	77.87	79.62	1.8437753859	50
13070	13070	93012	93012	76.38	77.72	80.12	75.45	77.10	79.05	76.53	78.85	79.80	76.12	77.89	79.66	1.83785174765	50
13120	13120	92962	92962	76.17	77.83	80.05	75.35	77.17	78.92	76.58	78.78	79.92	76.03	77.92	79.63	1.83044224943	50
13170	13170	92912	92912	76.25	77.88	79.85	75.35	77.28	78.90	76.67	78.90	79.92	76.09	78.02	79.56	1.83244272009	50
13220	13220	92862	92862	76.17	77.95	79.83	75.42	77.25	78.72	76.75	78.88	79.95	76.12	78.03	79.50	1.83097957704	50
13270	13270	92812	92812	76.10	77.75	79.72	75.25	77.35	78.67	76.83	78.75	79.88	76.06	77.95	79.42	1.82843109062	50
13320	13320	92762	92762	76.20	77.67	79.85	75.12	77.30	78.65	76.65	78.62	79.90	75.99	77.87	79.47	1.82896276278	50
13370	13370	92712	92712	76.03	77.85	79.78	74.83	77.08	78.55	76.62	78.53	79.72	75.83	77.82	79.35	1.82623638906	50
13420	13420	92662	92662	76.15	77.75	79.67	74.72	76.95	78.47	76.62	78.42	79.67	75.83	77.71	79.28	1.8236407163	50
13470	13470	92612	92612	76.08	77.85	79.62	74.80	76.95	78.42	76.62	78.42	79.70	75.83	77.74	79.25	1.8206751856	50
13520	13520	92562	92562	75.85	77.70	79.47	75.05	76.90	78.45	76.80	78.40	79.70	75.90	77.67	79.21	1.81557637376	50
13570	13570	92512	92512	76.00	77.67	79.58	74.83	76.65	78.45	76.60	78.22	79.55	75.81	77.52	79.19	1.81623121284	50
13620	13620	92462	92462	76.15	77.50	79.42	74.83	76.55	78.28	76.58	78.12	79.45	75.85	77.39	79.05	1.81695799665	50
13670	13670	92412	92412	76.05	77.35	79.55	74.65	76.58	78.12	76.60	77.92	79.40	75.77	77.28	79.03	1.81426594234	50
13720	13720	92362	92362	76.03	77.45	79.47	74.42	76.33	78.10	76.60	77.88	79.35	75.68	77.22	78.97	1.81272849971	50
13770	13770	92312	92312	76.10	77.17	79.15	74.30	76.25	77.72	76.58	77.70	79.30	75.66	77.04	78.72	1.81409614328	50
13820	13820	92262	92262	76.12	77.08	79.33	74.30	76.22	77.67	76.80	77.78	79.40	75.74	77.03	78.80	1.81218826225	50
13870	13870	92212	92212	76.05	77.10	79.17	74.22	76.22	77.42	76.88	77.67	79.30	75.72	77.00	78.63	1.80612872259	50
13920	13920	92162	92162	76.25	76.97	79.08	74.20	76.20	77.42	76.90	77.62	79.38	75.78	76.93	78.62	1.80271022901	50
13970	13970	92112	92112	76.33	76.90	79.12	74.38	76.08	77.33	76.90	77.50	79.40	75.87	76.83	78.62	1.80188995873	50
14020	14020	92062	92062	76.33	76.60	78.83	74.45	75.72	77.10	76.78	77.10	79.28	75.85	76.47	78.40	1.80187119871	50
14070	14070	92012	92012	76.22	76.62	78.67	74.50	75.50	76.78	76.92	77.22	79.25	75.88	76.45	78.23	1.80047978479	50
14120	14120	91962	91962	76.08	76.65	78.65	74.40	75.40	76.58	76.92	77.03	79.17	75.80	76.36	78.13	1.79855736918	50
14170	14170	91912	91912	75.85	76.47	78.67	74.42	75.45	76.62	76.90	76.95	79.17	75.72	76.29	78.16	1.79731288536	50
14220	14220	91862	91862	75.72	76.45	78.65	74.60	75.25	76.33	76.62	77.00	79.17	75.65	76.23	78.05	1.79610631188	50
14270	14270	91812	91812	75.67	76.42	78.47	74.40	75.22	75.97	76.62	76.85	79.12	75.57	76.17	77.86	1.79257214719	50
14320	14320	91762	91762	75.67	76.33	78.50	74.55	75.12	76.00	76.67	76.53	78.97	75.63	75.99	77.83	1.79458117859	50
14370	14370	91712	91712	75.62	76.17	78.38	74.40	75.12	76.12	76.55	76.70	78.83	75.53	76.00	77.78	1.79685909322	50
14420	14420	91662	91662	75.60	76.05	78.35	74.50	75.10	76.10	76.58	76.42	78.85	75.56	75.86	77.77	1.79681111222	50
14470	14470	91612	91612	75.65	76.05	78.17	74.40	75.08	76.10	76.62	76.40	78.62	75.56	75.84	77.63	1.79720480519	50
14520	14520	91562	91562	75.55	76.03	78.10	74.28	74.97	76.15	76.83	76.35	78.50	75.55	75.78	77.58	1.79566582037	50
14570	14570	91512	91512	75.55	76.17	77.92	74.30	74.90	76.08	76.70	76.47	78.45	75.52	75.85	77.48	1.79293135556	50
14620	14620	91462	91462	75.42	76.05	77.80	74.17	74.78	75.85	76.62	76.53	78.28	75.41	75.78	77.31	1.79480410515	50
14670	14670	91412	91412	75.55	75.85	77.83	73.90	74.58	75.75	76.47	76.40	78.38	75.31	75.61	77.32	1.79861257351	50
14720	14720	91362	91362	75.25	75.92	77.78	73.97	74.70	75.67	76.42	76.10	78.22	75.22	75.58	77.22	1.79944262789	50
14770	14770	91312	91312	75.30	75.75	77.72	74.03	74.58	75.60	76.20	76.03	78.20	75.17	75.45	77.17	1.79841709396	50
14820	14820	91262	91262	75.12	75.72	77.47	73.85	74.38	75.55	76.15	75.95	78.20	75.04	75.35	77.08	1.7982666568	50
14870	14870	91212	91212	75.03	75.70	77.42	73.78	74.28	75.45	75.95	76.00	78.40	74.92	75.33	77.09	1.79760756271	50
14920	14920	91162	91162	74.85	75.50	77.10	73.58	74.22	75.50	75.97	75.83	78.22	74.80	75.18	76.94	1.79860265509	50
14970	14970	91112	91112	74.62	75.45	76.92	73.78	74.15	75.47	75.92	75.78	77.97	74.78	75.12	76.79	1.79793105689	50
15020	15020	91062	91062	74.42	75.25	76.45	73.62	74.00	75.25	75.85	75.40	77.75	74.63	74.88	76.48	1.80077009412	50
15070	15070	91012	91012	74.40	74.92	76.33	73.47	73.88	75.28	75.83	75.33	77.47	74.57	74.71	76.36	1.79950586249	50
15120	15120	90962	90962	74.22	74.83	76.15	73.33	73.83	75.08	75.70	75.28	77.33	74.42	74.64	76.18	1.79939029948	50
15170	15170	90912	90912	74.35	74.75	76.08	73.17	73.70	75.05	75.60	75.20	77.08	74.38	74.55	76.07	1.80121376593	50
15220	15220	90862	90862	74.15	74.70	75.88	73.12	73.62	75.00	75.62	75.17	77.03	74.30	74.50	75.97	1.80346296495	50
15270	15270	90812	90812	74.12	74.45	75.85	72.92	73.47	75.10	75.40	75.10	77.08	74.15	74.34	76.01	1.80160442129	50
15320	15320	90762	90762	74.05	74.40	75.72	73.00	73.35	74.90	75.30	75.05	76.97	74.12	74.27	75.87	1.80074724286	50
15370	15370	90712	90712	73.92	74.22	75.62	72.62	73.20	74.67	75.28	75.15	76.85	73.94	74.19	75.72	1.80465971325	50
15420	15420	90662	90662	73.80	74.25	75.65	72.40	73.05	74.55	75.12	75.17	76.62	73.78	74.16	75.61	1.80505631509	50
15470	15470	90612	90612	73.72	74.10	75.42	72.28	72.83	74.53	75.20	75.17	76.58	73.73	74.03	75.51	1.80487111595	50
15520	15520	90562	90562	73.62	73.95	75.17	72.08	72.75	74.40	75.00	74.97	76.42	73.57	73.89	75.33	1.80654639093	50
15570	15570	90512	90512	73.45	73.80	75.08	71.95	72.72	74.50	74.83	74.95	76.22	73.41	73.83	75.27	1.8067268201	50
15620	15620	90462	90462	73.47	73.75	75.03	71.83	72.67	74.40	74.80	74.65	76.12	73.37	73.69	75.18	1.80841426867	50
15670	15670	90412	90412	73.50	73.67	74.67	71.80	72.53	74.45	74.72	74.65	75.92	73.34	73.62	75.02	1.80746664165	50
15720	15720	90362	90362	73.47	73.42	74.53	71.70	72.45	74.45	74.62	74.62	75.97	73.27	73.50	74.98	1.80791236448	50
15770	15770	90312	90312	73.40	73.28	74.53	71.85	72.38	74.12	74.50	74.60	75.95	73.25	73.42	74.87	1.80812558535	50
15820	15820	90262	90262	73.33	73.38	74.33	71.83	72.28	74.00	74.33	74.30	75.85	73.16	73.32	74.72	1.80951557851	50
15870	15870	90212	90212	73.40	73.10	74.33	71.83	72.30	73.95	74.38	74.55	75.78	73.20	73.32	74.68	1.80924825787	50
15920	15920	90162	90162	73.33	73.20	74.17	71.65	72.25	73.85	74.30	74.40	75.78	73.09	73.28	74.60	1.80970066272	50
15970	15970	90112	90112	73.17	73.15	74.20	71.55	72.15	73.70	74.25	74.45	75.85	72.99	73.25	74.58	1.80932343465	50
16020	16020	90062	90062	73.20	73.03	74.08	71.60	71.97	73.50	74.03	74.30	75.62	72.94	73.10	74.40	1.80843097415	50
16070	16070	90012	90012	73.17	72.90	74.03	71.53	71.67	73.42	73.78	74.22	75.35	72.83	72.93	74.27	1.80781631792	50
16120	16120	89962	89962	72.95	72.75	74.12	71.42	71.65	73.22	73.78	74.10	75.25	72.72	72.83	74.20	1.80818400472	50
16170	16170	89912	89912	72.75	72.72	74.05	71.40	71.55	73.20	73.80	74.05	75.25	72.65	72.78	74.17	1.80810392542	50
16220	16220	89862	89862	72.80	72.60	73.97	71.47	71.55	73.08	73.85	74.10	75.22	72.71	72.75	74.09	1.80947530678	50
16270	16270	89812	89812	72.70	72.65	73.88	71.47	71.53	73.08	73.95	73.97	75.33	72.71	72.72	74.09	1.81004631013	50
16320	16320	89762	89762	72.75	72.62	73.75	71.33	71.40	72.92	73.80	74.08	75.15	72.62	72.70	73.94	1.8092357419	50
16370	16370	89712	89712	72.70	72.78	73.85	71.30	71.42	72.97	73.78	74.17	75.12	72.59	72.79	73.98	1.80953878494	50
16420	16420	89662	89662	72.65	72.60	73.65	71.20	71.45	72.75	73.70	74.08	74.90	72.52	72.71	73.77	1.81106637104	50
16470	16470	89612	89612	72.58	72.55	73.53	71.17	71.28	72.85	73.58	74.00	74.83	72.44	72.61	73.73	1.81267106263	50
16520	16520	89562	89562	72.62	72.47	73.45	71.12	71.10	72.83	73.62	73.92	74.80	72.46	72.50	73.69	1.81274490039	50
16570	16570	89512	89512	72.47	72.38	73.40	71.20	70.83	72.78	73.42	73.75	74.67	72.37	72.32	73.62	1.8137201239	50
16620	16620	89462	89462	72.30	72.35	73.45	71.03	70.60	72.75	73.35	73.72	74.60	72.22	72.22	73.60	1.81434964415	50
16670	16670	89412	89412	72.20	72.35	73.33	71.10	70.60	72.62	73.25	73.72	74.38	72.18	72.22	73.44	1.81524100461	50
16720	16720	89362	89362	72.08	72.33	73.20	71.12	70.72	72.55	73.05	73.75	74.53	72.08	72.27	73.42	1.81590590557	50
16770	16770	89312	89312	71.80	72.10	73.05	70.97	70.58	72.58	73.00	73.55	74.35	71.92	72.08	73.33	1.81741655405	50
16820	16820	89262	89262	71.78	71.90	73.03	70.97	70.35	72.60	72.85	73.33	74.25	71.87	71.86	73.29	1.81914228556	50
16870	16870	89212	89212	71.72	71.75	72.92	70.88	70.20	72.38	72.83	73.25	74.15	71.81	71.73	73.15	1.81987771834	50
16920	16920	89162	89162	71.58	71.53	72.67	70.90	70.10	72.33	72.88	73.20	74.20	71.78	71.61	73.07	1.81896771549	50
16970	16970	89112	89112	71.42	71.53	72.78	70.62	70.22	72.10	72.80	73.15	74.17	71.62	71.63	73.02	1.81763317886	50
17020	17020	89062	89062	71.42	71.53	72.83	70.72	70.15	71.97	72.67	73.08	74.10	71.61	71.58	72.97	1.81826060824	50
17070	17070	89012	89012	71.45	71.38	72.60	70.67	70.10	72.00	72.58	73.05	73.92	71.57	71.51	72.84	1.82003748683	50
17120	17120	88962	88962	71.35	71.35	72.40	70.65	69.88	71.72	72.45	73.00	73.72	71.48	71.41	72.62	1.81870573481	50
17170	17170	88912	88912	71.20	71.10	72.33	70.62	69.88	71.60	72.50	72.90	73.72	71.44	71.29	72.55	1.81699621809	50
17220	17220	88862	88862	71.08	71.08	72.17	70.47	69.83	71.50	72.50	72.92	73.45	71.35	71.28	72.38	1.8206398571	50
17270	17270	88812	88812	71.10	71.05	72.25	70.25	69.67	71.53	72.40	72.70	73.30	71.25	71.14	72.36	1.82217984657	50
17320	17320	88762	88762	71.08	70.97	72.15	70.50	69.50	71.38	72.08	72.70	73.33	71.22	71.06	72.28	1.82046538361	50
17370	17370	88712	88712	70.90	70.92	72.05	70.22	69.38	71.40	72.20	72.58	73.28	71.11	70.96	72.24	1.82055861787	50
17420	17420	88662	88662	70.95	70.62	71.85	70.10	69.25	71.33	72.08	72.45	73.28	71.04	70.78	72.15	1.819389538	50
17470	17470	88612	88612	70.97	70.60	71.92	70.15	69.17	71.20	72.00	72.50	73.17	71.04	70.76	72.10	1.81960572366	50
17520	17520	88562	88562	70.72	70.50	71.70	70.03	69.15	71.00	71.83	72.45	73.25	70.86	70.70	71.98	1.82089972605	50
17570	17570	88512	88512	70.65	70.55	71.58	69.95	69.20	70.95	71.65	72.38	73.17	70.75	70.71	71.90	1.82272032904	50
17620	17620	88462	88462	70.58	70.40	71.35	69.90	69.12	70.92	71.55	72.15	72.97	70.67	70.56	71.75	1.82523629444	50
17670	17670	88412	88412	70.62	70.28	71.35	69.90	69.05	70.95	71.33	72.20	72.92	70.62	70.51	71.74	1.82427653684	50
17720	17720	88362	88362	70.45	70.15	71.17	69.80	69.05	70.80	71.38	72.12	72.85	70.54	70.44	71.61	1.82415470668	50
17770	17770	88312	88312	70.38	69.85	70.92	69.70	68.95	70.58	71.20	72.05	72.67	70.42	70.28	71.39	1.82375084579	50
17820	17820	88262	88262	70.45	69.58	70.78	69.62	68.72	70.58	71.30	72.08	72.62	70.46	70.12	71.33	1.82434228385	50
17870	17870	88212	88212	70.38	69.53	70.75	69.65	68.72	70.50	71.22	71.95	72.60	70.42	70.07	71.28	1.82395453952	50
17920	17920	88162	88162	70.22	69.60	70.70	69.38	68.72	70.33	71.10	71.92	72.58	70.23	70.08	71.20	1.82359522392	50
17970	17970	88112	88112	70.05	69.58	70.72	69.33	68.67	70.33	71.03	71.83	72.47	70.13	70.03	71.17	1.82334361157	50
18020	18020	88062	88062	69.95	69.47	70.55	69.12	68.65	70.15	70.97	71.78	72.30	70.02	69.97	71.00	1.8250161646	50
18070	18070	88012	88012	69.67	69.38	70.28	68.97	68.55	69.97	70.70	71.78	72.20	69.78	69.90	70.82	1.82421933489	50
18120	18120	87962	87962	69.58	69.35	70.03	68.75	68.45	69.78	70.47	71.67	72.08	69.60	69.83	70.62	1.82477810995	50
18170	18170	87912	87912	69.35	69.15	69.88	68.78	68.25	69.67	70.30	71.53	72.00	69.47	69.64	70.52	1.82700673894	50
18220	18220	87862	87862	69.15	69.12	69.78	68.53	68.28	69.60	70.15	71.50	72.00	69.28	69.63	70.46	1.82695109959	50
18270	18270	87812	87812	69.12	68.97	69.67	68.50	68.17	69.38	70.05	71.38	71.97	69.22	69.51	70.34	1.82952113043	50
18320	18320	87762	87762	69.05	68.92	69.62	68.42	68.28	69.45	70.03	71.20	71.92	69.17	69.47	70.33	1.82991107664	50
18370	18370	87712	87712	69.00	68.95	69.38	68.50	68.22	69.25	69.83	71.00	71.80	69.11	69.39	70.14	1.82873637938	50
18420	18420	87662	87662	68.92	68.83	69.30	68.50	68.17	69.10	69.78	70.90	71.65	69.07	69.30	70.02	1.82849286887	50
18470	18470	87612	87612	68.80	68.83	69.35	68.40	68.10	68.97	69.90	70.83	71.60	69.03	69.25	69.97	1.82729322553	50
18520	18520	87562	87562	68.62	68.70	69.30	68.35	67.88	68.80	69.85	70.70	71.42	68.94	69.09	69.84	1.82832868129	50
18570	18570	87512	87512	68.55	68.53	69.17	68.35	67.80	68.65	69.78	70.60	71.38	68.89	68.97	69.73	1.83009684067	50
18620	18620	87462	87462	68.38	68.47	69.17	68.25	67.78	68.55	69.78	70.62	71.38	68.80	68.96	69.70	1.83176183283	50
18670	18670	87412	87412	68.28	68.40	69.15	68.10	67.70	68.42	69.53	70.55	71.15	68.63	68.88	69.58	1.83410318963	50
18720	18720	87362	87362	68.25	68.42	68.95	67.95	67.72	68.38	69.40	70.45	71.12	68.53	68.87	69.48	1.83525471887	50
18770	18770	87312	87312	68.12	68.28	68.85	67.88	67.60	68.35	69.25	70.53	70.97	68.42	68.80	69.39	1.8348283305	50
18820	18820	87262	87262	68.03	68.12	68.88	67.67	67.55	68.25	69.22	70.40	70.75	68.31	68.69	69.29	1.83450964008	50
18870	18870	87212	87212	67.90	68.17	68.75	67.70	67.45	68.15	69.22	70.28	70.58	68.28	68.63	69.16	1.83469289528	50
18920	18920	87162	87162	67.78	68.22	68.58	67.53	67.47	67.97	69.15	70.22	70.40	68.15	68.64	68.98	1.83496363566	50
18970	18970	87112	87112	67.62	68.20	68.47	67.47	67.45	67.83	69.00	70.15	70.15	68.03	68.60	68.82	1.83545502263	50
19020	19020	87062	87062	67.62	68.12	68.35	67.20	67.47	67.78	68.92	70.10	70.10	67.92	68.57	68.74	1.83629467678	50
19070	19070	87012	87012	67.53	68.00	68.28	67.12	67.35	67.78	68.80	69.90	69.95	67.82	68.42	68.67	1.8377601517	50
19120	19120	86962	86962	67.45	67.90	68.25	67.10	67.15	67.70	68.70	69.78	69.83	67.75	68.28	68.59	1.83755947175	50
19170	19170	86912	86912	67.35	67.88	68.12	67.25	67.12	67.55	68.65	69.72	69.80	67.75	68.24	68.49	1.83728320746	50
19220	19220	86862	86862	67.42	67.83	68.10	67.03	67.15	67.50	68.60	69.80	69.67	67.68	68.26	68.42	1.83753471426	50
19270	19270	86812	86812	67.22	67.95	67.95	66.92	67.22	67.47	68.42	69.80	69.50	67.53	68.33	68.31	1.83732657571	50
19320	19320	86762	86762	67.12	67.97	67.90	66.85	67.05	67.35	68.47	69.58	69.33	67.48	68.20	68.19	1.83706932879	50
19370	19370	86712	86712	67.08	67.92	67.83	66.60	67.08	67.17	68.33	69.58	69.38	67.33	68.19	68.12	1.83789906581	50
19420	19420	86662	86662	67.10	67.90	67.85	66.55	67.10	67.20	68.22	69.47	69.25	67.29	68.16	68.10	1.83973418352	50
19470	19470	86612	86612	67.00	67.70	67.78	66.38	67.15	67.15	68.08	69.33	69.15	67.15	68.06	68.03	1.84097442084	50
19520	19520	86562	86562	66.97	67.67	67.67	66.35	67.20	67.10	68.00	69.35	68.97	67.11	68.08	67.92	1.84009814053	50
19570	19570	86512	86512	66.90	67.60	67.67	66.20	67.10	67.00	68.10	69.25	68.92	67.07	67.98	67.87	1.8397373839	50
19620	19620	86462	86462	67.00	67.58	67.58	66.15	67.00	66.97	68.08	69.25	68.83	67.08	67.94	67.79	1.83921913077	50
19670	19670	86412	86412	66.78	67.40	67.38	66.00	67.05	66.95	67.92	69.15	68.80	66.90	67.87	67.71	1.83972937652	50
19720	19720	86362	86362	66.67	67.30	67.33	65.97	67.03	66.85	67.92	69.00	68.83	66.86	67.78	67.67	1.84015471865	50
19770	19770	86312	86312	66.45	67.30	67.38	65.90	67.05	66.72	67.85	68.78	68.72	66.73	67.71	67.61	1.84154626316	50
19820	19820	86262	86262	66.42	67.15	67.17	65.72	66.92	66.65	67.75	68.70	68.58	66.63	67.59	67.47	1.84124115937	50
19870	19870	86212	86212	66.58	67.12	67.15	65.83	66.85	66.33	67.70	68.42	68.40	66.70	67.47	67.29	1.84173618151	50
19920	19920	86162	86162	66.45	66.97	67.12	65.62	66.85	66.22	67.53	68.45	68.22	66.53	67.42	67.19	1.84252014088	50
19970	19970	86112	86112	66.20	66.78	67.08	65.40	66.78	66.10	67.40	68.38	68.20	66.33	67.31	67.12	1.84191197368	50
20020	20020	86062	86062	66.15	66.78	67.03	65.47	66.75	66.03	67.30	68.25	68.15	66.31	67.26	67.07	1.84164568418	50
20070	20070	86012	86012	66.17	66.70	67.00	65.38	66.65	65.85	67.22	68.22	67.92	66.26	67.19	66.92	1.84177359296	50
20120	20120	85962	85962	65.97	66.80	67.00	65.33	66.58	65.83	67.20	68.17	67.90	66.17	67.18	66.91	1.84241582185	50
20170	20170	85912	85912	65.88	66.83	66.97	65.30	66.47	65.85	67.15	68.08	67.90	66.11	67.12	66.91	1.8423613804	50
20220	20220	85862	85862	65.90	66.75	66.90	65.25	66.45	65.83	67.12	68.15	67.85	66.09	67.12	66.86	1.84199155864	50
20270	20270	85812	85812	65.80	66.60	66.88	65.20	66.38	65.72	67.00	68.10	67.80	66.00	67.03	66.80	1.84258576081	50
20320	20320	85762	85762	65.83	66.58	66.88	65.15	66.47	65.70	67.03	68.10	67.78	66.00	67.05	66.78	1.84261126078	50
20370	20370	85712	85712	65.83	66.60	66.78	65.05	66.35	65.60	66.83	68.08	67.80	65.90	67.01	66.72	1.84378421265	50
20420	20420	85662	85662	65.72	66.47	66.75	65.00	66.42	65.50	66.92	68.00	67.85	65.88	66.97	66.70	1.84458456571	50
20470	20470	85612	85612	65.80	66.50	66.65	64.92	66.35	65.58	66.80	67.90	67.83	65.84	66.92	66.68	1.84439343626	50
20520	20520	85562	85562	65.78	66.45	66.70	64.97	66.40	65.47	66.75	67.65	67.80	65.83	66.83	66.66	1.84457317564	50
20570	20570	85512	85512	65.80	66.42	66.47	64.85	66.35	65.50	66.65	67.62	67.62	65.77	66.80	66.53	1.84415810504	50
20620	20620	85462	85462	65.85	66.35	66.35	64.80	66.22	65.40	66.53	67.50	67.45	65.72	66.69	66.40	1.84489895929	50
20670	20670	85412	85412	65.65	66.22	66.25	64.62	66.17	65.35	66.47	67.53	67.35	65.58	66.64	66.32	1.84642713745	50
20720	20720	85362	85362	65.55	66.10	66.17	64.65	66.12	65.30	66.53	67.38	67.25	65.58	66.53	66.24	1.84611077364	50
20770	20770	85312	85312	65.53	66.03	66.15	64.62	66.05	65.30	66.50	67.35	67.20	65.55	66.47	66.22	1.84515528639	50
20820	20820	85262	85262	65.47	66.05	65.95	64.50	66.05	65.20	66.47	67.33	67.00	65.48	66.47	66.05	1.84622355271	50
20870	20870	85212	85212	65.35	66.05	65.95	64.53	65.95	65.10	66.42	67.28	66.88	65.43	66.42	65.97	1.84777153317	50
20920	20920	85162	85162	65.40	66.05	65.85	64.42	65.72	65.00	66.35	67.20	66.88	65.39	66.33	65.91	1.84676378404	50
20970	20970	85112	85112	65.33	65.95	65.67	64.38	65.72	64.83	66.28	67.03	66.83	65.33	66.23	65.78	1.84801600317	50
21020	21020	85062	85062	65.22	65.95	65.75	64.38	65.67	64.75	66.28	67.08	66.83	65.29	66.23	65.78	1.84727550735	50
21070	21070	85012	85012	65.08	65.95	65.67	64.30	65.58	64.62	66.12	66.97	66.70	65.17	66.17	65.67	1.84670091072	50
21120	21120	84962	84962	65.03	65.90	65.67	64.30	65.58	64.58	66.08	66.80	66.75	65.13	66.09	65.67	1.84692466706	50
21170	21170	84912	84912	64.90	65.80	65.60	64.15	65.47	64.40	66.00	66.78	66.62	65.02	66.02	65.54	1.84661282828	50
21220	21220	84862	84862	64.90	65.65	65.47	64.12	65.42	64.45	65.92	66.80	66.53	64.98	65.96	65.48	1.8478564634	50
21270	21270	84812	84812	64.65	65.75	65.40	64.15	65.40	64.35	65.90	66.90	66.53	64.90	66.02	65.42	1.84793151568	50
21320	21320	84762	84762	64.53	65.78	65.30	64.10	65.25	64.30	65.92	66.92	66.50	64.85	65.98	65.37	1.84817643021	50
21370	21370	84712	84712	64.42	65.75	65.30	63.92	65.28	64.30	65.78	66.88	66.47	64.71	65.97	65.36	1.84899100052	50
21420	21420	84662	84662	64.28	65.65	65.25	63.90	65.28	64.22	65.75	66.80	66.50	64.64	65.91	65.33	1.84960048474	50
21470	21470	84612	84612	64.22	65.50	65.08	63.85	65.28	64.17	65.70	66.80	66.50	64.59	65.86	65.25	1.84998552332	50
21520	21520	84562	84562	64.15	65.47	64.95	63.75	65.20	64.15	65.70	66.88	66.42	64.53	65.85	65.17	1.84857242868	50
21570	21570	84512	84512	64.15	65.40	64.97	63.73	65.03	64.15	65.62	66.75	66.40	64.50	65.72	65.17	1.847940508	50
21620	21620	84462	84462	64.10	65.33	64.95	63.75	65.03	64.03	65.58	66.67	66.38	64.47	65.67	65.12	1.8482453628	50
21670	21670	84412	84412	63.90	65.30	64.83	63.80	65.00	63.98	65.50	66.50	66.35	64.40	65.60	65.05	1.84803985319	50
21720	21720	84362	84362	63.77	65.22	64.65	63.77	64.92	64.03	65.50	66.45	66.28	64.35	65.53	64.98	1.84880011616	50
21770	21770	84312	84312	63.50	65.28	64.58	63.55	64.85	64.00	65.38	66.40	66.22	64.14	65.51	64.93	1.84841650501	50
21820	21820	84262	84262	63.55	65.28	64.47	63.55	64.80	63.77	65.20	66.33	66.15	64.10	65.47	64.80	1.84957021363	50
21870	21870	84212	84212	63.60	65.08	64.42	63.55	64.72	63.67	65.25	66.38	66.00	64.13	65.39	64.70	1.85064184799	50
21920	21920	84162	84162	63.65	65.08	64.42	63.58	64.75	63.62	65.12	66.30	65.97	64.12	65.38	64.67	1.85055520827	50
21970	21970	84112	84112	63.67	65.05	64.35	63.52	64.75	63.60	65.08	66.17	65.92	64.09	65.33	64.62	1.85048802976	50
22020	22020	84062	84062	63.58	64.92	64.33	63.58	64.70	63.33	64.97	66.15	65.90	64.04	65.26	64.52	1.85073670494	50
22070	22070	84012	84012	63.58	64.83	64.25	63.52	64.75	63.38	64.85	66.08	65.90	63.98	65.22	64.51	1.85073625744	50
22120	22120	83962	83962	63.58	64.78	64.25	63.50	64.70	63.40	65.00	66.00	65.85	64.03	65.16	64.50	1.85211945929	50
22170	22170	83912	83912	63.40	64.83	64.15	63.40	64.62	63.30	64.83	65.95	65.78	63.88	65.13	64.41	1.85195088797	50
22220	22220	83862	83862	63.38	64.72	64.05	63.38	64.53	63.35	64.80	65.92	65.75	63.85	65.06	64.38	1.85254936958	50
22270	22270	83812	83812	63.27	64.70	64.03	63.20	64.40	63.27	64.83	65.90	65.67	63.77	65.00	64.33	1.85283707575	50
22320	22320	83762	83762	63.38	64.65	64.08	63.17	64.42	63.25	64.83	65.83	65.75	63.79	64.97	64.36	1.85263789961	50
22370	22370	83712	83712	63.33	64.65	64.10	63.12	64.40	63.27	64.75	65.83	65.72	63.73	64.96	64.37	1.85318219365	50
22420	22420	83662	83662	63.33	64.67	63.98	63.02	64.45	63.17	64.78	65.72	65.60	63.71	64.95	64.25	1.85296241005	50
22470	22470	83612	83612	63.27	64.88	64.00	63.05	64.38	63.25	64.75	65.65	65.53	63.69	64.97	64.26	1.85352382711	50
22520	22520	83562	83562	63.30	64.75	64.00	62.98	64.30	63.27	64.72	65.60	65.50	63.67	64.88	64.26	1.85362714254	50
22570	22570	83512	83512	63.35	64.80	64.03	62.95	64.35	63.27	64.75	65.55	65.45	63.68	64.90	64.25	1.85396691471	50
22620	22620	83462	83462	63.33	64.72	64.03	62.80	64.30	63.23	64.75	65.42	65.42	63.62	64.82	64.22	1.85306610365	50
22670	22670	83412	83412	63.23	64.70	64.08	62.77	64.30	63.15	64.60	65.45	65.40	63.53	64.82	64.21	1.85303352127	50
22720	22720	83362	83362	63.15	64.72	63.92	62.73	64.25	63.08	64.58	65.38	65.22	63.48	64.78	64.08	1.8534941355	50
22770	22770	83312	83312	63.05	64.78	63.90	62.70	64.33	63.00	64.53	65.47	65.15	63.42	64.86	64.02	1.85315046174	50
22820	22820	83262	83262	62.95	64.67	63.88	62.52	64.22	63.02	64.45	65.50	65.15	63.31	64.80	64.02	1.85368886331	50
22870	22870	83212	83212	62.95	64.58	63.83	62.52	64.05	62.98	64.50	65.42	65.12	63.33	64.68	63.98	1.85343874151	50
22920	22920	83162	83162	62.77	64.58	63.85	62.52	64.00	63.00	64.47	65.45	65.15	63.26	64.67	64.00	1.8535032573	50
22970	22970	83112	83112	62.85	64.53	63.85	62.42	63.98	63.02	64.30	65.38	65.00	63.19	64.62	63.96	1.85426899116	50
23020	23020	83062	83062	62.80	64.42	63.77	62.33	63.88	63.00	64.33	65.30	64.97	63.15	64.53	63.92	1.85440967857	50
23070	23070	83012	83012	62.70	64.28	63.67	62.25	63.80	62.90	64.28	65.28	64.92	63.08	64.45	63.83	1.85460095651	50
23120	23120	82962	82962	62.65	64.28	63.65	62.12	63.88	62.88	64.15	65.25	64.83	62.98	64.47	63.78	1.85490203243	50
23170	23170	82912	82912	62.65	64.28	63.62	62.10	63.80	62.73	64.12	65.33	64.85	62.96	64.47	63.73	1.85521999338	50
23220	23220	82862	82862	62.60	64.25	63.55	62.05	63.70	62.73	64.15	65.22	64.83	62.93	64.39	63.70	1.85630012576	50
23270	23270	82812	82812	62.55	63.98	63.50	61.95	63.67	62.67	63.92	65.08	64.75	62.81	64.24	63.64	1.85797245138	50
23320	23320	82762	82762	62.60	64.05	63.55	61.92	63.65	62.60	64.00	65.10	64.75	62.84	64.27	63.63	1.85879201213	50
23370	23370	82712	82712	62.58	64.03	63.45	62.00	63.60	62.55	63.88	65.15	64.70	62.82	64.26	63.57	1.85871187882	50
23420	23420	82662	82662	62.55	63.92	63.45	61.95	63.58	62.55	63.77	65.03	64.55	62.76	64.17	63.52	1.85795870288	50
23470	23470	82612	82612	62.55	63.92	63.40	61.95	63.52	62.48	63.77	65.05	64.53	62.76	64.17	63.47	1.85849462456	50
23520	23520	82562	82562	62.40	63.85	63.30	61.85	63.50	62.45	63.75	64.97	64.55	62.67	64.11	63.43	1.85856981425	50
23570	23570	82512	82512	62.38	63.88	63.23	61.77	63.58	62.45	63.75	64.95	64.42	62.63	64.13	63.37	1.85885904868	50
23620	23620	82462	82462	62.35	63.92	63.20	61.73	63.45	62.38	63.77	64.83	64.38	62.62	64.07	63.32	1.85933011784	50
23670	23670	82412	82412	62.35	63.92	63.27	61.70	63.50	62.40	63.75	64.90	64.33	62.60	64.11	63.33	1.85894399946	50
23720	23720	82362	82362	62.35	63.90	63.20	61.62	63.40	62.42	63.62	64.80	64.30	62.53	64.03	63.31	1.85874715491	50
23770	23770	82312	82312	62.38	63.83	63.23	61.62	63.42	62.38	63.65	64.72	64.30	62.55	63.99	63.30	1.8577932156	50
23820	23820	82262	82262	62.40	63.77	63.20	61.60	63.40	62.40	63.58	64.72	64.25	62.52	63.97	63.28	1.85776002934	50
23870	23870	82212	82212	62.27	63.77	63.12	61.52	63.35	62.30	63.50	64.70	64.25	62.43	63.94	63.23	1.85846308173	50
23920	23920	82162	82162	62.30	63.80	63.12	61.48	63.35	62.23	63.52	64.70	64.20	62.43	63.95	63.18	1.85834485055	50
23970	23970	82112	82112	62.20	63.77	63.00	61.42	63.40	62.25	63.45	64.75	64.15	62.36	63.98	63.13	1.85835723092	50
24020	24020	82062	82062	62.25	63.77	63.00	61.35	63.30	62.23	63.45	64.78	64.10	62.35	63.95	63.11	1.85847108099	50
24070	24070	82012	82012	62.25	63.80	62.83	61.33	63.15	62.12	63.48	64.62	64.12	62.35	63.86	63.02	1.85842863968	50
24120	24120	81962	81962	62.25	63.73	62.83	61.25	63.10	62.10	63.38	64.60	63.92	62.29	63.81	62.95	1.85811507672	50
24170	24170	81912	81912	62.10	63.65	62.75	61.17	63.08	62.05	63.33	64.50	63.90	62.20	63.74	62.90	1.85909983143	50
24220	24220	81862	81862	62.00	63.73	62.75	61.25	63.00	62.02	63.27	64.53	63.80	62.17	63.75	62.86	1.85911903541	50
24270	24270	81812	81812	61.98	63.77	62.65	61.20	62.88	61.98	63.23	64.50	63.80	62.13	63.72	62.81	1.86002788708	50
24320	24320	81762	81762	61.98	63.77	62.58	61.20	62.83	61.98	63.27	64.45	63.75	62.15	63.68	62.77	1.86024074499	50
24370	24370	81712	81712	62.05	63.75	62.55	61.17	62.88	61.85	63.12	64.42	63.73	62.12	63.68	62.71	1.86022130107	50
24420	24420	81662	81662	62.00	63.70	62.52	61.08	62.83	61.77	63.02	64.35	63.67	62.03	63.62	62.66	1.86070686729	50
24470	24470	81612	81612	61.95	63.70	62.45	60.98	62.70	61.73	62.90	64.25	63.50	61.94	63.55	62.56	1.86131108755	50
24520	24520	81562	81562	61.85	63.67	62.48	61.02	62.70	61.70	62.88	64.28	63.42	61.92	63.55	62.53	1.86156665287	50
24570	24570	81512	81512	61.80	63.67	62.35	60.92	62.65	61.73	62.90	64.22	63.38	61.88	63.52	62.48	1.8610032033	50
24620	24620	81462	81462	61.75	63.62	62.33	60.83	62.60	61.73	62.80	64.12	63.38	61.79	63.45	62.48	1.86079559468	50
24670	24670	81412	81412	61.73	63.58	62.30	60.80	62.62	61.70	62.73	64.10	63.35	61.75	63.43	62.45	1.86106385193	50
24720	24720	81362	81362	61.73	63.52	62.33	60.75	62.58	61.70	62.70	64.03	63.30	61.73	63.38	62.44	1.86197261947	50
24770	24770	81312	81312	61.65	63.55	62.30	60.67	62.60	61.62	62.67	64.00	63.27	61.67	63.38	62.40	1.86263571977	50
24820	24820	81262	81262	61.62	63.50	62.20	60.60	62.58	61.60	62.62	63.98	63.17	61.62	63.35	62.33	1.86357063002	50
24870	24870	81212	81212	61.55	63.40	62.15	60.65	62.60	61.52	62.60	63.83	63.17	61.60	63.27	62.28	1.86344723151	50
24920	24920	81162	81162	61.45	63.25	62.10	60.65	62.50	61.45	62.60	63.88	63.02	61.57	63.21	62.19	1.86443055858	50
24970	24970	81112	81112	61.42	63.35	62.02	60.52	62.52	61.52	62.52	63.83	62.88	61.49	63.23	62.14	1.86447308304	50
25020	25020	81062	81062	61.38	63.25	61.98	60.52	62.50	61.45	62.52	63.85	62.85	61.48	63.20	62.09	1.86370871186	50
25070	25070	81012	81012	61.30	63.27	61.95	60.50	62.55	61.48	62.50	63.92	62.83	61.43	63.25	62.08	1.86336394741	50
25120	25120	80962	80962	61.00	63.20	61.88	60.48	62.52	61.38	62.38	63.85	62.75	61.28	63.19	62.00	1.86371561663	50
25170	25170	80912	80912	61.15	63.17	61.80	60.38	62.48	61.38	62.45	63.73	62.70	61.33	63.12	61.96	1.86369827358	50
25220	25220	80862	80862	61.15	63.12	61.80	60.40	62.40	61.33	62.42	63.67	62.65	61.33	63.07	61.92	1.86480874877	50
25270	25270	80812	80812	61.25	63.12	61.83	60.45	62.40	61.30	62.42	63.62	62.62	61.38	63.05	61.92	1.8647727161	50
25320	25320	80762	80762	61.17	63.12	61.77	60.42	62.40	61.30	62.23	63.62	62.55	61.27	63.05	61.88	1.86476356142	50
25370	25370	80712	80712	61.02	63.05	61.67	60.45	62.42	61.30	62.20	63.67	62.50	61.23	63.05	61.83	1.86561286015	50
25420	25420	80662	80662	61.02	63.02	61.73	60.42	62.38	61.27	62.17	63.65	62.42	61.21	63.02	61.81	1.86425190074	50
25470	25470	80612	80612	60.88	63.02	61.65	60.35	62.33	61.20	62.05	63.67	62.42	61.09	63.01	61.76	1.864255426	50
25520	25520	80562	80562	60.85	63.02	61.50	60.33	62.40	61.17	62.00	63.73	62.40	61.06	63.05	61.69	1.86389081394	50
25570	25570	80512	80512	60.83	63.02	61.50	60.27	62.33	61.12	61.92	63.58	62.38	61.01	62.98	61.67	1.86326394157	50
25620	25620	80462	80462	60.77	63.02	61.48	60.25	62.35	61.12	61.85	63.48	62.35	60.96	62.95	61.65	1.86371495933	50
25670	25670	80412	80412	60.80	62.95	61.40	60.20	62.27	61.05	61.88	63.42	62.35	60.96	62.88	61.60	1.86347487736	50
25720	25720	80362	80362	60.73	63.00	61.42	60.12	62.12	61.02	61.92	63.52	62.30	60.92	62.88	61.58	1.86306350991	50
25770	25770	80312	80312	60.73	62.95	61.40	60.02	62.15	61.02	61.88	63.50	62.27	60.88	62.87	61.57	1.86387349426	50
25820	25820	80262	80262	60.67	62.95	61.33	59.95	62.20	60.98	61.88	63.42	62.25	60.83	62.86	61.52	1.86469393983	50
25870	25870	80212	80212	60.73	62.80	61.23	59.92	62.12	60.98	61.88	63.30	62.20	60.84	62.74	61.47	1.86414437334	50
25920	25920	80162	80162	60.60	62.85	61.23	60.00	62.10	60.98	61.77	63.35	62.20	60.79	62.77	61.47	1.8636239514	50
25970	25970	80112	80112	60.52	62.85	61.15	59.85	62.05	60.98	61.70	63.20	62.15	60.69	62.70	61.42	1.86314125616	50
26020	26020	80062	80062	60.38	62.73	61.15	59.77	62.05	60.85	61.52	63.17	62.15	60.56	62.65	61.38	1.86348897668	50
26070	26070	80012	80012	60.40	62.75	61.05	59.73	62.08	60.90	61.55	63.17	62.05	60.56	62.67	61.33	1.86350655028	50
26120	26120	79962	79962	60.35	62.65	60.92	59.77	61.95	60.83	61.55	63.15	62.00	60.56	62.58	61.25	1.86374099484	50
26170	26170	79912	79912	60.35	62.60	60.85	59.73	61.95	60.80	61.50	63.02	61.98	60.52	62.52	61.21	1.86363936077	50
26220	26220	79862	79862	60.23	62.58	60.85	59.73	61.85	60.75	61.52	63.08	62.02	60.49	62.50	61.21	1.86396210899	50
26270	26270	79812	79812	60.23	62.55	60.73	59.67	61.90	60.73	61.38	63.08	61.92	60.42	62.51	61.12	1.8640666203	50
26320	26320	79762	79762	60.33	62.62	60.73	59.58	61.90	60.73	61.27	62.98	61.90	60.39	62.50	61.12	1.86307018135	50
26370	26370	79712	79712	60.30	62.52	60.60	59.52	61.88	60.70	61.20	63.00	61.92	60.34	62.47	61.08	1.86360441528	50
26420	26420	79662	79662	60.30	62.58	60.62	59.48	61.85	60.70	61.17	63.00	61.80	60.32	62.48	61.04	1.86374833059	50
26470	26470	79612	79612	60.17	62.45	60.50	59.27	61.73	60.67	61.08	62.83	61.70	60.17	62.33	60.96	1.86414173419	50
26520	26520	79562	79562	60.12	62.33	60.42	59.33	61.62	60.58	61.02	62.67	61.62	60.16	62.21	60.88	1.86346155153	50
26570	26570	79512	79512	60.12	62.25	60.45	59.25	61.60	60.50	61.02	62.67	61.62	60.13	62.17	60.86	1.86397717407	50
26620	26620	79462	79462	60.15	62.25	60.38	59.27	61.52	60.50	60.95	62.62	61.48	60.12	62.13	60.78	1.86390582547	50
26670	26670	79412	79412	60.12	62.12	60.35	59.23	61.45	60.52	60.92	62.73	61.52	60.09	62.10	60.80	1.86435521659	50
26720	26720	79362	79362	59.98	62.02	60.23	59.23	61.42	60.40	60.88	62.60	61.48	60.02	62.02	60.70	1.86500117812	50
26770	26770	79312	79312	59.95	62.02	60.25	59.23	61.42	60.38	60.85	62.55	61.48	60.01	62.00	60.70	1.86504193043	50
26820	26820	79262	79262	59.98	62.08	60.17	59.17	61.45	60.33	60.80	62.50	61.45	59.98	62.01	60.65	1.86515075439	50
26870	26870	79212	79212	60.00	62.08	60.20	59.20	61.45	60.30	60.75	62.50	61.35	59.98	62.01	60.62	1.86476574635	50
26920	26920	79162	79162	60.00	62.05	60.17	59.25	61.50	60.35	60.75	62.45	61.38	60.00	62.00	60.63	1.86520094052	50
26970	26970	79112	79112	59.88	62.00	60.17	59.33	61.45	60.23	60.73	62.40	61.33	59.98	61.95	60.58	1.86595757462	50
27020	27020	79062	79062	59.85	61.90	60.15	59.25	61.38	60.25	60.75	62.33	61.17	59.95	61.87	60.52	1.86618129935	50
27070	27070	79012	79012	59.85	61.80	60.12	59.25	61.25	60.25	60.73	62.20	61.05	59.94	61.75	60.48	1.86666440279	50
27120	27120	78962	78962	59.83	61.90	59.90	59.30	61.25	60.12	60.60	62.15	61.00	59.91	61.77	60.34	1.86698828184	50
27170	27170	78912	78912	59.70	61.77	59.77	59.17	61.02	59.98	60.55	62.10	60.92	59.81	61.63	60.23	1.86635799433	50
27220	27220	78862	78862	59.75	61.73	59.75	59.17	61.02	59.95	60.55	62.00	60.90	59.83	61.58	60.20	1.86638100191	50
27270	27270	78812	78812	59.65	61.62	59.70	59.17	61.00	59.75	60.48	61.95	60.90	59.77	61.52	60.12	1.86636961984	50
27320	27320	78762	78762	59.55	61.58	59.60	59.12	60.90	59.70	60.42	62.00	60.75	59.70	61.49	60.02	1.86639620595	50
27370	27370	78712	78712	59.55	61.58	59.62	59.08	60.85	59.67	60.38	61.95	60.80	59.67	61.46	60.03	1.8666300669	50
27420	27420	78662	78662	59.55	61.45	59.50	59.00	60.80	59.65	60.23	61.90	60.73	59.59	61.38	59.96	1.86731734735	50
27470	27470	78612	78612	59.52	61.35	59.48	59.05	60.77	59.58	60.25	61.88	60.67	59.61	61.33	59.91	1.86798217496	50
27520	27520	78562	78562	59.55	61.23	59.50	59.10	60.80	59.65	60.25	61.90	60.65	59.63	61.31	59.93	1.86784765965	50
27570	27570	78512	78512	59.48	61.27	59.50	58.92	60.83	59.65	60.05	61.85	60.62	59.48	61.32	59.92	1.86754034817	50
27620	27620	78462	78462	59.45	61.25	59.45	58.92	60.77	59.62	60.02	61.83	60.55	59.47	61.28	59.88	1.86727993228	50
27670	27670	78412	78412	59.45	61.20	59.42	58.88	60.77	59.55	60.00	61.80	60.52	59.44	61.26	59.83	1.86741139001	50
27720	27720	78362	78362	59.45	61.15	59.35	58.83	60.70	59.50	60.00	61.65	60.48	59.42	61.17	59.77	1.86720665162	50
27770	27770	78312	78312	59.38	61.12	59.38	58.83	60.67	59.48	60.00	61.62	60.42	59.40	61.14	59.76	1.86764303296	50
27820	27820	78262	78262	59.38	61.20	59.40	58.73	60.67	59.45	59.90	61.62	60.42	59.33	61.17	59.76	1.86701918517	50
27870	27870	78212	78212	59.38	61.15	59.30	58.70	60.58	59.45	59.90	61.60	60.40	59.33	61.11	59.72	1.86751985437	50
27920	27920	78162	78162	59.33	61.02	59.33	58.62	60.48	59.38	59.83	61.60	60.30	59.26	61.03	59.67	1.86733484453	50
27970	27970	78112	78112	59.35	61.08	59.20	58.55	60.48	59.38	59.85	61.55	60.25	59.25	61.03	59.61	1.86794184109	50
28020	28020	78062	78062	59.35	61.00	59.15	58.58	60.50	59.33	59.80	61.50	60.23	59.24	61.00	59.57	1.86787252061	50
28070	28070	78012	78012	59.33	60.95	59.12	58.55	60.50	59.33	59.67	61.40	60.25	59.18	60.95	59.57	1.86815056179	50
28120	28120	77962	77962	59.33	60.90	59.15	58.48	60.48	59.30	59.70	61.40	60.25	59.17	60.92	59.57	1.86866543624	50
28170	28170	77912	77912	59.23	60.85	59.15	58.38	60.40	59.25	59.67	61.48	60.23	59.09	60.91	59.54	1.86836786007	50
28220	28220	77862	77862	59.15	60.83	59.10	58.38	60.42	59.25	59.60	61.40	60.25	59.04	60.88	59.53	1.869752238	50
28270	28270	77812	77812	59.15	60.80	59.00	58.38	60.40	59.27	59.58	61.40	60.17	59.03	60.87	59.48	1.86977158997	50
28320	28320	77762	77762	59.10	60.73	59.00	58.30	60.30	59.15	59.60	61.33	60.15	59.00	60.78	59.43	1.86975945816	50
28370	28370	77712	77712	59.02	60.77	58.98	58.27	60.30	59.05	59.52	61.45	60.12	58.94	60.84	59.38	1.87007639885	50
28420	28420	77662	77662	59.00	60.73	59.00	58.25	60.38	59.08	59.52	61.50	60.05	58.92	60.87	59.38	1.87095336714	50
28470	28470	77612	77612	59.05	60.62	59.00	58.27	60.30	59.05	59.42	61.42	60.12	58.92	60.78	59.39	1.87013455952	50
28520	28520	77562	77562	59.00	60.60	58.88	58.20	60.27	58.98	59.35	61.33	60.02	58.85	60.73	59.29	1.87117858043	50
28570	28570	77512	77512	58.95	60.55	58.90	58.10	60.20	58.98	59.33	61.20	59.98	58.79	60.65	59.28	1.8714520514	50
28620	28620	77462	77462	58.88	60.45	58.90	58.08	60.23	58.88	59.23	61.15	59.83	58.73	60.61	59.20	1.87145200099	50
28670	28670	77412	77412	58.83	60.40	58.85	58.08	60.23	58.77	59.25	61.15	59.75	58.72	60.59	59.12	1.87132214699	50
28720	28720	77362	77362	58.80	60.40	58.80	57.98	60.10	58.75	59.27	60.98	59.80	58.68	60.49	59.12	1.87121034925	50
28770	28770	77312	77312	58.77	60.42	58.73	57.98	60.08	58.73	59.27	60.98	59.67	58.67	60.49	59.04	1.87119501136	50
28820	28820	77262	77262	58.75	60.33	58.67	57.95	60.00	58.77	59.23	60.83	59.55	58.64	60.38	59.00	1.8710620746	50
28870	28870	77212	77212	58.73	60.23	58.62	57.95	60.00	58.70	59.15	60.92	59.52	58.61	60.38	58.95	1.87245464025	50
28920	28920	77162	77162	58.67	60.30	58.62	57.90	60.00	58.70	59.17	60.92	59.48	58.58	60.41	58.93	1.8717969729	50
28970	28970	77112	77112	58.70	60.25	58.58	57.88	60.02	58.65	59.10	60.92	59.42	58.56	60.40	58.88	1.87169924135	50
29020	29020	77062	77062	58.60	60.17	58.60	57.80	59.92	58.62	59.08	60.88	59.35	58.49	60.33	58.86	1.87182336131	50
29070	29070	77012	77012	58.58	60.17	58.60	57.77	59.95	58.60	59.15	60.90	59.40	58.50	60.34	58.87	1.87253879615	50
29120	29120	76962	76962	58.62	60.12	58.60	57.75	59.88	58.58	59.12	60.80	59.27	58.50	60.27	58.82	1.87231710654	50
29170	29170	76912	76912	58.58	60.08	58.58	57.73	59.90	58.42	59.10	60.75	59.23	58.47	60.24	58.74	1.87240667928	50
29220	29220	76862	76862	58.58	60.08	58.58	57.73	59.90	58.45	59.10	60.75	59.15	58.47	60.24	58.73	1.87218610062	50
29270	29270	76812	76812	58.48	60.05	58.52	57.73	59.83	58.42	59.12	60.73	59.12	58.44	60.20	58.69	1.87313579627	50
29320	29320	76762	76762	58.42	59.98	58.52	57.75	59.75	58.45	59.12	60.65	59.05	58.43	60.12	58.67	1.87302880764	50
29370	29370	76712	76712	58.50	59.98	58.52	57.70	59.70	58.38	59.08	60.60	59.08	58.42	60.09	58.66	1.87334975636	50
29420	29420	76662	76662	58.50	60.00	58.55	57.67	59.73	58.38	58.98	60.58	59.08	58.38	60.10	58.67	1.87405878405	50
29470	29470	76612	76612	58.42	59.98	58.50	57.62	59.73	58.40	58.95	60.60	59.02	58.33	60.10	58.64	1.87417511622	50
29520	29520	76562	76562	58.40	60.00	58.50	57.58	59.70	58.38	58.95	60.55	59.02	58.31	60.08	58.63	1.87514379321	50
29570	29570	76512	76512	58.33	59.92	58.50	57.65	59.67	58.40	58.98	60.50	59.00	58.32	60.03	58.63	1.87538163831	50
29620	29620	76462	76462	58.33	59.92	58.52	57.62	59.65	58.23	58.85	60.45	58.98	58.27	60.01	58.58	1.87521687918	50
29670	29670	76412	76412	58.35	59.90	58.50	57.58	59.65	58.23	58.77	60.42	58.95	58.23	59.99	58.56	1.8747764967	50
29720	29720	76362	76362	58.33	59.88	58.48	57.62	59.65	58.23	58.80	60.38	58.90	58.25	59.97	58.53	1.8753146863	50
29770	29770	76312	76312	58.27	59.85	58.45	57.62	59.55	58.15	58.60	60.38	58.83	58.17	59.92	58.48	1.87582759813	50
29820	29820	76262	76262	58.25	59.88	58.40	57.58	59.55	58.15	58.67	60.45	58.83	58.17	59.96	58.46	1.87607470109	50
29870	29870	76212	76212	58.23	59.75	58.40	57.52	59.58	58.12	58.62	60.42	58.83	58.12	59.92	58.45	1.87703532716	50
29920	29920	76162	76162	58.20	59.77	58.35	57.58	59.52	58.08	58.62	60.27	58.70	58.13	59.86	58.38	1.87752280141	50
29970	29970	76112	76112	58.25	59.70	58.33	57.55	59.42	58.05	58.48	60.40	58.67	58.09	59.84	58.35	1.87785915526	50
30020	30020	76062	76062	58.20	59.67	58.35	57.55	59.42	57.98	58.45	60.38	58.65	58.07	59.83	58.33	1.87799467118	50
30070	30070	76012	76012	58.27	59.62	58.30	57.52	59.42	58.00	58.50	60.23	58.65	58.10	59.76	58.32	1.87790857296	50
30120	30120	75962	75962	58.25	59.65	58.27	57.52	59.25	57.95	58.45	60.20	58.65	58.08	59.70	58.29	1.87828215762	50
30170	30170	75912	75912	58.12	59.58	58.25	57.52	59.25	57.90	58.42	60.23	58.58	58.02	59.68	58.24	1.877877368	50
30220	30220	75862	75862	58.12	59.52	58.23	57.50	59.30	57.83	58.40	60.15	58.52	58.01	59.66	58.19	1.8781953819	50
30270	30270	75812	75812	58.10	59.52	58.20	57.40	59.27	57.83	58.35	60.17	58.58	57.95	59.66	58.20	1.87862077441	50
30320	30320	75762	75762	57.98	59.52	58.20	57.38	59.23	57.80	58.23	60.08	58.55	57.86	59.61	58.18	1.87893894225	50
30370	30370	75712	75712	58.02	59.48	58.20	57.45	59.20	57.80	58.17	60.12	58.52	57.88	59.60	58.17	1.87869990274	50
30420	30420	75662	75662	57.98	59.42	58.05	57.45	59.17	57.75	58.17	60.10	58.45	57.87	59.57	58.08	1.87918860339	50
30470	30470	75612	75612	57.98	59.35	58.02	57.40	59.15	57.73	58.12	60.12	58.45	57.83	59.54	58.07	1.87908982066	50
30520	30520	75562	75562	58.00	59.33	58.00	57.40	59.10	57.75	58.10	60.10	58.42	57.83	59.51	58.06	1.87955898314	50
30570	30570	75512	75512	58.00	59.30	58.02	57.35	59.10	57.73	58.05	60.02	58.42	57.80	59.48	58.06	1.88004872458	50
30620	30620	75462	75462	57.95	59.27	58.00	57.30	59.10	57.70	58.02	60.05	58.40	57.76	59.48	58.03	1.87970202884	50
30670	30670	75412	75412	57.95	59.27	57.95	57.27	59.05	57.70	58.02	60.00	58.40	57.75	59.44	58.02	1.88034725321	50
30720	30720	75362	75362	57.85	59.27	57.88	57.30	58.98	57.55	57.95	60.00	58.38	57.70	59.42	57.93	1.88057559697	50
30770	30770	75312	75312	57.85	59.27	57.85	57.33	58.90	57.50	57.85	60.02	58.33	57.67	59.40	57.89	1.88087721488	50
30820	30820	75262	75262	57.80	59.25	57.83	57.25	58.85	57.48	57.75	60.00	58.35	57.60	59.37	57.88	1.88149580153	50
30870	30870	75212	75212	57.80	59.30	57.83	57.23	58.77	57.52	57.75	59.83	58.30	57.59	59.30	57.88	1.88228761245	50
30920	30920	75162	75162	57.70	59.23	57.83	57.17	58.75	57.52	57.77	59.80	58.27	57.55	59.26	57.88	1.88138006421	50
30970	30970	75112	75112	57.70	59.15	57.77	57.17	58.65	57.52	57.73	59.80	58.23	57.53	59.20	57.84	1.88264374871	50
31020	31020	75062	75062	57.62	59.17	57.73	57.17	58.67	57.50	57.77	59.77	58.27	57.52	59.21	57.83	1.88252159663	50
31070	31070	75012	75012	57.60	59.12	57.70	57.10	58.67	57.50	57.77	59.73	58.17	57.49	59.17	57.79	1.88283016071	50
31120	31120	74962	74962	57.58	59.20	57.67	57.10	58.65	57.42	57.77	59.65	58.17	57.48	59.17	57.76	1.88290916127	50
31170	31170	74912	74912	57.58	59.12	57.67	57.12	58.58	57.45	57.77	59.62	58.10	57.49	59.11	57.74	1.88290159178	50
31220	31220	74862	74862	57.58	59.12	57.67	57.15	58.60	57.38	57.70	59.65	58.05	57.48	59.12	57.70	1.88370797419	50
31270	31270	74812	74812	57.55	59.08	57.67	57.08	58.58	57.35	57.70	59.67	57.95	57.44	59.11	57.66	1.88420809994	50
31320	31320	74762	74762	57.55	59.02	57.65	57.05	58.55	57.30	57.62	59.65	57.92	57.41	59.08	57.62	1.88473285838	50
31370	31370	74712	74712	57.48	59.02	57.65	57.08	58.55	57.33	57.58	59.65	57.88	57.38	59.08	57.62	1.88482586579	50
31420	31420	74662	74662	57.48	59.00	57.67	57.00	58.52	57.30	57.55	59.62	57.83	57.34	59.05	57.60	1.88546617788	50
31470	31470	74612	74612	57.38	59.02	57.62	57.00	58.52	57.27	57.50	59.62	57.83	57.29	59.06	57.58	1.88506635146	50
31520	31520	74562	74562	57.35	59.05	57.58	56.95	58.55	57.25	57.48	59.60	57.80	57.26	59.07	57.54	1.88520044664	50
31570	31570	74512	74512	57.38	59.02	57.58	56.90	58.52	57.23	57.42	59.55	57.83	57.23	59.03	57.54	1.88644203033	50
31620	31620	74462	74462	57.35	58.98	57.58	56.92	58.48	57.20	57.42	59.52	57.83	57.23	58.99	57.53	1.88685270326	50
31670	31670	74412	74412	57.30	58.92	57.55	56.92	58.48	57.15	57.42	59.55	57.77	57.22	58.98	57.49	1.88713218038	50
31720	31720	74362	74362	57.25	58.92	57.55	56.85	58.45	57.15	57.50	59.52	57.73	57.20	58.97	57.48	1.88798165999	50
31770	31770	74312	74312	57.27	58.95	57.52	56.80	58.40	57.20	57.38	59.50	57.70	57.15	58.95	57.48	1.88783724628	50
31820	31820	74262	74262	57.25	58.95	57.52	56.80	58.40	57.15	57.27	59.48	57.73	57.11	58.94	57.47	1.88854226344	50
31870	31870	74212	74212	57.23	58.95	57.50	56.77	58.38	57.15	57.30	59.50	57.67	57.10	58.94	57.44	1.88858342353	50
31920	31920	74162	74162	57.23	58.98	57.48	56.75	58.40	57.15	57.23	59.52	57.65	57.07	58.97	57.42	1.88894057329	50
31970	31970	74112	74112	57.25	58.92	57.48	56.73	58.35	57.12	57.15	59.52	57.60	57.04	58.93	57.40	1.88905772476	50
32020	32020	74062	74062	57.17	58.90	57.50	56.73	58.35	57.12	57.15	59.52	57.55	57.02	58.92	57.39	1.88998874622	50
32070	32070	74012	74012	57.15	58.80	57.52	56.70	58.35	57.15	57.15	59.50	57.55	57.00	58.88	57.41	1.88924702627	50
32120	32120	73962	73962	57.15	58.83	57.48	56.67	58.35	57.15	57.08	59.50	57.58	56.97	58.89	57.40	1.88941393246	50
32170	32170	73912	73912	57.20	58.77	57.50	56.70	58.38	57.12	57.05	59.50	57.55	56.98	58.88	57.39	1.89034522185	50
32220	32220	73862	73862	57.25	58.83	57.48	56.65	58.38	57.12	57.08	59.48	57.52	56.99	58.89	57.38	1.89017712256	50
32270	32270	73812	73812	57.17	58.90	57.48	56.62	58.27	57.12	57.00	59.45	57.52	56.93	58.88	57.38	1.89008142056	50
32320	32320	73762	73762	57.17	58.90	57.45	56.60	58.27	57.10	57.02	59.48	57.52	56.93	58.88	57.36	1.89028412716	50
32370	32370	73712	73712	57.17	58.83	57.40	56.58	58.30	57.08	57.00	59.45	57.55	56.92	58.86	57.34	1.89075857318	50
32420	32420	73662	73662	57.17	58.85	57.40	56.55	58.30	57.05	57.00	59.42	57.58	56.91	58.86	57.34	1.89013569197	50
32470	32470	73612	73612	57.17	58.80	57.42	56.58	58.27	57.08	56.92	59.42	57.58	56.89	58.83	57.36	1.89034391877	50
32520	32520	73562	73562	57.15	58.75	57.40	56.52	58.33	57.05	56.90	59.42	57.58	56.86	58.83	57.34	1.89093979866	50
32570	32570	73512	73512	57.15	58.70	57.40	56.50	58.33	57.02	57.00	59.45	57.55	56.88	58.83	57.33	1.89090178974	50
32620	32620	73462	73462	57.10	58.65	57.38	56.48	58.27	56.98	56.95	59.45	57.50	56.84	58.79	57.28	1.89128389234	50
32670	32670	73412	73412	57.10	58.65	57.38	56.45	58.27	57.00	56.98	59.45	57.50	56.84	58.79	57.29	1.89143579532	50
32720	32720	73362	73362	57.10	58.62	57.40	56.52	58.27	57.00	56.92	59.45	57.50	56.85	58.78	57.30	1.8916692676	50
32770	32770	73312	73312	57.05	58.62	57.38	56.45	58.23	57.00	56.85	59.40	57.52	56.78	58.75	57.30	1.89254709945	50
32820	32820	73262	73262	57.00	58.62	57.33	56.38	58.17	57.00	56.80	59.40	57.48	56.73	58.73	57.27	1.89212999568	50
32870	32870	73212	73212	57.05	58.65	57.33	56.40	58.23	56.95	56.80	59.42	57.45	56.75	58.77	57.24	1.89238807344	50
32920	32920	73162	73162	57.05	58.62	57.30	56.40	58.17	56.98	56.77	59.42	57.45	56.74	58.74	57.24	1.89301717454	50
32970	32970	73112	73112	57.05	58.65	57.30	56.40	58.15	57.00	56.75	59.38	57.45	56.73	58.73	57.25	1.89351960674	50
33020	33020	73062	73062	57.00	58.65	57.30	56.40	58.20	57.00	56.70	59.33	57.42	56.70	58.73	57.24	1.89383544778	50
33070	33070	73012	73012	57.08	58.62	57.27	56.35	58.17	56.95	56.67	59.30	57.40	56.70	58.70	57.21	1.89445813499	50
33120	33120	72962	72962	56.92	58.65	57.27	56.35	58.15	56.92	56.70	59.27	57.38	56.66	58.69	57.19	1.89401121716	50
33170	33170	72912	72912	56.95	58.67	57.25	56.33	58.12	56.90	56.70	59.25	57.38	56.66	58.68	57.17	1.89467045893	50
33220	33220	72862	72862	56.92	58.62	57.25	56.33	58.10	56.88	56.67	59.27	57.30	56.64	58.67	57.14	1.89541741853	50
33270	33270	72812	72812	56.90	58.60	57.25	56.30	58.05	56.88	56.62	59.27	57.25	56.61	58.64	57.12	1.89537940539	50
33320	33320	72762	72762	56.90	58.62	57.25	56.30	58.08	56.88	56.65	59.27	57.25	56.62	58.66	57.12	1.89569770626	50
33370	33370	72712	72712	56.88	58.55	57.25	56.30	58.15	56.85	56.67	59.23	57.25	56.62	58.64	57.12	1.89561628986	50
33420	33420	72662	72662	56.90	58.50	57.25	56.25	58.08	56.85	56.70	59.30	57.27	56.62	58.62	57.12	1.89643120308	50
33470	33470	72612	72612	56.77	58.50	57.17	56.23	58.08	56.83	56.70	59.27	57.30	56.57	58.62	57.10	1.89681713275	50
33520	33520	72562	72562	56.77	58.52	57.17	56.23	58.02	56.83	56.65	59.30	57.20	56.55	58.62	57.07	1.89689094696	50
33570	33570	72512	72512	56.77	58.48	57.12	56.17	58.08	56.80	56.62	59.30	57.20	56.52	58.62	57.04	1.89708024038	50
33620	33620	72462	72462	56.77	58.50	57.12	56.12	58.05	56.80	56.60	59.25	57.20	56.50	58.60	57.04	1.8973336535	50
33670	33670	72412	72412	56.73	58.48	57.12	56.10	58.00	56.80	56.55	59.23	57.23	56.46	58.57	57.05	1.89804684004	50
33720	33720	72362	72362	56.73	58.52	57.10	56.10	57.95	56.77	56.58	59.27	57.27	56.47	58.58	57.05	1.89818717587	50
33770	33770	72312	72312	56.70	58.50	57.12	56.08	57.95	56.80	56.60	59.23	57.25	56.46	58.56	57.06	1.89830761996	50
33820	33820	72262	72262	56.67	58.52	57.12	56.08	57.90	56.77	56.52	59.25	57.20	56.42	58.56	57.03	1.89810922357	50
33870	33870	72212	72212	56.65	58.52	57.12	55.95	57.85	56.75	56.45	59.15	57.17	56.35	58.51	57.02	1.89820138461	50
33920	33920	72162	72162	56.60	58.55	57.12	55.90	57.85	56.73	56.45	59.12	57.20	56.32	58.51	57.02	1.89795967071	50
33970	33970	72112	72112	56.55	58.50	57.10	55.80	57.80	56.73	56.45	59.17	57.12	56.27	58.49	56.98	1.89841865999	50
34020	34020	72062	72062	56.50	58.48	57.12	55.85	57.77	56.73	56.42	59.10	57.15	56.26	58.45	57.00	1.89868346549	50
34070	34070	72012	72012	56.52	58.48	57.12	55.90	57.73	56.73	56.40	59.08	57.15	56.27	58.42	57.00	1.89864156152	50
34120	34120	71962	71962	56.50	58.40	57.12	55.88	57.67	56.73	56.40	59.05	57.15	56.26	58.38	57.00	1.8988219004	50
34170	34170	71912	71912	56.48	58.40	57.10	55.77	57.67	56.75	56.35	59.08	57.12	56.20	58.38	56.99	1.89933177706	50
34220	34220	71862	71862	56.48	58.45	57.12	55.73	57.70	56.73	56.35	59.10	57.12	56.18	58.42	56.99	1.89994600094	50
34270	34270	71812	71812	56.50	58.40	57.05	55.67	57.73	56.67	56.35	59.08	57.10	56.17	58.40	56.94	1.89979947345	50
34320	34320	71762	71762	56.52	58.35	57.05	55.70	57.70	56.67	56.40	59.00	57.12	56.21	58.35	56.95	1.89957683281	50
34370	34370	71712	71712	56.50	58.35	57.10	55.67	57.67	56.65	56.35	59.00	57.10	56.17	58.34	56.95	1.89994525979	50
34420	34420	71662	71662	56.50	58.30	57.08	55.62	57.70	56.65	56.33	59.00	57.12	56.15	58.33	56.95	1.90062725572	50
34470	34470	71612	71612	56.48	58.33	57.08	55.65	57.73	56.65	56.33	58.98	57.10	56.15	58.34	56.94	1.9005837795	50
34520	34520	71562	71562	56.52	58.35	57.08	55.65	57.70	56.67	56.30	58.95	57.08	56.16	58.33	56.94	1.90054613974	50
34570	34570	71512	71512	56.45	58.33	57.02	55.65	57.67	56.67	56.27	58.98	57.08	56.12	58.33	56.92	1.90115358773	50
34620	34620	71462	71462	56.45	58.33	57.00	55.65	57.67	56.62	56.20	58.92	57.08	56.10	58.31	56.90	1.90139510093	50
34670	34670	71412	71412	56.45	58.35	56.98	55.62	57.65	56.58	56.23	58.90	57.05	56.10	58.30	56.87	1.90169975723	50
34720	34720	71362	71362	56.45	58.33	56.98	55.60	57.67	56.60	56.23	58.85	57.05	56.09	58.28	56.88	1.90231269513	50
34770	34770	71312	71312	56.48	58.25	57.00	55.55	57.65	56.58	56.17	58.85	57.05	56.07	58.25	56.88	1.90227883616	50
34820	34820	71262	71262	56.48	58.30	56.98	55.55	57.67	56.60	56.17	58.85	57.02	56.07	58.27	56.87	1.90219102674	50
34870	34870	71212	71212	56.58	58.27	56.98	55.52	57.65	56.62	56.12	58.85	57.00	56.08	58.26	56.87	1.90255845498	50
34920	34920	71162	71162	56.42	58.23	56.95	55.52	57.62	56.62	56.17	58.80	57.05	56.04	58.22	56.88	1.90292064645	50
34970	34970	71112	71112	56.40	58.27	57.00	55.50	57.58	56.60	56.10	58.80	57.00	56.00	58.22	56.87	1.90308557496	50
35020	35020	71062	71062	56.42	58.30	56.95	55.45	57.58	56.55	56.15	58.73	57.02	56.01	58.20	56.84	1.90327132941	50
35070	35070	71012	71012	56.42	58.25	56.92	55.50	57.55	56.55	56.10	58.67	57.00	56.01	58.16	56.83	1.90356057719	50
35120	35120	70962	70962	56.33	58.25	56.88	55.45	57.55	56.50	56.08	58.75	56.98	55.95	58.18	56.78	1.90406876163	50
35170	35170	70912	70912	56.30	58.23	56.98	55.50	57.60	56.48	56.00	58.67	56.98	55.93	58.17	56.81	1.90386617792	50
35220	35220	70862	70862	56.30	58.20	56.95	55.42	57.58	56.48	55.98	58.65	56.95	55.90	58.14	56.79	1.90377891747	50
35270	35270	70812	70812	56.23	58.20	56.92	55.42	57.58	56.50	55.95	58.62	56.92	55.87	58.13	56.78	1.90374144445	50
35320	35320	70762	70762	56.30	58.20	56.90	55.40	57.55	56.48	55.95	58.58	56.92	55.88	58.11	56.77	1.90355392386	50
35370	35370	70712	70712	56.23	58.20	56.92	55.42	57.60	56.50	56.00	58.60	56.90	55.88	58.13	56.77	1.90378112526	50
35420	35420	70662	70662	56.20	58.17	56.90	55.38	57.60	56.50	55.95	58.62	56.92	55.84	58.13	56.77	1.90387599867	50
35470	35470	70612	70612	56.23	58.17	56.88	55.30	57.60	56.45	56.00	58.60	56.98	55.84	58.12	56.77	1.90416906905	50
35520	35520	70562	70562	56.12	58.17	56.83	55.30	57.52	56.38	55.95	58.62	56.95	55.79	58.11	56.72	1.90429835058	50
35570	35570	70512	70512	56.10	58.15	56.80	55.25	57.55	56.33	55.98	58.67	56.95	55.77	58.12	56.69	1.90432485496	50
35620	35620	70462	70462	56.15	58.15	56.77	55.30	57.50	56.33	55.95	58.62	56.95	55.80	58.09	56.68	1.90426373476	50
35670	35670	70412	70412	56.12	58.15	56.77	55.27	57.52	56.33	55.98	58.65	56.95	55.79	58.11	56.68	1.90451166927	50
35720	35720	70362	70362	56.15	58.15	56.80	55.17	57.52	56.30	55.92	58.65	56.92	55.75	58.11	56.67	1.90476312255	50
35770	35770	70312	70312	56.15	58.12	56.80	55.12	57.45	56.33	55.92	58.58	56.92	55.73	58.05	56.68	1.90534261455	50
35820	35820	70262	70262	56.15	58.17	56.77	55.08	57.48	56.27	55.92	58.58	56.92	55.72	58.08	56.66	1.90556629719	50
35870	35870	70212	70212	56.12	58.17	56.75	55.08	57.42	56.30	55.92	58.58	56.90	55.71	58.06	56.65	1.90551062941	50
35920	35920	70162	70162	56.15	58.12	56.73	55.02	57.42	56.27	55.90	58.55	56.85	55.69	58.03	56.62	1.90573152359	50
35970	35970	70112	70112	56.17	58.10	56.75	55.00	57.50	56.25	55.88	58.55	56.80	55.68	58.05	56.60	1.90582584252	50
36020	36020	70062	70062	56.15	58.12	56.73	55.02	57.50	56.27	55.88	58.48	56.77	55.68	58.03	56.59	1.90587190034	50
36070	36070	70012	70012	56.17	58.12	56.70	54.98	57.45	56.30	55.83	58.48	56.80	55.66	58.02	56.60	1.90564484743	50
36120	36120	69962	69962	56.15	58.10	56.67	54.92	57.45	56.27	55.83	58.45	56.75	55.63	58.00	56.57	1.90587092562	50
36170	36170	69912	69912	56.15	58.10	56.65	54.90	57.45	56.27	55.83	58.48	56.77	55.62	58.01	56.57	1.9056947762	50
36220	36220	69862	69862	56.10	58.10	56.65	54.90	57.48	56.23	55.80	58.48	56.77	55.60	58.02	56.55	1.90607883383	50
36270	36270	69812	69812	56.08	58.08	56.62	54.92	57.45	56.25	55.80	58.45	56.80	55.60	57.99	56.56	1.90681325728	50
36320	36320	69762	69762	56.05	58.05	56.58	54.95	57.42	56.23	55.85	58.48	56.80	55.62	57.98	56.53	1.90688836578	50
36370	36370	69712	69712	56.05	58.08	56.55	54.90	57.38	56.20	55.85	58.45	56.80	55.60	57.97	56.52	1.90660362712	50
36420	36420	69662	69662	56.00	58.12	56.52	54.90	57.35	56.15	55.85	58.48	56.80	55.58	57.98	56.49	1.90687163001	50
36470	36470	69612	69612	56.00	58.10	56.52	54.95	57.40	56.15	55.83	58.48	56.80	55.59	57.99	56.49	1.90685056475	50
36520	36520	69562	69562	56.00	58.05	56.50	54.88	57.42	56.17	55.85	58.50	56.88	55.58	57.99	56.52	1.90669943161	50
36570	36570	69512	69512	56.00	58.00	56.50	54.85	57.45	56.17	55.77	58.45	56.80	55.54	57.97	56.49	1.9070461128	50
36620	36620	69462	69462	55.98	57.98	56.50	54.88	57.42	56.10	55.75	58.48	56.83	55.53	57.96	56.48	1.90711570033	50
36670	36670	69412	69412	55.95	57.98	56.52	54.83	57.42	56.10	55.80	58.50	56.75	55.52	57.97	56.46	1.90727344742	50
36720	36720	69362	69362	55.90	58.00	56.50	54.83	57.40	56.08	55.75	58.58	56.67	55.49	57.99	56.42	1.90696532797	50
36770	36770	69312	69312	55.92	57.95	56.48	54.77	57.40	56.10	55.77	58.52	56.67	55.49	57.96	56.42	1.9074663123	50
36820	36820	69262	69262	55.90	57.95	56.52	54.80	57.38	56.05	55.80	58.52	56.65	55.50	57.95	56.41	1.90809372283	50
36870	36870	69212	69212	55.88	57.92	56.50	54.80	57.40	56.05	55.70	58.50	56.65	55.46	57.94	56.40	1.90838227776	50
36920	36920	69162	69162	55.90	57.90	56.50	54.80	57.40	56.05	55.73	58.48	56.60	55.48	57.92	56.38	1.90849752886	50
36970	36970	69112	69112	55.88	57.98	56.52	54.80	57.45	56.08	55.73	58.42	56.62	55.47	57.95	56.41	1.90852673256	50
37020	37020	69062	69062	55.88	57.95	56.48	54.77	57.40	56.08	55.70	58.42	56.58	55.45	57.92	56.38	1.90842445741	50
37070	37070	69012	69012	55.88	57.92	56.50	54.77	57.40	56.08	55.75	58.42	56.58	55.47	57.92	56.38	1.90827782997	50
37120	37120	68962	68962	55.90	57.92	56.48	54.75	57.40	56.08	55.67	58.45	56.58	55.44	57.92	56.38	1.90855396303	50
37170	37170	68912	68912	55.92	57.92	56.48	54.75	57.40	56.05	55.73	58.42	56.55	55.47	57.92	56.36	1.90845191243	50
37220	37220	68862	68862	55.92	57.88	56.45	54.73	57.42	56.00	55.75	58.42	56.55	55.47	57.91	56.33	1.90830013882	50
37270	37270	68812	68812	55.90	57.95	56.42	54.70	57.42	56.00	55.67	58.42	56.50	55.42	57.93	56.31	1.90822033263	50
37320	37320	68762	68762	55.88	57.95	56.40	54.67	57.35	56.02	55.67	58.40	56.60	55.41	57.90	56.34	1.90822836456	50
37370	37370	68712	68712	55.90	57.92	56.42	54.67	57.40	56.05	55.65	58.38	56.58	55.41	57.90	56.35	1.90852079327	50
37420	37420	68662	68662	55.92	57.92	56.42	54.67	57.40	56.10	55.58	58.33	56.58	55.39	57.88	56.37	1.9087551923	50
37470	37470	68612	68612	55.90	57.90	56.42	54.67	57.38	56.05	55.58	58.30	56.55	55.38	57.86	56.34	1.90914962855	50
37520	37520	68562	68562	55.83	57.90	56.42	54.70	57.40	56.05	55.50	58.23	56.58	55.34	57.84	56.35	1.90934989317	50
37570	37570	68512	68512	55.83	57.90	56.45	54.70	57.42	56.02	55.50	58.15	56.55	55.34	57.83	56.34	1.90920950806	50
37620	37620	68462	68462	55.80	57.85	56.45	54.70	57.38	56.00	55.48	58.15	56.55	55.33	57.79	56.33	1.90897357426	50
37670	37670	68412	68412	55.83	57.80	56.42	54.67	57.35	56.00	55.50	58.15	56.50	55.33	57.77	56.31	1.90887674575	50
37720	37720	68362	68362	55.77	57.88	56.45	54.73	57.30	55.98	55.45	58.10	56.45	55.32	57.76	56.29	1.90913446329	50
37770	37770	68312	68312	55.80	57.88	56.42	54.70	57.27	55.98	55.48	58.10	56.45	55.33	57.75	56.28	1.90950628609	50
37820	37820	68262	68262	55.83	57.85	56.40	54.67	57.25	55.98	55.45	58.10	56.45	55.32	57.73	56.27	1.90958874635	50
37870	37870	68212	68212	55.88	57.80	56.38	54.67	57.27	56.00	55.45	58.12	56.45	55.33	57.73	56.27	1.90988759371	50
37920	37920	68162	68162	55.85	57.80	56.38	54.67	57.27	56.00	55.33	58.08	56.45	55.28	57.72	56.27	1.91025190654	50
37970	37970	68112	68112	55.83	57.80	56.38	54.67	57.27	55.92	55.35	58.10	56.42	55.28	57.73	56.24	1.91021930422	50
38020	38020	68062	68062	55.80	57.75	56.38	54.67	57.27	55.98	55.33	58.10	56.38	55.27	57.71	56.24	1.91021269416	50
38070	38070	68012	68012	55.80	57.80	56.35	54.67	57.30	55.95	55.33	58.10	56.40	55.27	57.73	56.23	1.91034370349	50
38120	38120	67962	67962	55.77	57.83	56.35	54.65	57.25	55.95	55.27	58.10	56.35	55.23	57.73	56.22	1.9104535988	50
38170	38170	67912	67912	55.75	57.85	56.35	54.65	57.25	55.95	55.27	58.10	56.35	55.23	57.73	56.22	1.91033337917	50
38220	38220	67862	67862	55.75	57.85	56.35	54.65	57.25	55.92	55.25	58.05	56.33	55.22	57.72	56.20	1.91031133508	50
38270	38270	67812	67812	55.75	57.83	56.33	54.65	57.25	55.90	55.30	58.02	56.33	55.23	57.70	56.18	1.91035436412	50
38320	38320	67762	67762	55.62	57.83	56.27	54.65	57.23	55.90	55.27	58.05	56.33	55.18	57.70	56.17	1.9107166289	50
38370	38370	67712	67712	55.60	57.80	56.27	54.60	57.23	55.88	55.27	58.05	56.35	55.16	57.69	56.17	1.91112753244	50
38420	38420	67662	67662	55.55	57.80	56.25	54.60	57.25	55.88	55.27	58.02	56.33	55.14	57.69	56.15	1.91084159892	50
38470	38470	67612	67612	55.52	57.83	56.27	54.62	57.25	55.88	55.23	58.02	56.33	55.12	57.70	56.16	1.91092665048	50
38520	38520	67562	67562	55.55	57.83	56.25	54.62	57.25	55.85	55.23	58.02	56.35	55.13	57.70	56.15	1.91130237171	50
38570	38570	67512	67512	55.52	57.77	56.20	54.60	57.25	55.85	55.20	58.05	56.33	55.11	57.69	56.12	1.91100966147	50
38620	38620	67462	67462	55.58	57.75	56.20	54.62	57.27	55.83	55.20	58.02	56.30	55.13	57.68	56.11	1.91083292476	50
38670	38670	67412	67412	55.52	57.73	56.25	54.58	57.27	55.83	55.15	58.02	56.27	55.08	57.67	56.12	1.91124622742	50
38720	38720	67362	67362	55.52	57.67	56.25	54.55	57.27	55.80	55.12	58.00	56.25	55.07	57.65	56.10	1.91156006983	50
38770	38770	67312	67312	55.55	57.62	56.23	54.58	57.27	55.83	55.12	57.92	56.25	55.08	57.61	56.10	1.91183450771	50
38820	38820	67262	67262	55.50	57.62	56.20	54.55	57.25	55.77	55.10	57.92	56.17	55.05	57.60	56.05	1.91216980462	50
38870	38870	67212	67212	55.50	57.62	56.17	54.58	57.27	55.73	55.05	57.92	56.17	55.04	57.61	56.02	1.91169231041	50
38920	38920	67162	67162	55.50	57.60	56.17	54.52	57.25	55.65	55.15	57.95	56.17	55.06	57.60	56.00	1.91243248226	50
38970	38970	67112	67112	55.48	57.60	56.17	54.55	57.25	55.65	55.15	58.00	56.15	55.06	57.62	55.99	1.91205963133	50
39020	39020	67062	67062	55.48	57.60	56.15	54.55	57.25	55.65	55.17	58.02	56.10	55.07	57.62	55.97	1.91233879226	50
39070	39070	67012	67012	55.50	57.55	56.12	54.52	57.20	55.67	55.15	58.08	56.12	55.06	57.61	55.98	1.91250195581	50
39120	39120	66962	66962	55.50	57.58	56.08	54.55	57.20	55.62	55.15	58.02	56.08	55.07	57.60	55.92	1.91287823147	50
39170	39170	66912	66912	55.50	57.58	56.10	54.52	57.20	55.62	55.12	57.92	56.08	55.05	57.57	55.93	1.9132397358	50
39220	39220	66862	66862	55.50	57.55	56.15	54.52	57.17	55.62	55.08	58.00	56.05	55.03	57.58	55.94	1.91362434977	50
39270	39270	66812	66812	55.45	57.58	56.12	54.50	57.17	55.62	55.05	58.02	56.02	55.00	57.59	55.92	1.91379338329	50
39320	39320	66762	66762	55.42	57.55	56.10	54.52	57.17	55.62	55.05	57.95	55.98	55.00	57.56	55.90	1.91398420886	50
39370	39370	66712	66712	55.42	57.50	56.08	54.52	57.17	55.62	55.05	57.92	56.00	55.00	57.53	55.90	1.91472756774	50
39420	39420	66662	66662	55.40	57.50	56.08	54.52	57.17	55.62	55.02	57.85	56.00	54.98	57.51	55.90	1.91445063097	50
39470	39470	66612	66612	55.33	57.48	56.10	54.50	57.17	55.60	55.05	57.77	55.95	54.96	57.48	55.88	1.91463584568	50
39520	39520	66562	66562	55.30	57.45	56.08	54.50	57.17	55.58	55.05	57.83	55.95	54.95	57.48	55.87	1.91454277754	50
39570	39570	66512	66512	55.33	57.42	56.10	54.50	57.17	55.58	55.05	57.85	55.92	54.96	57.48	55.87	1.9148126842	50
39620	39620	66462	66462	55.25	57.40	56.12	54.50	57.15	55.55	55.02	57.88	55.90	54.92	57.48	55.86	1.91457960527	50
39670	39670	66412	66412	55.25	57.42	56.12	54.48	57.15	55.62	55.05	57.85	55.92	54.92	57.48	55.89	1.91530509906	50
39720	39720	66362	66362	55.20	57.42	56.12	54.45	57.15	55.60	55.05	57.83	55.92	54.90	57.47	55.88	1.91494173526	50
39770	39770	66312	66312	55.23	57.38	56.10	54.42	57.15	55.52	55.05	57.83	55.90	54.90	57.45	55.84	1.91484641486	50
39820	39820	66262	66262	55.20	57.40	56.02	54.45	57.15	55.55	55.02	57.83	55.90	54.89	57.46	55.83	1.91481881814	50
39870	39870	66212	66212	55.23	57.38	56.00	54.38	57.12	55.55	55.02	57.77	55.90	54.88	57.42	55.82	1.91461037431	50
39920	39920	66162	66162	55.17	57.35	56.00	54.38	57.10	55.55	54.98	57.80	55.92	54.84	57.42	55.83	1.91467439123	50
39970	39970	66112	66112	55.15	57.35	56.00	54.48	57.10	55.55	55.00	57.73	55.92	54.88	57.39	55.83	1.91486316851	50
40020	40020	66062	66062	55.17	57.38	55.98	54.40	57.02	55.52	54.98	57.75	55.92	54.85	57.38	55.81	1.91495755741	50
40070	40070	66012	66012	55.17	57.33	55.95	54.35	57.00	55.52	54.95	57.70	55.92	54.83	57.34	55.80	1.91511227001	50
40120	40120	65962	65962	55.17	57.38	55.95	54.38	57.00	55.50	54.98	57.70	55.92	54.84	57.36	55.79	1.91501659312	50
40170	40170	65912	65912	55.17	57.38	55.98	54.35	57.00	55.48	54.92	57.73	55.88	54.82	57.37	55.77	1.91483972622	50
40220	40220	65862	65862	55.20	57.38	55.95	54.33	56.98	55.48	54.85	57.65	55.88	54.79	57.33	55.77	1.91516462828	50
40270	40270	65812	65812	55.17	57.38	55.95	54.33	56.98	55.45	54.85	57.62	55.88	54.78	57.33	55.76	1.91563948513	50
40320	40320	65762	65762	55.12	57.40	55.92	54.33	57.00	55.45	54.85	57.58	55.88	54.77	57.33	55.75	1.91593876888	50
40370	40370	65712	65712	55.12	57.35	55.92	54.27	57.00	55.42	54.88	57.55	55.88	54.76	57.30	55.74	1.91609673579	50
40420	40420	65662	65662	55.12	57.27	55.90	54.30	57.00	55.40	54.88	57.58	55.85	54.77	57.28	55.72	1.91588018272	50
40470	40470	65612	65612	55.10	57.33	55.92	54.27	57.00	55.38	54.85	57.65	55.85	54.74	57.33	55.72	1.91635788715	50
40520	40520	65562	65562	55.10	57.33	55.92	54.25	57.00	55.38	54.88	57.62	55.88	54.74	57.32	55.73	1.91649389999	50
40570	40570	65512	65512	55.08	57.30	55.95	54.25	56.92	55.38	54.90	57.58	55.85	54.74	57.27	55.73	1.91590528929	50
40620	40620	65462	65462	55.08	57.30	55.95	54.23	56.98	55.38	54.92	57.50	55.83	54.74	57.26	55.72	1.91653799219	50
40670	40670	65412	65412	55.08	57.20	55.88	54.25	56.98	55.38	54.95	57.50	55.83	54.76	57.23	55.69	1.9171969546	50
40720	40720	65362	65362	55.08	57.15	55.85	54.25	57.00	55.38	54.92	57.50	55.83	54.75	57.22	55.68	1.91721122353	50
40770	40770	65312	65312	55.05	57.17	55.88	54.23	56.98	55.35	54.88	57.48	55.80	54.72	57.21	55.67	1.91753948346	50
40820	40820	65262	65262	55.08	57.15	55.90	54.23	56.98	55.35	54.90	57.48	55.80	54.73	57.20	55.68	1.91713235199	50
40870	40870	65212	65212	55.02	57.17	55.90	54.23	56.95	55.35	54.85	57.48	55.73	54.70	57.20	55.66	1.91759221162	50
40920	40920	65162	65162	55.02	57.10	55.90	54.23	56.95	55.33	54.88	57.45	55.75	54.71	57.17	55.66	1.91786597977	50
40970	40970	65112	65112	55.02	57.12	55.92	54.20	56.92	55.30	54.83	57.38	55.70	54.68	57.14	55.64	1.91779005699	50
41020	41020	65062	65062	55.00	57.15	55.83	54.20	56.92	55.30	54.83	57.38	55.70	54.67	57.15	55.61	1.91781484377	50
41070	41070	65012	65012	55.00	57.15	55.80	54.20	56.88	55.27	54.83	57.35	55.67	54.67	57.12	55.58	1.91821871171	50
41120	41120	64962	64962	54.95	57.15	55.77	54.20	56.90	55.25	54.75	57.38	55.67	54.63	57.14	55.57	1.91836099369	50
41170	41170	64912	64912	55.00	57.15	55.73	54.17	56.90	55.25	54.75	57.40	55.65	54.64	57.15	55.54	1.91868324657	50
41220	41220	64862	64862	54.98	57.12	55.73	54.17	56.90	55.23	54.73	57.40	55.65	54.62	57.14	55.53	1.91883762483	50
41270	41270	64812	64812	55.00	57.08	55.73	54.15	56.88	55.23	54.75	57.38	55.65	54.63	57.11	55.53	1.91886488776	50
41320	41320	64762	64762	55.00	57.12	55.73	54.15	56.85	55.23	54.75	57.38	55.65	54.63	57.12	55.53	1.91907547856	50
41370	41370	64712	64712	54.98	57.10	55.70	54.12	56.85	55.23	54.70	57.38	55.67	54.60	57.11	55.53	1.91939448223	50
41420	41420	64662	64662	54.92	57.10	55.73	54.10	56.77	55.23	54.73	57.33	55.62	54.58	57.07	55.52	1.91945380952	50
41470	41470	64612	64612	54.90	57.08	55.70	54.10	56.75	55.23	54.70	57.33	55.62	54.57	57.05	55.52	1.91930170467	50
41520	41520	64562	64562	54.85	57.12	55.67	54.10	56.77	55.20	54.73	57.35	55.60	54.56	57.08	55.49	1.91937472486	50
41570	41570	64512	64512	54.83	57.10	55.67	54.08	56.77	55.23	54.73	57.33	55.60	54.54	57.07	55.50	1.91940153556	50
41620	41620	64462	64462	54.80	57.12	55.65	54.08	56.80	55.23	54.73	57.35	55.60	54.53	57.09	55.49	1.91949423937	50
41670	41670	64412	64412	54.80	57.10	55.62	54.08	56.77	55.25	54.75	57.35	55.62	54.54	57.08	55.50	1.91975475184	50
41720	41720	64362	64362	54.80	57.08	55.62	54.10	56.77	55.25	54.70	57.35	55.60	54.53	57.07	55.49	1.91989781001	50
41770	41770	64312	64312	54.75	57.05	55.65	54.10	56.80	55.23	54.67	57.35	55.60	54.51	57.07	55.49	1.919942963	50
41820	41820	64262	64262	54.77	57.05	55.55	54.10	56.80	55.23	54.73	57.35	55.58	54.53	57.07	55.45	1.92062545406	50
41870	41870	64212	64212	54.75	57.08	55.58	54.10	56.80	55.17	54.73	57.35	55.52	54.52	57.08	55.42	1.92040218469	50
41920	41920	64162	64162	54.73	57.08	55.55	54.10	56.80	55.23	54.73	57.35	55.55	54.52	57.08	55.44	1.92020810226	50
41970	41970	64112	64112	54.70	57.12	55.55	54.12	56.80	55.23	54.73	57.35	55.50	54.52	57.09	55.42	1.92006865578	50
42020	42020	64062	64062	54.67	57.10	55.52	54.10	56.80	55.20	54.73	57.35	55.50	54.50	57.08	55.41	1.92016201461	50
42070	42070	64012	64012	54.62	57.12	55.52	54.12	56.80	55.17	54.73	57.35	55.50	54.49	57.09	55.40	1.92033238273	50
42120	42120	63962	63962	54.60	57.08	55.52	54.12	56.80	55.17	54.73	57.33	55.48	54.48	57.07	55.39	1.92058252594	50
42170	42170	63912	63912	54.62	57.05	55.60	54.10	56.80	55.17	54.70	57.33	55.48	54.48	57.06	55.42	1.92066247794	50
42220	42220	63862	63862	54.62	57.02	55.60	54.10	56.77	55.17	54.70	57.27	55.50	54.48	57.02	55.42	1.92083813619	50
42270	42270	63812	63812	54.60	56.98	55.60	54.10	56.77	55.17	54.65	57.25	55.50	54.45	57.00	55.42	1.92170253324	50
42320	42320	63762	63762	54.60	56.95	55.60	54.10	56.77	55.20	54.65	57.25	55.48	54.45	56.99	55.42	1.92120589377	50
42370	42370	63712	63712	54.58	57.00	55.58	54.10	56.75	55.20	54.65	57.23	55.48	54.44	56.99	55.42	1.92152970128	50
42420	42420	63662	63662	54.58	57.02	55.58	54.08	56.75	55.20	54.67	57.25	55.48	54.44	57.01	55.42	1.92179305812	50
42470	42470	63612	63612	54.58	57.08	55.55	54.05	56.73	55.20	54.65	57.23	55.40	54.42	57.01	55.38	1.9221000773	50
42520	42520	63562	63562	54.55	57.08	55.55	54.05	56.75	55.20	54.65	57.25	55.38	54.42	57.02	55.38	1.92235549282	50
42570	42570	63512	63512	54.62	57.08	55.55	54.05	56.75	55.20	54.67	57.23	55.35	54.45	57.02	55.37	1.92235930959	50
42620	42620	63462	63462	54.58	57.05	55.55	54.05	56.73	55.20	54.62	57.25	55.33	54.42	57.01	55.36	1.92256798924	50
42670	42670	63412	63412	54.58	57.00	55.55	53.98	56.73	55.20	54.60	57.25	55.33	54.38	56.99	55.36	1.92310713424	50
42720	42720	63362	63362	54.58	57.00	55.55	53.98	56.73	55.20	54.58	57.23	55.33	54.38	56.98	55.36	1.92344351608	50
42770	42770	63312	63312	54.58	57.00	55.52	54.00	56.73	55.20	54.58	57.23	55.30	54.38	56.98	55.34	1.9232768834	50
42820	42820	63262	63262	54.58	57.00	55.55	53.98	56.70	55.23	54.60	57.23	55.30	54.38	56.98	55.36	1.9232218829	50
42870	42870	63212	63212	54.58	56.98	55.52	53.98	56.70	55.23	54.58	57.17	55.27	54.38	56.95	55.34	1.92305703781	50
42920	42920	63162	63162	54.58	56.98	55.52	53.98	56.67	55.23	54.55	57.17	55.25	54.37	56.94	55.33	1.92323495606	50
42970	42970	63112	63112	54.58	56.98	55.52	53.98	56.65	55.20	54.58	57.15	55.25	54.38	56.92	55.33	1.92373718322	50
43020	43020	63062	63062	54.55	56.98	55.52	53.95	56.65	55.17	54.55	57.15	55.23	54.35	56.92	55.31	1.92375553636	50
43070	43070	63012	63012	54.58	57.00	55.52	53.95	56.62	55.20	54.55	57.08	55.20	54.36	56.90	55.31	1.92379184186	50
43120	43120	62962	62962	54.60	56.98	55.52	53.95	56.58	55.20	54.55	57.10	55.20	54.37	56.88	55.31	1.9236891342	50
43170	43170	62912	62912	54.60	56.98	55.52	53.92	56.58	55.15	54.58	57.10	55.17	54.37	56.88	55.28	1.92385702569	50
43220	43220	62862	62862	54.60	56.98	55.50	53.92	56.52	55.10	54.52	57.08	55.20	54.35	56.86	55.27	1.92429430375	50
43270	43270	62812	62812	54.60	57.00	55.50	53.90	56.58	55.17	54.50	57.08	55.15	54.33	56.88	55.27	1.92461239651	50
43320	43320	62762	62762	54.58	56.98	55.48	53.90	56.58	55.17	54.50	57.10	55.12	54.33	56.88	55.26	1.92526171634	50
43370	43370	62712	62712	54.55	56.98	55.45	53.90	56.55	55.17	54.52	57.10	55.12	54.33	56.88	55.25	1.92518546838	50
43420	43420	62662	62662	54.55	56.98	55.45	53.90	56.58	55.15	54.52	57.12	55.10	54.33	56.89	55.23	1.92541635778	50
43470	43470	62612	62612	54.55	57.00	55.48	53.92	56.55	55.12	54.52	57.10	55.10	54.33	56.88	55.23	1.92563080287	50
43520	43520	62562	62562	54.55	57.00	55.42	53.92	56.52	55.08	54.52	57.10	55.10	54.33	56.88	55.20	1.9250386216	50
43570	43570	62512	62512	54.55	57.00	55.42	53.92	56.52	55.05	54.55	57.08	55.10	54.34	56.87	55.19	1.92539055484	50
43620	43620	62462	62462	54.58	56.98	55.48	53.92	56.55	55.08	54.52	57.08	55.12	54.34	56.87	55.23	1.92547261503	50
43670	43670	62412	62412	54.55	56.95	55.48	53.92	56.55	55.05	54.48	57.05	55.12	54.32	56.85	55.22	1.92554724409	50
43720	43720	62362	62362	54.55	56.95	55.48	53.90	56.50	55.05	54.48	57.05	55.10	54.31	56.83	55.21	1.92575643418	43
43763	43763	62319	62319	54.55	56.92	55.42	53.90	56.50	55.02	54.48	57.02	55.08	54.31	56.82	55.17	1.9254739171	50
43813	43813	62269	62269	54.55	56.92	55.48	53.92	56.50	55.02	54.48	57.08	55.10	54.32	56.83	55.20	1.92546900129	50
43863	43863	62219	62219	54.55	56.90	55.50	53.92	56.50	55.00	54.45	57.00	55.10	54.31	56.80	55.20	1.92564572112	50
43913	43913	62169	62169	54.50	56.95	55.48	53.92	56.50	55.02	54.45	57.00	55.10	54.29	56.82	55.20	1.92532739134	50
43963	43963	62119	62119	54.50	56.95	55.48	53.92	56.45	55.02	54.42	56.98	55.05	54.28	56.79	55.18	1.92560154456	50
44013	44013	62069	62069	54.45	56.92	55.45	53.92	56.45	55.02	54.45	56.98	55.08	54.27	56.78	55.18	1.92571738391	50
44063	44063	62019	62019	54.45	56.90	55.40	53.92	56.45	55.05	54.40	57.00	55.08	54.26	56.78	55.17	1.92626968317	50
44113	44113	61969	61969	54.45	56.90	55.42	53.92	56.42	55.02	54.42	57.00	55.05	54.27	56.77	55.17	1.92655294608	50
44163	44163	61919	61919	54.45	56.92	55.40	53.92	56.42	55.02	54.42	56.98	55.05	54.27	56.77	55.16	1.92620088854	50
44213	44213	61869	61869	54.50	56.92	55.45	53.90	56.40	55.00	54.40	57.00	55.05	54.27	56.77	55.17	1.92703761146	50
44263	44263	61819	61819	54.48	56.90	55.45	53.88	56.40	54.98	54.42	57.00	55.08	54.26	56.77	55.17	1.92686848063	50
44313	44313	61769	61769	54.48	56.90	55.42	53.90	56.38	54.95	54.40	56.98	55.05	54.26	56.75	55.14	1.92678901098	50
44363	44363	61719	61719	54.48	56.90	55.38	53.90	56.38	54.95	54.40	56.92	55.05	54.26	56.73	55.12	1.92669501591	50
44413	44413	61669	61669	54.45	56.88	55.38	53.90	56.38	54.95	54.33	56.92	55.05	54.23	56.73	55.12	1.92689899055	50
44463	44463	61619	61619	54.48	56.88	55.40	53.90	56.35	54.95	54.35	56.92	55.05	54.24	56.72	55.13	1.92655087131	50
44513	44513	61569	61569	54.45	56.90	55.40	53.85	56.35	54.95	54.35	56.95	55.05	54.22	56.73	55.13	1.92695197813	50
44563	44563	61519	61519	54.45	56.88	55.40	53.90	56.40	54.95	54.33	56.98	55.05	54.23	56.75	55.13	1.92697834635	50
44613	44613	61469	61469	54.45	56.85	55.38	53.83	56.40	54.95	54.35	56.95	55.00	54.21	56.73	55.11	1.92695153494	50
44663	44663	61419	61419	54.45	56.85	55.38	53.83	56.38	54.90	54.35	56.98	55.00	54.21	56.73	55.09	1.92714301909	50
44713	44713	61369	61369	54.40	56.85	55.38	53.80	56.40	54.88	54.38	56.98	54.98	54.19	56.74	55.08	1.92759901009	50
44763	44763	61319	61319	54.40	56.85	55.35	53.77	56.40	54.83	54.33	57.02	54.98	54.17	56.76	55.05	1.928697602	50
44813	44813	61269	61269	54.40	56.85	55.38	53.75	56.40	54.80	54.35	57.02	55.00	54.17	56.76	55.06	1.92911737454	50
44863	44863	61219	61219	54.40	56.88	55.35	53.67	56.38	54.83	54.30	57.05	55.00	54.12	56.77	55.06	1.92903524249	50
44913	44913	61169	61169	54.35	56.85	55.30	53.67	56.38	54.77	54.30	57.00	55.00	54.11	56.74	55.02	1.9289549444	50
44963	44963	61119	61119	54.30	56.83	55.30	53.65	56.38	54.77	54.30	57.00	55.00	54.08	56.73	55.02	1.9286830243	50
45013	45013	61069	61069	54.30	56.83	55.33	53.65	56.35	54.80	54.30	57.02	55.00	54.08	56.73	55.04	1.92843914424	50
45063	45063	61019	61019	54.27	56.83	55.30	53.65	56.33	54.80	54.27	57.02	55.00	54.07	56.73	55.03	1.92831186419	50
45113	45113	60969	60969	54.30	56.83	55.27	53.62	56.33	54.77	54.27	57.08	55.00	54.07	56.74	55.02	1.92864060043	50
45163	45163	60919	60919	54.33	56.85	55.25	53.62	56.33	54.75	54.27	57.05	55.00	54.08	56.74	55.00	1.92849798176	50
