12120	12120	94562	94562	75.10	77.75	79.85	74.58	77.65	79.25	75.28	78.53	79.90	74.98	77.97	79.67	1.28993931967
12120	12120	88562	88562	75.05	77.75	79.85	74.58	77.65	79.25	75.28	78.53	79.88	74.97	77.97	79.66	1.28393150091	100
12220	12220	88462	88462	75.53	76.90	78.17	74.33	76.40	77.75	76.28	77.00	79.72	75.38	76.77	78.55	1.76435174632	100
12320	12320	88362	88362	75.17	76.88	77.88	73.95	76.15	77.22	75.70	77.38	79.67	74.94	76.80	78.26	1.84661548823	100
12420	12420	88262	88262	75.15	76.58	77.67	73.67	75.67	77.03	75.80	77.10	79.50	74.88	76.45	78.07	1.83141907901	100
12520	12520	88162	88162	75.05	76.90	77.70	73.65	75.70	76.92	75.88	76.95	79.42	74.86	76.52	78.02	1.82640539385	100
12620	12620	88062	88062	75.15	76.67	77.65	73.62	75.72	76.60	75.95	76.22	79.30	74.91	76.21	77.85	1.81731559949	100
12720	12720	87962	87962	74.97	76.22	77.55	73.75	75.58	76.53	75.90	76.55	79.15	74.88	76.12	77.74	1.81412185648	100
12820	12820	87862	87862	74.88	76.00	77.30	73.80	75.10	76.12	76.03	76.15	78.95	74.90	75.75	77.46	1.80351108459	100
12920	12920	87762	87762	74.65	75.72	76.80	73.72	74.67	75.72	75.88	76.05	78.58	74.75	75.48	77.03	1.79520035628	100
13020	13020	87662	87662	73.95	75.17	76.38	73.70	74.40	75.33	75.55	75.80	78.03	74.40	75.12	76.58	1.7961396496	100
13120	13120	87562	87562	73.95	74.92	76.00	73.33	73.97	75.03	75.55	75.35	77.20	74.28	74.75	76.08	1.79475222803	100
13220	13220	87462	87462	73.45	74.55	75.95	73.05	73.67	74.53	75.12	75.17	77.20	73.88	74.47	75.89	1.79678914941	100
13320	13320	87362	87362	73.50	74.08	75.72	72.88	73.15	74.03	74.92	74.62	77.15	73.77	73.95	75.63	1.80178510198	100
13420	13420	87262	87262	72.97	73.67	75.20	72.53	72.58	73.80	74.55	74.38	76.90	73.35	73.54	75.30	1.81220654069	100
13520	13520	87162	87162	72.67	73.05	74.60	71.83	72.12	73.40	74.22	74.00	76.35	72.91	73.06	74.78	1.82682179447	100
13620	13620	87062	87062	72.28	72.90	74.20	71.45	71.72	73.05	74.12	73.92	75.97	72.62	72.85	74.41	1.83521057303	100
13720	13720	86962	86962	72.15	72.70	74.03	71.05	71.30	72.75	73.95	73.53	75.78	72.38	72.51	74.18	1.84178898352	100
13820	13820	86862	86862	71.88	72.33	73.78	70.72	71.12	72.50	73.47	73.47	75.45	72.03	72.31	73.91	1.84315370244	100
13920	13920	86762	86762	71.80	72.35	73.53	70.00	71.00	72.25	72.97	73.35	75.15	71.59	72.23	73.64	1.84477334847	100
14020	14020	86662	86662	71.22	72.10	73.38	69.72	70.92	71.80	72.70	72.95	74.67	71.22	71.99	73.28	1.84938998816	100
14120	14120	86562	86562	71.10	72.00	72.90	69.50	70.62	71.28	72.30	72.95	74.40	70.97	71.86	72.86	1.8476863112	100
14220	14220	86462	86462	70.65	71.85	72.88	69.42	70.40	70.97	72.08	72.97	74.22	70.72	71.74	72.69	1.84825271811	100
14320	14320	86362	86362	70.58	71.65	72.75	69.20	70.25	71.03	71.95	72.95	73.88	70.58	71.62	72.55	1.849835652	100
14420	14420	86262	86262	70.45	71.45	72.55	68.95	70.17	70.80	71.55	72.65	73.60	70.32	71.42	72.32	1.85050632755	100
14520	14520	86162	86162	70.42	71.42	72.15	69.00	70.03	70.60	71.20	72.55	73.35	70.21	71.33	72.03	1.85234693942	100
14620	14620	86062	86062	70.22	71.28	71.90	69.15	69.88	70.47	71.05	72.38	73.22	70.14	71.17	71.87	1.85386863287	100
14720	14720	85962	85962	70.00	71.38	71.78	69.03	69.72	70.40	71.28	72.17	73.17	70.10	71.09	71.78	1.85236399772	100
14820	14820	85862	85862	69.58	71.15	71.40	68.62	69.45	69.92	70.88	71.90	72.75	69.69	70.83	71.36	1.85206114317	100
14920	14920	85762	85762	69.42	70.90	71.17	68.45	69.47	69.67	70.55	71.65	72.33	69.47	70.67	71.06	1.85640291571	100
15020	15020	85662	85662	69.35	70.90	71.03	68.28	69.25	69.42	70.25	71.42	72.10	69.29	70.53	70.85	1.8580249436	100
15120	15120	85562	85562	69.17	70.92	70.92	68.08	69.03	69.22	70.20	71.30	71.88	69.15	70.42	70.67	1.85804625459	100
15220	15220	85462	85462	69.17	70.45	70.72	68.00	68.95	69.00	70.20	71.22	71.62	69.12	70.21	70.45	1.86063922075	100
15320	15320	85362	85362	69.12	70.38	70.35	67.78	68.88	68.72	69.90	71.33	71.25	68.93	70.19	70.11	1.8619233798	100
15420	15420	85262	85262	68.92	70.35	70.33	67.70	68.78	68.53	69.78	71.05	71.12	68.80	70.06	69.99	1.86047608995	100
15520	15520	85162	85162	68.92	70.25	70.05	67.50	68.62	68.42	69.58	70.95	70.80	68.67	69.94	69.76	1.85922774408	100
15620	15620	85062	85062	68.90	70.17	69.97	67.45	68.58	68.15	69.25	70.78	70.83	68.53	69.84	69.65	1.86032262143	100
15720	15720	84962	84962	68.62	70.00	69.92	67.38	68.20	68.10	69.20	70.72	70.55	68.40	69.64	69.53	1.85858969203	100
15820	15820	84862	84862	68.60	69.90	69.80	67.28	68.03	67.97	69.20	70.47	70.33	68.36	69.47	69.37	1.8605632082	100
15920	15920	84762	84762	68.40	69.80	69.80	67.22	68.00	67.78	68.90	70.45	70.22	68.17	69.42	69.27	1.86053741114	100
16020	16020	84662	84662	68.47	69.70	69.58	67.15	67.85	67.75	68.75	70.12	70.22	68.12	69.22	69.18	1.86047100128	100
16120	16120	84562	84562	68.17	69.58	69.38	66.92	67.53	67.58	68.70	70.15	70.03	67.93	69.08	68.99	1.85902099355	100
16220	16220	84462	84462	67.97	69.53	69.30	66.62	67.65	67.35	68.33	70.08	69.83	67.64	69.08	68.83	1.8590250616	100
16320	16320	84362	84362	67.62	69.55	68.97	66.30	67.47	67.17	68.17	69.95	69.75	67.37	68.99	68.63	1.85950249547	100
16420	16420	84262	84262	67.55	69.35	68.83	66.42	67.42	67.03	68.30	69.80	69.60	67.42	68.86	68.48	1.85793087997	100
16520	16520	84162	84162	67.50	69.22	68.75	66.28	67.28	67.00	68.25	69.70	69.53	67.34	68.73	68.42	1.85615063193	100
16620	16620	84062	84062	67.35	69.25	68.65	66.17	67.45	66.83	68.05	69.55	69.25	67.19	68.75	68.24	1.85408833828	100
16720	16720	83962	83962	67.38	68.90	68.58	66.10	67.22	66.67	67.90	69.50	69.08	67.12	68.54	68.11	1.85588672855	100
16820	16820	83862	83862	67.12	68.83	68.35	65.95	67.20	66.45	67.83	69.40	68.85	66.97	68.47	67.88	1.85611978511	100
16920	16920	83762	83762	67.10	68.62	68.12	65.80	66.90	66.33	67.62	69.35	68.62	66.84	68.29	67.69	1.85468548138	100
17020	17020	83662	83662	67.10	68.45	68.15	65.78	66.78	66.25	67.65	69.33	68.47	66.84	68.18	67.62	1.85373331387	100
17120	17120	83562	83562	66.92	68.17	68.12	65.70	66.58	66.15	67.50	69.25	68.20	66.71	68.00	67.49	1.85483587711	100
17220	17220	83462	83462	66.83	67.95	67.92	65.62	66.40	66.05	67.12	69.00	68.12	66.53	67.78	67.37	1.85508320108	100
17320	17320	83362	83362	66.70	67.65	67.75	65.58	66.25	66.00	67.17	68.88	67.85	66.48	67.59	67.20	1.85603594596	100
17420	17420	83262	83262	66.72	67.67	67.58	65.45	66.15	65.95	66.88	68.95	67.72	66.35	67.59	67.08	1.85597279783	100
17520	17520	83162	83162	66.53	67.30	67.25	65.42	65.88	65.62	67.03	68.75	67.55	66.33	67.31	66.81	1.85534885741	100
17620	17620	83062	83062	66.40	67.33	67.05	65.30	65.83	65.40	66.83	68.83	67.53	66.17	67.33	66.66	1.85346848942	100
17720	17720	82962	82962	66.03	67.33	66.90	64.95	65.72	65.25	66.55	68.65	67.47	65.84	67.23	66.54	1.85377782054	100
17820	17820	82862	82862	65.72	67.25	66.62	64.90	65.60	65.03	66.53	68.45	67.30	65.72	67.10	66.32	1.85318711021	100
17920	17920	82762	82762	65.70	66.97	66.55	64.88	65.42	64.78	66.28	68.38	67.12	65.62	66.92	66.15	1.8515506209	100
18020	18020	82662	82662	65.58	66.78	66.40	64.78	65.40	64.72	66.30	68.05	66.92	65.55	66.74	66.02	1.85089789308	100
18120	18120	82562	82562	65.30	66.75	66.40	64.62	65.47	64.70	66.30	68.05	66.72	65.41	66.76	65.94	1.85113225053	100
18220	18220	82462	82462	65.28	66.60	66.15	64.55	65.22	64.50	66.17	67.92	66.70	65.33	66.58	65.78	1.85051974251	100
18320	18320	82362	82362	65.08	66.40	66.12	64.40	65.08	64.33	66.28	67.83	66.42	65.25	66.43	65.62	1.85094308782	100
18420	18420	82262	82262	64.83	66.42	65.88	64.42	65.12	64.17	66.10	67.67	66.35	65.12	66.41	65.47	1.85185798288	100
18520	18520	82162	82162	64.88	66.28	65.83	64.30	65.10	64.05	66.03	67.60	66.33	65.07	66.33	65.40	1.85053416133	100
18620	18620	82062	82062	64.72	66.15	65.80	64.15	65.00	63.98	65.90	67.47	66.10	64.92	66.21	65.29	1.84950826741	100
18720	18720	81962	81962	64.60	66.03	65.60	64.05	64.88	63.90	65.83	67.33	66.10	64.83	66.08	65.20	1.85025348786	100
18820	18820	81862	81862	64.50	65.90	65.40	63.95	64.85	63.90	65.88	67.22	65.95	64.78	65.99	65.08	1.84977404455	100
18920	18920	81762	81762	64.38	65.80	65.35	63.83	64.97	63.83	65.90	67.20	66.03	64.70	65.99	65.07	1.84919449196	100
19020	19020	81662	81662	64.25	65.78	65.30	63.70	64.95	63.75	65.70	67.25	65.90	64.55	65.99	64.98	1.85002482344	100
19120	19120	81562	81562	64.20	65.78	65.28	63.62	64.80	63.77	65.50	67.28	65.75	64.44	65.95	64.93	1.8495276317	100
19220	19220	81462	81462	64.03	65.67	65.15	63.65	64.70	63.77	65.40	67.17	65.70	64.36	65.85	64.88	1.85048979412	100
19320	19320	81362	81362	63.98	65.45	65.15	63.58	64.50	63.62	65.28	67.08	65.60	64.28	65.67	64.79	1.85081366618	100
19420	19420	81262	81262	63.75	65.30	65.08	63.50	64.55	63.45	65.03	66.97	65.47	64.09	65.61	64.67	1.85011264234	100
19520	19520	81162	81162	63.58	65.38	64.78	63.33	64.42	63.33	64.75	66.75	65.20	63.88	65.52	64.43	1.85121818439	100
19620	19620	81062	81062	63.55	65.22	64.65	63.15	64.42	63.27	64.60	66.65	65.00	63.77	65.43	64.31	1.85212302871	100
19720	19720	80962	80962	63.40	65.20	64.53	62.98	64.45	63.10	64.60	66.65	65.00	63.66	65.43	64.21	1.85154892342	100
19820	19820	80862	80862	63.23	65.22	64.17	62.88	64.33	62.98	64.62	66.40	64.85	63.58	65.32	64.00	1.85140771287	100
19920	19920	80762	80762	63.12	65.03	64.08	62.80	64.08	63.02	64.60	66.12	64.75	63.51	65.08	63.95	1.85193191881	100
20020	20020	80662	80662	62.95	64.95	63.83	62.58	63.92	62.88	64.47	66.10	64.62	63.33	64.99	63.77	1.85117945747	100
20120	20120	80562	80562	62.67	64.80	63.60	62.42	63.98	62.92	64.20	66.08	64.60	63.10	64.95	63.71	1.85054283931	100
20220	20220	80462	80462	62.65	64.72	63.60	62.40	63.98	62.83	64.12	65.92	64.58	63.06	64.88	63.67	1.85022780434	100
20320	20320	80362	80362	62.65	64.62	63.45	62.25	63.83	62.73	64.15	65.85	64.50	63.02	64.77	63.56	1.85011370517	100
20420	20420	80262	80262	62.45	64.42	63.38	61.95	63.80	62.60	64.05	65.75	64.28	62.82	64.66	63.42	1.85011551116	100
20520	20520	80162	80162	62.42	64.33	63.33	61.92	63.70	62.65	63.90	65.62	64.15	62.75	64.55	63.38	1.84879332211	100
20620	20620	80062	80062	62.48	64.30	63.17	61.88	63.40	62.50	63.88	65.47	64.05	62.74	64.39	63.24	1.84966581175	100
20720	20720	79962	79962	62.38	64.12	63.10	61.88	63.38	62.33	63.77	65.40	63.98	62.67	64.30	63.13	1.84964537218	100
20820	20820	79862	79862	62.30	64.15	63.08	61.88	63.20	62.30	63.48	65.30	63.83	62.55	64.22	63.07	1.85197412934	100
20920	20920	79762	79762	62.45	64.08	62.98	61.77	63.15	62.10	63.25	65.22	63.80	62.49	64.15	62.96	1.85117461154	100
21020	21020	79662	79662	62.35	64.00	62.90	61.62	63.02	62.05	63.08	65.12	63.60	62.35	64.05	62.85	1.85057915672	100
21120	21120	79562	79562	62.25	63.85	62.80	61.30	63.00	61.92	62.73	65.15	63.48	62.09	64.00	62.73	1.85078133014	100
21220	21220	79462	79462	62.12	63.73	62.65	61.30	62.88	61.90	62.55	65.00	63.48	61.99	63.87	62.67	1.84947188561	100
21320	21320	79362	79362	62.10	63.65	62.65	61.12	62.75	61.85	62.50	64.97	63.40	61.91	63.79	62.63	1.85044037806	100
21420	21420	79262	79262	61.88	63.62	62.60	60.85	62.70	61.73	62.35	64.92	63.20	61.69	63.75	62.51	1.85004357496	100
21520	21520	79162	79162	61.92	63.55	62.55	60.83	62.62	61.65	62.33	64.85	63.10	61.69	63.67	62.43	1.84875514311	100
21620	21620	79062	79062	61.90	63.48	62.42	60.73	62.52	61.55	62.27	64.70	62.90	61.63	63.57	62.29	1.84822394511	100
21720	21720	78962	78962	61.77	63.45	62.33	60.75	62.45	61.55	62.05	64.45	62.85	61.52	63.45	62.24	1.85055922329	100
21820	21820	78862	78862	61.67	63.40	62.30	60.65	62.30	61.50	61.90	64.40	62.80	61.41	63.37	62.20	1.8519083228	100
21920	21920	78762	78762	61.55	63.30	62.17	60.52	62.50	61.45	61.65	64.53	62.75	61.24	63.44	62.12	1.85158109039	100
22020	22020	78662	78662	61.60	63.38	62.08	60.42	62.48	61.38	61.75	64.38	62.65	61.26	63.41	62.03	1.85086432784	100
22120	22120	78562	78562	61.40	63.38	62.02	60.40	62.40	61.27	61.58	64.20	62.50	61.12	63.33	61.93	1.85136999645	100
22220	22220	78462	78462	61.25	63.27	61.85	60.27	62.35	61.20	61.33	64.10	62.35	60.95	63.24	61.80	1.85092192776	100
22320	22320	78362	78362	61.15	63.30	61.67	60.15	62.33	61.05	61.30	64.00	62.25	60.87	63.21	61.66	1.85008899798	100
22420	22420	78262	78262	61.10	63.25	61.65	59.98	62.25	60.98	61.10	63.92	62.15	60.73	63.14	61.59	1.85010502404	100
22520	22520	78162	78162	60.95	63.30	61.62	59.88	62.25	60.85	61.05	64.03	61.98	60.62	63.19	61.48	1.85083590117	100
22620	22620	78062	78062	60.75	63.23	61.60	59.75	62.17	60.80	60.92	63.95	61.90	60.48	63.12	61.43	1.85206634855	100
22720	22720	77962	77962	60.55	63.23	61.42	59.52	62.12	60.70	60.88	63.85	61.80	60.32	63.07	61.31	1.85317376207	100
22820	22820	77862	77862	60.40	63.10	61.42	59.48	61.95	60.52	60.70	63.75	61.73	60.19	62.93	61.23	1.85577557812	100
22920	22920	77762	77762	60.15	62.98	61.15	59.45	62.00	60.52	60.45	63.58	61.45	60.02	62.85	61.04	1.85536101051	100
23020	23020	77662	77662	60.08	62.83	60.92	59.30	61.67	60.33	60.35	63.42	61.33	59.91	62.64	60.86	1.85520785442	100
23120	23120	77562	77562	59.92	62.77	60.80	59.17	61.70	60.15	60.05	63.25	61.23	59.72	62.58	60.73	1.85503913908	100
23220	23220	77462	77462	59.77	62.67	60.70	58.98	61.55	60.05	59.98	63.17	61.00	59.58	62.47	60.58	1.85449996768	100
23320	23320	77362	77362	59.65	62.60	60.65	59.05	61.38	59.95	59.92	63.02	60.98	59.54	62.33	60.52	1.85384650046	100
23420	23420	77262	77262	59.62	62.52	60.60	58.85	61.35	59.85	59.85	62.98	60.90	59.44	62.28	60.45	1.85410777617	100
23520	23520	77162	77162	59.55	62.50	60.58	58.88	61.15	59.98	59.88	62.83	60.80	59.43	62.16	60.45	1.85224136824	100
23620	23620	77062	77062	59.52	62.30	60.42	58.73	61.17	59.95	59.77	62.80	60.70	59.34	62.09	60.36	1.85239567407	100
23720	23720	76962	76962	59.45	62.25	60.35	58.60	61.00	59.75	59.52	62.67	60.70	59.19	61.98	60.27	1.85308224795	100
23820	23820	76862	76862	59.40	62.33	60.33	58.50	61.05	59.60	59.40	62.70	60.70	59.10	62.02	60.21	1.85326463943	100
23920	23920	76762	76762	59.23	62.25	60.12	58.40	60.85	59.60	59.10	62.52	60.67	58.91	61.88	60.13	1.85339642223	100
24020	24020	76662	76662	59.08	62.10	60.12	58.27	60.80	59.48	59.02	62.50	60.52	58.79	61.80	60.04	1.85294833049	100
24120	24120	76562	76562	59.05	61.92	60.00	58.27	60.83	59.42	58.95	62.42	60.52	58.76	61.73	59.98	1.85322503244	100
24220	24220	76462	76462	58.92	61.83	59.80	58.12	60.80	59.33	58.92	62.25	60.42	58.66	61.62	59.85	1.85270147052	100
24320	24320	76362	76362	58.88	61.75	59.73	57.98	60.80	59.20	58.80	62.27	60.23	58.55	61.61	59.72	1.85297216743	100
24420	24420	76262	76262	58.88	61.83	59.67	57.92	60.80	59.15	58.80	62.12	60.10	58.53	61.58	59.64	1.8537990913	100
24520	24520	76162	76162	58.90	61.70	59.60	57.92	60.73	58.95	58.65	62.10	60.05	58.49	61.51	59.53	1.85457158431	100
24620	24620	76062	76062	58.73	61.62	59.48	57.92	60.70	58.73	58.40	61.92	59.98	58.35	61.42	59.39	1.85468990227	100
24720	24720	75962	75962	58.70	61.67	59.42	57.75	60.75	58.70	58.30	61.75	59.88	58.25	61.39	59.33	1.85546246016	100
24820	24820	75862	75862	58.62	61.65	59.50	57.73	60.70	58.58	58.12	61.77	59.83	58.16	61.38	59.30	1.85597194262	100
24920	24920	75762	75762	58.52	61.40	59.33	57.75	60.52	58.48	58.08	61.60	59.85	58.12	61.17	59.22	1.85552725093	100
25020	25020	75662	75662	58.45	61.30	59.33	57.67	60.52	58.45	58.05	61.52	59.77	58.06	61.12	59.18	1.85558923253	100
25120	25120	75562	75562	58.35	61.30	59.25	57.58	60.55	58.40	57.92	61.42	59.73	57.95	61.09	59.12	1.85577722105	100
25220	25220	75462	75462	58.40	61.30	59.20	57.52	60.42	58.33	57.83	61.30	59.60	57.92	61.01	59.04	1.8565282362	100
25320	25320	75362	75362	58.33	61.23	59.10	57.48	60.33	58.33	57.80	61.25	59.52	57.87	60.93	58.98	1.85669688271	100
25420	25420	75262	75262	58.15	61.15	59.10	57.30	60.23	58.27	57.70	61.20	59.40	57.72	60.86	58.92	1.85745602629	100
25520	25520	75162	75162	58.10	60.92	58.95	57.23	60.23	58.27	57.58	61.12	59.27	57.63	60.76	58.83	1.85631376983	100
25620	25620	75062	75062	58.05	60.90	58.85	57.17	60.17	58.12	57.48	61.05	59.12	57.57	60.71	58.70	1.85733224801	100
25720	25720	74962	74962	58.05	60.85	58.80	57.10	60.10	58.12	57.38	61.00	59.05	57.51	60.65	58.66	1.85709865492	100
25820	25820	74862	74862	58.00	60.73	58.80	57.00	60.05	58.02	57.30	60.98	59.00	57.43	60.58	58.61	1.85726554732	100
25920	25920	74762	74762	57.95	60.62	58.75	56.92	59.85	58.02	57.17	60.95	58.88	57.35	60.48	58.55	1.85790769308	100
26020	26020	74662	74662	57.95	60.62	58.67	56.77	59.77	57.95	57.08	60.85	58.85	57.27	60.42	58.49	1.85725181359	100
26120	26120	74562	74562	57.95	60.52	58.62	56.85	59.77	57.83	56.98	60.67	58.83	57.26	60.33	58.42	1.85838567327	100
26220	26220	74462	74462	57.98	60.42	58.62	56.77	59.60	57.67	56.98	60.65	58.75	57.24	60.23	58.35	1.85949259689	100
26320	26320	74362	74362	57.75	60.40	58.38	56.67	59.52	57.62	56.95	60.58	58.62	57.12	60.17	58.21	1.86040570072	100
26420	26420	74262	74262	57.62	60.25	58.30	56.55	59.42	57.58	56.90	60.45	58.48	57.02	60.04	58.12	1.86096104006	100
26520	26520	74162	74162	57.65	60.15	58.27	56.45	59.42	57.50	56.88	60.52	58.45	56.99	60.03	58.08	1.86165124521	100
26620	26620	74062	74062	57.48	60.02	58.23	56.38	59.40	57.40	56.80	60.45	58.33	56.88	59.96	57.98	1.86180363526	100
26720	26720	73962	73962	57.42	59.98	58.15	56.33	59.38	57.38	56.75	60.23	58.33	56.83	59.86	57.95	1.86178720249	100
26820	26820	73862	73862	57.42	59.85	58.05	56.27	59.27	57.38	56.67	60.15	58.15	56.79	59.76	57.86	1.86207484473	100
26920	26920	73762	73762	57.38	59.77	57.95	56.27	59.08	57.25	56.58	60.12	58.02	56.74	59.66	57.74	1.86180449965	100
27020	27020	73662	73662	57.35	59.73	57.83	56.12	59.02	57.12	56.60	60.10	57.98	56.69	59.62	57.64	1.86282853743	100
27120	27120	73562	73562	57.35	59.70	57.75	56.05	58.88	57.02	56.38	60.10	57.92	56.59	59.56	57.57	1.86265336543	100
27220	27220	73462	73462	57.30	59.58	57.62	55.98	58.80	57.00	56.27	59.90	57.80	56.52	59.42	57.48	1.86236617408	100
27320	27320	73362	73362	57.17	59.48	57.52	55.83	58.75	56.98	56.20	59.83	57.70	56.40	59.35	57.40	1.86329972424	100
27420	27420	73262	73262	57.12	59.42	57.55	55.83	58.65	56.95	56.20	59.73	57.70	56.38	59.27	57.40	1.86389848233	100
27520	27520	73162	73162	57.05	59.42	57.52	55.77	58.62	56.92	56.20	59.60	57.52	56.34	59.22	57.33	1.86384116207	100
27620	27620	73062	73062	56.92	59.38	57.48	55.75	58.52	56.88	56.17	59.62	57.38	56.28	59.17	57.24	1.86379815184	100
27720	27720	72962	72962	57.00	59.30	57.40	55.75	58.45	56.77	56.00	59.35	57.38	56.25	59.03	57.18	1.86307014392	100
27820	27820	72862	72862	56.95	59.20	57.33	55.73	58.35	56.77	55.98	59.27	57.27	56.22	58.94	57.12	1.86370247236	100
27920	27920	72762	72762	56.92	59.17	57.30	55.58	58.33	56.65	55.92	59.17	57.15	56.14	58.89	57.03	1.86410551595	100
28020	28020	72662	72662	56.88	59.10	57.27	55.45	58.42	56.62	55.83	59.20	57.12	56.05	58.91	57.01	1.86364390969	100
28120	28120	72562	72562	56.67	59.08	57.20	55.38	58.33	56.58	55.85	59.23	57.00	55.97	58.88	56.92	1.86369352683	100
28220	28220	72462	72462	56.62	59.10	57.15	55.35	58.30	56.55	55.83	59.15	56.88	55.93	58.85	56.86	1.86415371459	100
28320	28320	72362	72362	56.62	59.08	57.08	55.30	58.27	56.40	55.75	59.15	56.80	55.89	58.83	56.76	1.86411968337	100
28420	28420	72262	72262	56.58	59.00	57.02	55.27	58.17	56.30	55.70	59.02	56.75	55.85	58.73	56.69	1.86534666375	100
28520	28520	72162	72162	56.55	58.88	57.02	55.25	58.15	56.17	55.58	58.98	56.73	55.79	58.67	56.64	1.86544164734	100
28620	28620	72062	72062	56.55	58.83	56.92	55.23	58.10	56.12	55.55	58.88	56.73	55.77	58.60	56.59	1.86563198693	100
28720	28720	71962	71962	56.48	58.67	56.90	55.15	58.08	56.05	55.50	58.90	56.67	55.71	58.55	56.54	1.86528728296	100
28820	28820	71862	71862	56.42	58.55	56.83	55.10	57.92	55.92	55.45	58.90	56.55	55.66	58.46	56.43	1.86580142801	100
28920	28920	71762	71762	56.42	58.48	56.77	55.02	57.88	55.85	55.40	58.77	56.50	55.62	58.38	56.38	1.86584012771	100
29020	29020	71662	71662	56.40	58.35	56.58	55.08	57.83	55.85	55.38	58.77	56.50	55.62	58.32	56.31	1.86633793404	100
29120	29120	71562	71562	56.35	58.25	56.50	55.08	57.83	55.73	55.30	58.60	56.40	55.58	58.23	56.21	1.86653398333	100
29220	29220	71462	71462	56.20	58.20	56.42	55.05	57.77	55.70	55.23	58.60	56.35	55.49	58.19	56.16	1.86609005934	100
29320	29320	71362	71362	56.10	58.25	56.45	55.02	57.73	55.67	55.17	58.48	56.27	55.43	58.15	56.13	1.86509157989	100
29420	29420	71262	71262	56.05	58.12	56.45	54.95	57.70	55.60	55.08	58.45	56.27	55.36	58.09	56.11	1.8659614469	100
29520	29520	71162	71162	55.95	58.20	56.48	54.92	57.67	55.62	55.00	58.38	56.25	55.29	58.08	56.12	1.866792865	100
29620	29620	71062	71062	55.98	58.15	56.40	54.92	57.67	55.62	55.00	58.40	56.17	55.30	58.08	56.07	1.86679401542	100
29720	29720	70962	70962	55.90	58.10	56.35	54.92	57.65	55.60	54.92	58.27	56.12	55.25	58.01	56.02	1.86689973036	100
29820	29820	70862	70862	55.80	58.08	56.30	54.88	57.60	55.55	54.98	58.30	56.12	55.22	57.99	55.99	1.86722052425	100
29920	29920	70762	70762	55.73	57.98	56.25	54.85	57.50	55.52	54.92	58.25	56.02	55.17	57.91	55.93	1.86791267955	100
30020	30020	70662	70662	55.73	57.92	56.12	54.83	57.48	55.50	54.92	58.20	56.00	55.16	57.87	55.88	1.86847526894	100
30120	30120	70562	70562	55.70	57.83	56.15	54.70	57.50	55.48	54.85	58.15	55.98	55.08	57.83	55.87	1.86871832549	100
30220	30220	70462	70462	55.62	57.80	56.12	54.62	57.40	55.40	54.85	58.15	55.90	55.03	57.78	55.81	1.86910177244	100
30320	30320	70362	70362	55.55	57.80	56.12	54.67	57.30	55.35	54.85	58.15	55.90	55.02	57.75	55.79	1.86937983623	100
30420	30420	70262	70262	55.50	57.75	56.10	54.62	57.33	55.30	54.83	58.12	55.88	54.98	57.73	55.76	1.86939327108	100
30520	30520	70162	70162	55.55	57.73	56.12	54.55	57.30	55.33	54.83	58.05	55.92	54.98	57.69	55.79	1.86940433156	100
30620	30620	70062	70062	55.45	57.73	56.10	54.55	57.25	55.27	54.85	57.98	55.88	54.95	57.65	55.75	1.86976014216	100
30720	30720	69962	69962	55.40	57.73	56.08	54.55	57.15	55.30	54.85	57.95	55.85	54.93	57.61	55.74	1.86935387271	100
30820	30820	69862	69862	55.42	57.73	56.00	54.48	57.12	55.23	54.83	57.90	55.83	54.91	57.58	55.68	1.86976665423	100
30920	30920	69762	69762	55.42	57.58	55.95	54.45	57.08	55.20	54.83	57.95	55.80	54.90	57.53	55.65	1.87061594389	100
31020	31020	69662	69662	55.42	57.58	55.88	54.38	56.92	55.10	54.75	57.92	55.85	54.85	57.48	55.61	1.8695424794	100
31120	31120	69562	69562	55.48	57.55	55.88	54.38	56.88	55.08	54.70	57.85	55.80	54.85	57.42	55.58	1.87033700978	100
31220	31220	69462	69462	55.35	57.48	55.83	54.35	56.90	55.05	54.67	57.88	55.80	54.79	57.42	55.56	1.87128392365	100
31320	31320	69362	69362	55.48	57.48	55.80	54.27	56.80	55.00	54.73	57.90	55.80	54.83	57.39	55.53	1.87176035953	100
31420	31420	69262	69262	55.40	57.45	55.80	54.25	56.83	55.00	54.65	57.85	55.75	54.77	57.38	55.52	1.8733159629	100
31520	31520	69162	69162	55.38	57.40	55.73	54.23	56.83	55.05	54.60	57.80	55.75	54.73	57.34	55.51	1.87377275711	100
31620	31620	69062	69062	55.38	57.42	55.60	54.15	56.83	55.00	54.58	57.77	55.77	54.70	57.34	55.46	1.87459725063	100
31720	31720	68962	68962	55.33	57.33	55.55	54.20	56.80	55.00	54.62	57.77	55.75	54.72	57.30	55.43	1.87544892159	100
31820	31820	68862	68862	55.35	57.33	55.52	54.23	56.77	54.95	54.58	57.73	55.67	54.72	57.27	55.38	1.87537674816	100
31920	31920	68762	68762	55.35	57.27	55.40	54.15	56.73	54.92	54.55	57.73	55.65	54.68	57.24	55.33	1.8758147222	100
32020	32020	68662	68662	55.33	57.30	55.40	54.10	56.70	54.92	54.52	57.65	55.60	54.65	57.22	55.31	1.87627994355	100
32120	32120	68562	68562	55.27	57.25	55.40	54.08	56.65	54.92	54.52	57.58	55.62	54.62	57.16	55.32	1.87661254486	100
32220	32220	68462	68462	55.25	57.23	55.38	54.17	56.65	54.98	54.52	57.52	55.60	54.65	57.13	55.32	1.87691215133	100
32320	32320	68362	68362	55.23	57.15	55.38	54.15	56.62	54.90	54.50	57.45	55.58	54.62	57.08	55.28	1.87731395154	100
32420	32420	68262	68262	55.12	57.12	55.33	54.12	56.60	54.88	54.45	57.48	55.55	54.57	57.07	55.25	1.87879303501	100
32520	32520	68162	68162	55.05	57.15	55.35	54.12	56.55	54.88	54.40	57.50	55.55	54.52	57.07	55.26	1.88042497817	100
32620	32620	68062	68062	55.00	57.12	55.30	54.10	56.60	54.85	54.45	57.45	55.52	54.52	57.06	55.23	1.8811083714	100
32720	32720	67962	67962	54.95	57.10	55.30	54.08	56.60	54.88	54.42	57.58	55.52	54.48	57.09	55.23	1.88158700607	100
32820	32820	67862	67862	54.98	57.05	55.27	54.02	56.60	54.83	54.45	57.58	55.45	54.48	57.08	55.18	1.88154033593	100
32920	32920	67762	67762	54.98	57.02	55.27	53.95	56.55	54.80	54.35	57.52	55.40	54.42	57.03	55.16	1.88219970587	100
33020	33020	67662	67662	54.95	56.98	55.30	54.00	56.60	54.80	54.30	57.40	55.40	54.42	56.99	55.17	1.88225303469	100
33120	33120	67562	67562	54.85	57.00	55.27	54.00	56.48	54.77	54.25	57.42	55.40	54.37	56.97	55.15	1.88275641718	100
33220	33220	67462	67462	54.77	56.85	55.23	53.95	56.45	54.75	54.25	57.48	55.35	54.33	56.92	55.11	1.88365250743	100
33320	33320	67362	67362	54.73	56.90	55.15	53.90	56.45	54.73	54.30	57.35	55.33	54.31	56.90	55.07	1.88428929295	100
33420	33420	67262	67262	54.75	56.92	55.15	53.95	56.48	54.70	54.23	57.25	55.30	54.31	56.88	55.05	1.88445877628	100
33520	33520	67162	67162	54.80	56.95	55.15	53.88	56.45	54.70	54.20	57.30	55.25	54.29	56.90	55.03	1.88528605103	100
33620	33620	67062	67062	54.75	56.90	55.12	53.88	56.40	54.73	54.17	57.25	55.23	54.27	56.85	55.02	1.88520036521	100
33720	33720	66962	66962	54.70	56.80	55.15	53.85	56.33	54.70	54.15	57.25	55.17	54.23	56.79	55.01	1.88517487767	100
33820	33820	66862	66862	54.65	56.83	55.12	53.83	56.33	54.70	54.17	57.25	55.15	54.22	56.80	54.99	1.88619767017	100
33920	33920	66762	66762	54.62	56.80	55.10	53.85	56.33	54.73	54.20	57.23	55.10	54.23	56.78	54.98	1.88659726099	100
34020	34020	66662	66662	54.58	56.80	55.10	53.75	56.27	54.73	54.20	57.25	55.10	54.17	56.77	54.98	1.88705111906	100
34120	34120	66562	66562	54.58	56.75	55.05	53.70	56.38	54.70	54.15	57.27	55.08	54.14	56.80	54.94	1.88766598034	100
34220	34220	66462	66462	54.58	56.73	55.08	53.70	56.35	54.67	54.15	57.27	55.05	54.14	56.78	54.93	1.88838843846	100
34320	34320	66362	66362	54.60	56.70	55.08	53.67	56.25	54.62	54.17	57.25	55.02	54.15	56.73	54.91	1.88870701563	100
34420	34420	66262	66262	54.62	56.67	55.05	53.65	56.27	54.62	54.17	57.23	55.02	54.15	56.73	54.90	1.88895200457	100
34520	34520	66162	66162	54.52	56.67	55.00	53.62	56.30	54.62	54.15	57.12	55.02	54.10	56.70	54.88	1.88953656436	100
34620	34620	66062	66062	54.50	56.67	55.02	53.65	56.25	54.65	54.12	57.08	55.00	54.09	56.67	54.89	1.89026621367	100
34720	34720	65962	65962	54.52	56.70	55.02	53.60	56.15	54.58	54.08	57.08	54.90	54.07	56.64	54.83	1.89112529981	100
34820	34820	65862	65862	54.45	56.70	54.92	53.60	56.10	54.55	54.08	57.02	54.88	54.04	56.61	54.78	1.891325559	100
34920	34920	65762	65762	54.45	56.67	54.95	53.58	56.10	54.55	54.10	56.95	54.85	54.04	56.58	54.78	1.89150373378	100
35020	35020	65662	65662	54.40	56.67	54.95	53.52	56.10	54.52	54.05	56.85	54.83	53.99	56.54	54.77	1.89205390788	100
35120	35120	65562	65562	54.35	56.62	54.95	53.52	56.12	54.48	54.10	56.88	54.83	53.99	56.54	54.75	1.89220181855	100
35220	35220	65462	65462	54.35	56.62	54.92	53.52	56.10	54.42	54.10	56.85	54.80	53.99	56.52	54.72	1.89290448851	100
35320	35320	65362	65362	54.33	56.52	54.92	53.52	56.08	54.45	54.12	56.88	54.83	53.99	56.49	54.73	1.89375778903	100
35420	35420	65262	65262	54.30	56.55	54.90	53.55	56.02	54.42	54.10	56.85	54.77	53.98	56.48	54.70	1.894286253	100
35520	35520	65162	65162	54.33	56.55	54.90	53.50	56.10	54.40	54.12	56.88	54.83	53.98	56.51	54.71	1.89486201216	100
35620	35620	65062	65062	54.35	56.50	54.88	53.50	56.10	54.40	54.12	56.88	54.83	53.99	56.49	54.70	1.8957625872	100
35720	35720	64962	64962	54.33	56.50	54.85	53.42	56.10	54.40	54.12	56.85	54.83	53.96	56.48	54.69	1.89661052177	100
35820	35820	64862	64862	54.35	56.50	54.92	53.42	56.00	54.40	54.08	56.75	54.77	53.95	56.42	54.70	1.89680175561	100
35920	35920	64762	64762	54.35	56.45	54.90	53.42	56.00	54.40	54.08	56.75	54.73	53.95	56.40	54.67	1.89722280457	100
36020	36020	64662	64662	54.30	56.45	54.88	53.42	56.02	54.40	54.08	56.75	54.73	53.93	56.41	54.67	1.89767180468	100
36120	36120	64562	64562	54.27	56.45	54.92	53.40	56.02	54.40	54.05	56.70	54.73	53.91	56.39	54.68	1.89876158314	100
36220	36220	64462	64462	54.25	56.42	54.90	53.42	56.00	54.38	53.98	56.62	54.70	53.88	56.35	54.66	1.89948884847	100
36320	36320	64362	64362	54.20	56.30	54.92	53.42	55.98	54.35	53.95	56.67	54.73	53.86	56.32	54.67	1.90017731321	100
36420	36420	64262	64262	54.17	56.33	54.88	53.35	55.95	54.33	53.95	56.65	54.73	53.83	56.31	54.64	1.90048451859	100
36520	36520	64162	64162	54.20	56.30	54.85	53.33	55.95	54.35	53.98	56.62	54.75	53.83	56.29	54.65	1.90089558669	100
36620	36620	64062	64062	54.20	56.27	54.85	53.35	55.98	54.35	53.85	56.60	54.70	53.80	56.28	54.63	1.90171303055	100
36720	36720	63962	63962	54.15	56.23	54.80	53.30	55.88	54.33	53.83	56.62	54.73	53.76	56.24	54.62	1.90201124543	100
36820	36820	63862	63862	54.12	56.23	54.83	53.27	55.90	54.30	53.80	56.58	54.65	53.73	56.23	54.59	1.90227455986	100
36920	36920	63762	63762	54.12	56.15	54.83	53.20	55.85	54.30	53.80	56.52	54.65	53.71	56.17	54.59	1.90227092269	100
37020	37020	63662	63662	54.15	56.15	54.80	53.12	55.88	54.30	53.77	56.48	54.67	53.68	56.17	54.59	1.90263780061	100
37120	37120	63562	63562	54.20	56.25	54.80	53.12	55.88	54.30	53.75	56.48	54.67	53.69	56.20	54.59	1.90297838602	100
37220	37220	63462	63462	54.12	56.25	54.80	53.12	55.85	54.27	53.73	56.50	54.62	53.66	56.20	54.57	1.90346291112	100
37320	37320	63362	63362	54.15	56.17	54.80	53.08	55.83	54.27	53.70	56.52	54.65	53.64	56.17	54.58	1.90385251958	100
37420	37420	63262	63262	54.12	56.15	54.80	53.08	55.83	54.25	53.70	56.45	54.65	53.63	56.14	54.57	1.90492803306	100
37520	37520	63162	63162	54.12	56.12	54.77	53.10	55.85	54.25	53.70	56.45	54.62	53.64	56.14	54.55	1.90504056148	100
37620	37620	63062	63062	54.12	56.12	54.83	53.05	55.85	54.23	53.75	56.45	54.65	53.64	56.14	54.57	1.90601140646	100
37720	37720	62962	62962	54.23	56.02	54.83	53.02	55.80	54.27	53.75	56.38	54.60	53.67	56.07	54.57	1.90631544767	100
37820	37820	62862	62862	54.20	56.10	54.83	53.05	55.88	54.27	53.73	56.38	54.60	53.66	56.12	54.57	1.9072025904	100
37920	37920	62762	62762	54.15	56.10	54.80	53.05	55.85	54.25	53.75	56.40	54.58	53.65	56.12	54.54	1.90738525047	100
38020	38020	62662	62662	54.17	56.10	54.80	53.02	55.80	54.23	53.75	56.33	54.58	53.65	56.08	54.53	1.90775329384	100
38120	38120	62562	62562	54.15	56.05	54.77	53.02	55.77	54.20	53.75	56.33	54.62	53.64	56.05	54.53	1.9082339635	100
38220	38220	62462	62462	54.12	56.05	54.75	53.00	55.77	54.20	53.75	56.30	54.55	53.62	56.04	54.50	1.90865136781	100
38320	38320	62362	62362	54.10	56.05	54.75	53.00	55.77	54.20	53.73	56.25	54.62	53.61	56.02	54.52	1.90902804047	100
38420	38420	62262	62262	54.08	56.00	54.70	53.00	55.73	54.20	53.70	56.25	54.60	53.59	55.99	54.50	1.90972826834	100
38520	38520	62162	62162	54.08	55.95	54.67	52.98	55.73	54.17	53.73	56.27	54.58	53.59	55.98	54.48	1.90939688848	100
38620	38620	62062	62062	54.08	55.98	54.67	52.98	55.70	54.20	53.73	56.27	54.50	53.59	55.98	54.46	1.90963527064	100
38720	38720	61962	61962	54.12	55.92	54.70	53.00	55.70	54.23	53.70	56.27	54.52	53.61	55.97	54.48	1.9102094105	100
38820	38820	61862	61862	54.10	55.95	54.70	52.98	55.67	54.23	53.73	56.30	54.52	53.60	55.98	54.48	1.91039637839	100
38920	38920	61762	61762	54.08	56.00	54.70	52.98	55.65	54.23	53.70	56.27	54.55	53.58	55.98	54.49	1.91116918057	100
39020	39020	61662	61662	54.05	55.98	54.67	53.02	55.65	54.23	53.67	56.27	54.55	53.58	55.97	54.48	1.91162245025	100
39120	39120	61562	61562	54.02	56.00	54.67	53.00	55.67	54.23	53.73	56.23	54.60	53.58	55.97	54.50	1.91198688548	100
39220	39220	61462	61462	54.05	55.92	54.67	53.00	55.62	54.20	53.75	56.23	54.60	53.60	55.92	54.49	1.91146107457	100
39320	39320	61362	61362	54.08	55.88	54.70	53.00	55.60	54.23	53.77	56.25	54.60	53.62	55.91	54.51	1.91198326397	100
39420	39420	61262	61262	54.10	55.92	54.70	53.02	55.55	54.20	53.73	56.25	54.60	53.62	55.91	54.50	1.91271950364	100
39520	39520	61162	61162	54.10	55.85	54.67	52.98	55.52	54.20	53.73	56.23	54.58	53.60	55.87	54.48	1.91290311143	100
39620	39620	61062	61062	54.08	55.85	54.65	52.98	55.52	54.23	53.73	56.25	54.55	53.59	55.88	54.48	1.91336434401	100
39720	39720	60962	60962	54.10	55.90	54.62	52.95	55.52	54.20	53.73	56.20	54.55	53.59	55.88	54.46	1.91372997034	100
39820	39820	60862	60862	54.08	55.85	54.62	52.95	55.52	54.23	53.70	56.20	54.55	53.58	55.86	54.47	1.91372910961	100
39920	39920	60762	60762	54.02	55.88	54.58	52.95	55.40	54.20	53.70	56.15	54.58	53.56	55.81	54.45	1.9139486047	100
40020	40020	60662	60662	54.05	55.88	54.58	52.92	55.42	54.20	53.73	56.12	54.58	53.57	55.81	54.45	1.9139338862	100
40120	40120	60562	60562	54.02	55.88	54.58	52.90	55.38	54.23	53.73	56.10	54.58	53.55	55.78	54.46	1.91435811819	100
40220	40220	60462	60462	54.00	55.88	54.52	52.90	55.42	54.20	53.73	56.08	54.55	53.54	55.79	54.42	1.91472071386	100
40320	40320	60362	60362	54.02	55.85	54.52	52.92	55.38	54.17	53.67	56.05	54.55	53.54	55.76	54.42	1.91502368038	100
40420	40420	60262	60262	54.02	55.85	54.52	52.92	55.35	54.20	53.67	56.02	54.58	53.54	55.74	54.43	1.91516097848	100
40520	40520	60162	60162	54.05	55.85	54.52	52.92	55.38	54.20	53.70	56.02	54.58	53.56	55.75	54.43	1.9153967318	100
40620	40620	60062	60062	54.05	55.83	54.52	52.92	55.40	54.17	53.67	56.02	54.52	53.55	55.75	54.41	1.91581347347	100
40720	40720	59962	59962	54.05	55.83	54.48	52.90	55.38	54.17	53.67	56.05	54.50	53.54	55.75	54.38	1.91577685655	100
40820	40820	59862	59862	54.02	55.85	54.48	52.90	55.40	54.17	53.70	56.05	54.48	53.54	55.77	54.38	1.91645514665	100
40920	40920	59762	59762	54.02	55.83	54.48	52.92	55.42	54.15	53.70	56.00	54.45	53.55	55.75	54.36	1.9166217726	100
41020	41020	59662	59662	54.02	55.77	54.50	52.95	55.42	54.15	53.67	56.05	54.42	53.55	55.75	54.36	1.91697752649	100
41120	41120	59562	59562	54.02	55.77	54.50	53.00	55.42	54.17	53.70	56.05	54.38	53.58	55.75	54.35	1.91719290521	100
41220	41220	59462	59462	53.98	55.77	54.52	52.98	55.40	54.12	53.73	56.00	54.38	53.56	55.73	54.34	1.91707410351	100
41320	41320	59362	59362	53.90	55.75	54.52	53.00	55.45	54.12	53.73	56.00	54.38	53.54	55.73	54.34	1.91749634719	100
41420	41420	59262	59262	53.92	55.75	54.52	53.00	55.35	54.12	53.75	56.00	54.35	53.56	55.70	54.33	1.91791466923	100
41520	41520	59162	59162	53.90	55.80	54.50	53.00	55.42	54.12	53.75	55.98	54.33	53.55	55.73	54.32	1.91850219767	100
41620	41620	59062	59062	53.83	55.75	54.50	53.00	55.40	54.10	53.73	55.98	54.35	53.52	55.71	54.32	1.91881483519	100
41720	41720	58962	58962	53.83	55.75	54.50	52.98	55.38	54.10	53.75	55.95	54.33	53.52	55.69	54.31	1.91876790783	100
41820	41820	58862	58862	53.83	55.65	54.45	52.98	55.40	54.08	53.77	56.00	54.33	53.52	55.68	54.28	1.91895101091	100
41920	41920	58762	58762	53.83	55.65	54.42	52.95	55.40	54.08	53.80	55.92	54.35	53.52	55.66	54.28	1.91904932645	100
42020	42020	58662	58662	53.80	55.62	54.42	52.92	55.38	54.08	53.83	55.92	54.30	53.52	55.64	54.27	1.91974372263	100
42120	42120	58562	58562	53.88	55.62	54.42	52.92	55.33	54.05	53.80	55.88	54.30	53.53	55.61	54.26	1.91983225372	100
42220	42220	58462	58462	53.85	55.60	54.40	52.92	55.30	54.08	53.77	55.88	54.30	53.52	55.59	54.26	1.9205298547	100
42320	42320	58362	58362	53.77	55.65	54.40	52.92	55.30	54.05	53.77	55.83	54.30	53.49	55.59	54.25	1.92081076188	100
42420	42420	58262	58262	53.75	55.67	54.42	52.92	55.27	54.02	53.75	55.83	54.27	53.48	55.59	54.24	1.92123961346	100
42520	42520	58162	58162	53.75	55.58	54.42	52.92	55.30	54.02	53.73	55.80	54.27	53.47	55.56	54.24	1.92158374009	100
42620	42620	58062	58062	53.75	55.58	54.42	52.90	55.35	54.08	53.67	55.83	54.27	53.44	55.58	54.26	1.9216192485	100
42720	42720	57962	57962	53.75	55.58	54.38	52.88	55.38	53.95	53.67	55.77	54.23	53.43	55.58	54.18	1.92150661264	100
42820	42820	57862	57862	53.75	55.65	54.38	52.88	55.35	53.95	53.75	55.75	54.25	53.46	55.58	54.19	1.92190444266	100
42920	42920	57762	57762	53.80	55.62	54.38	52.88	55.38	54.05	53.75	55.67	54.25	53.48	55.56	54.23	1.92213280556	100
43020	43020	57662	57662	53.77	55.62	54.38	52.90	55.40	54.02	53.75	55.67	54.17	53.48	55.57	54.19	1.92241783793	100
43120	43120	57562	57562	53.80	55.67	54.38	52.92	55.40	54.02	53.73	55.73	54.17	53.48	55.60	54.19	1.92286522064	100
43220	43220	57462	57462	53.80	55.62	54.38	52.92	55.42	53.98	53.67	55.73	54.20	53.47	55.59	54.18	1.92282082109	100
43320	43320	57362	57362	53.77	55.62	54.38	52.95	55.40	54.00	53.65	55.73	54.23	53.46	55.58	54.20	1.92295298124	100
43420	43420	57262	57262	53.75	55.62	54.38	52.95	55.40	53.98	53.65	55.70	54.23	53.45	55.58	54.19	1.92356547725	100
43520	43520	57162	57162	53.75	55.60	54.33	52.95	55.38	53.98	53.65	55.73	54.20	53.45	55.57	54.17	1.92377884751	100
43620	43620	57062	57062	53.77	55.58	54.30	52.95	55.33	54.00	53.67	55.67	54.17	53.47	55.52	54.16	1.92389369519	100
43720	43720	56962	56962	53.77	55.55	54.30	52.92	55.30	54.02	53.67	55.65	54.20	53.46	55.50	54.17	1.92437055836	100
43820	43820	56862	56862	53.77	55.55	54.25	52.92	55.33	54.00	53.65	55.67	54.20	53.45	55.52	54.15	1.92444535459	100
43920	43920	56762	56762	53.77	55.60	54.23	52.92	55.30	54.02	53.65	55.65	54.20	53.45	55.52	54.15	1.92440853543	100
44020	44020	56662	56662	53.77	55.60	54.20	52.92	55.30	54.02	53.65	55.62	54.20	53.45	55.51	54.14	1.92461964123	100
44120	44120	56562	56562	53.77	55.58	54.12	52.92	55.27	54.02	53.67	55.60	54.23	53.46	55.48	54.12	1.9251466447	100
44220	44220	56462	56462	53.77	55.55	54.15	52.92	55.25	54.05	53.67	55.60	54.25	53.46	55.47	54.15	1.92516823532	100
44320	44320	56362	56362	53.70	55.52	54.17	52.92	55.30	54.05	53.65	55.55	54.25	53.42	55.46	54.16	1.92577582268	100
44420	44420	56262	56262	53.65	55.52	54.15	52.95	55.27	54.00	53.65	55.55	54.25	53.42	55.45	54.13	1.92609468201	100
44520	44520	56162	56162	53.65	55.58	54.15	52.95	55.27	54.00	53.67	55.50	54.23	53.42	55.45	54.12	1.92636580504	100
44620	44620	56062	56062	53.67	55.48	54.10	52.98	55.23	54.00	53.65	55.55	54.23	53.43	55.42	54.11	1.92660288512	100
44720	44720	55962	55962	53.65	55.48	54.10	52.98	55.25	54.00	53.67	55.52	54.20	53.43	55.42	54.10	1.92684353836	100
44820	44820	55862	55862	53.65	55.50	54.10	52.98	55.23	54.00	53.65	55.58	54.17	53.42	55.43	54.09	1.92666433334	100
44920	44920	55762	55762	53.65	55.52	54.08	52.98	55.23	54.00	53.65	55.55	54.20	53.42	55.43	54.09	1.92676495832	100
45020	45020	55662	55662	53.65	55.52	54.08	53.00	55.23	54.02	53.67	55.55	54.20	53.44	55.43	54.10	1.92702245251	100
45120	45120	55562	55562	53.67	55.48	54.05	52.95	55.17	54.05	53.73	55.62	54.17	53.45	55.42	54.09	1.92736862884	100
45220	45220	55462	55462	53.67	55.50	54.08	52.95	55.17	54.05	53.73	55.55	54.15	53.45	55.41	54.09	1.92754198219	100
45320	45320	55362	55362	53.62	55.48	54.08	52.92	55.17	54.05	53.73	55.55	54.17	53.42	55.40	54.10	1.92767746543	100
45420	45420	55262	55262	53.65	55.42	54.05	52.90	55.17	54.02	53.75	55.55	54.17	53.43	55.38	54.08	1.92781826293	100
45520	45520	55162	55162	53.62	55.45	54.02	52.90	55.17	54.05	53.75	55.58	54.17	53.42	55.40	54.08	1.92803738484	100
45620	45620	55062	55062	53.65	55.42	54.02	52.92	55.20	54.08	53.75	55.60	54.15	53.44	55.41	54.08	1.92802324876	100
45720	45720	54962	54962	53.65	55.45	54.00	52.88	55.23	54.08	53.75	55.60	54.15	53.42	55.42	54.08	1.92873035857	100
45820	45820	54862	54862	53.60	55.38	54.00	52.92	55.20	54.10	53.73	55.60	54.15	53.42	55.39	54.08	1.92913715733	100
45920	45920	54762	54762	53.58	55.38	54.02	52.90	55.20	54.10	53.73	55.60	54.15	53.40	55.39	54.09	1.92930592622	100
46020	46020	54662	54662	53.62	55.45	54.05	52.92	55.20	54.10	53.75	55.58	54.15	53.43	55.41	54.10	1.92967924561	100
46120	46120	54562	54562	53.67	55.42	54.02	52.90	55.17	54.10	53.75	55.55	54.15	53.44	55.38	54.09	1.9298885593	100
46220	46220	54462	54462	53.62	55.48	54.02	52.90	55.17	54.05	53.73	55.52	54.17	53.42	55.39	54.08	1.93026205426	100
46320	46320	54362	54362	53.62	55.45	54.02	52.90	55.17	54.05	53.70	55.45	54.15	53.41	55.36	54.08	1.93064450068	100
46420	46420	54262	54262	53.60	55.45	54.00	52.90	55.17	54.05	53.73	55.48	54.15	53.41	55.37	54.07	1.93066004397	100
46520	46520	54162	54162	53.60	55.40	54.00	52.90	55.15	54.05	53.75	55.45	54.15	53.42	55.33	54.07	1.93116090411	100
46620	46620	54062	54062	53.58	55.42	54.00	52.90	55.17	54.05	53.65	55.48	54.15	53.38	55.36	54.07	1.9312174345	100
46720	46720	53962	53962	53.58	55.42	54.00	52.88	55.20	54.02	53.65	55.50	54.12	53.37	55.38	54.05	1.93172192851	100
46820	46820	53862	53862	53.62	55.40	54.02	52.90	55.17	54.05	53.65	55.50	54.10	53.39	55.36	54.06	1.93192973339	100
46920	46920	53762	53762	53.62	55.35	54.02	52.88	55.20	54.08	53.65	55.48	54.08	53.38	55.34	54.06	1.93224205132	100
47020	47020	53662	53662	53.60	55.33	54.00	52.88	55.20	54.08	53.65	55.45	54.08	53.38	55.33	54.05	1.9321753621	100
47120	47120	53562	53562	53.65	55.33	54.00	52.85	55.20	54.05	53.62	55.45	54.08	53.38	55.33	54.04	1.93234310337	100
47220	47220	53462	53462	53.62	55.33	54.02	52.85	55.15	54.02	53.67	55.42	54.10	53.38	55.30	54.05	1.93262377975	100
47320	47320	53362	53362	53.62	55.33	53.98	52.85	55.08	54.02	53.67	55.40	54.08	53.38	55.27	54.02	1.93257576986	100
47420	47420	53262	53262	53.65	55.33	53.98	52.85	55.12	54.02	53.65	55.40	54.08	53.38	55.28	54.02	1.93270113404	100
47520	47520	53162	53162	53.65	55.33	53.98	52.85	55.12	54.05	53.65	55.33	54.05	53.38	55.26	54.02	1.93313589359	100
47620	47620	53062	53062	53.67	55.35	53.98	52.85	55.10	54.00	53.62	55.35	54.08	53.38	55.27	54.02	1.93366225996	100
47720	47720	52962	52962	53.67	55.33	54.00	52.85	55.10	54.00	53.62	55.38	54.05	53.38	55.27	54.02	1.9336638351	100
47820	47820	52862	52862	53.70	55.38	54.00	52.85	55.10	54.00	53.62	55.33	54.05	53.39	55.27	54.02	1.93386704384	100
47920	47920	52762	52762	53.70	55.33	54.00	52.85	55.12	54.00	53.65	55.35	54.02	53.40	55.27	54.01	1.9343246852	100
48020	48020	52662	52662	53.73	55.38	54.00	52.85	55.15	54.00	53.65	55.38	54.02	53.41	55.30	54.01	1.93468724118	100
48120	48120	52562	52562	53.75	55.38	54.00	52.88	55.15	54.00	53.65	55.38	54.02	53.42	55.30	54.01	1.93457957947	100
48220	48220	52462	52462	53.75	55.42	54.00	52.85	55.15	54.02	53.65	55.35	54.05	53.42	55.31	54.02	1.93473011767	100
48320	48320	52362	52362	53.75	55.42	54.00	52.85	55.15	53.98	53.65	55.33	54.08	53.42	55.30	54.02	1.93476939799	100
48420	48420	52262	52262	53.73	55.45	54.00	52.85	55.15	53.98	53.65	55.38	54.08	53.41	55.33	54.02	1.9347791692	100
48520	48520	52162	52162	53.70	55.48	54.00	52.85	55.15	54.02	53.65	55.38	54.00	53.40	55.33	54.01	1.93513859047	100
48620	48620	52062	52062	53.75	55.45	53.98	52.85	55.15	54.02	53.65	55.35	54.05	53.42	55.32	54.02	1.93567255887	100
48720	48720	51962	51962	53.70	55.40	53.98	52.83	55.15	54.02	53.67	55.27	54.00	53.40	55.27	54.00	1.93624146417	100
48820	48820	51862	51862	53.70	55.45	54.00	52.85	55.15	54.02	53.65	55.30	54.02	53.40	55.30	54.02	1.93652979369	100
48920	48920	51762	51762	53.67	55.42	53.98	52.88	55.15	54.02	53.65	55.27	54.02	53.40	55.28	54.01	1.93658368763	100
49020	49020	51662	51662	53.70	55.42	53.95	52.88	55.15	54.02	53.65	55.25	54.05	53.41	55.27	54.01	1.93690282755	100
49120	49120	51562	51562	53.70	55.40	53.92	52.85	55.12	54.02	53.67	55.23	54.05	53.41	55.25	54.00	1.93692257592	100
49220	49220	51462	51462	53.70	55.38	53.92	52.85	55.12	54.02	53.70	55.25	54.05	53.42	55.25	54.00	1.93694545837	100
49320	49320	51362	51362	53.73	55.45	53.92	52.88	55.12	54.02	53.65	55.23	54.05	53.42	55.27	54.00	1.93716015827	100
49420	49420	51262	51262	53.73	55.42	53.92	52.88	55.12	54.02	53.65	55.25	54.05	53.42	55.27	54.00	1.93742876272	100
49520	49520	51162	51162	53.73	55.42	53.92	52.90	55.12	54.08	53.73	55.20	54.05	53.45	55.25	54.02	1.93742634295	100
49620	49620	51062	51062	53.73	55.45	53.92	52.90	55.12	54.10	53.73	55.20	54.02	53.45	55.26	54.02	1.93718687763	100
49720	49720	50962	50962	53.73	55.48	53.92	52.88	55.10	54.08	53.73	55.17	53.98	53.44	55.25	53.99	1.93780037468	100
49820	49820	50862	50862	53.77	55.48	53.92	52.88	55.12	54.10	53.75	55.15	53.95	53.47	55.25	53.99	1.93795466345	100
49920	49920	50762	50762	53.73	55.48	53.92	52.88	55.15	54.10	53.75	55.12	53.92	53.45	55.25	53.98	1.93868472194	100
50020	50020	50662	50662	53.73	55.48	53.92	52.88	55.15	54.10	53.75	55.15	53.92	53.45	55.26	53.98	1.93857211188	100
50120	50120	50562	50562	53.75	55.48	53.92	52.88	55.15	54.12	53.77	55.17	53.92	53.47	55.27	53.99	1.93896962756	100
50220	50220	50462	50462	53.73	55.48	53.92	52.88	55.15	54.12	53.77	55.10	53.92	53.46	55.24	53.99	1.93909781406	100
50320	50320	50362	50362	53.75	55.48	53.92	52.90	55.15	54.12	53.75	55.12	53.92	53.47	55.25	53.99	1.93913372686	100
50420	50420	50262	50262	53.75	55.48	53.92	52.90	55.15	54.15	53.75	55.15	53.92	53.47	55.26	54.00	1.93918624793	100
50520	50520	50162	50162	53.73	55.50	53.90	52.92	55.17	54.12	53.73	55.17	53.92	53.46	55.28	53.98	1.93938996192	100
50620	50620	50062	50062	53.73	55.50	53.90	52.92	55.17	54.15	53.70	55.17	53.95	53.45	55.28	54.00	1.93972809406	100
50720	50720	49962	49962	53.75	55.45	53.92	52.92	55.17	54.12	53.70	55.20	53.95	53.46	55.27	54.00	1.93968004226	100
50820	50820	49862	49862	53.75	55.42	53.92	52.92	55.17	54.12	53.75	55.27	53.95	53.48	55.29	54.00	1.94006129613	100
50920	50920	49762	49762	53.77	55.40	53.92	52.92	55.20	54.15	53.77	55.27	53.92	53.49	55.29	54.00	1.94044422493	100
51020	51020	49662	49662	53.73	55.40	53.92	52.92	55.17	54.15	53.77	55.27	53.92	53.48	55.28	54.00	1.94042571619	100
51120	51120	49562	49562	53.73	55.42	53.90	52.92	55.20	54.17	53.75	55.27	53.92	53.47	55.30	54.00	1.94068235348	100
51220	51220	49462	49462	53.75	55.35	53.90	52.92	55.15	54.17	53.75	55.25	53.95	53.48	55.25	54.01	1.94117954775	100
51320	51320	49362	49362	53.73	55.45	53.90	52.92	55.10	54.17	53.75	55.23	53.95	53.47	55.26	54.01	1.94092559035	100
51420	51420	49262	49262	53.73	55.42	53.88	52.90	55.12	54.17	53.75	55.20	53.98	53.46	55.25	54.01	1.94109506321	100
51520	51520	49162	49162	53.75	55.38	53.90	52.90	55.12	54.17	53.77	55.20	53.90	53.48	55.23	53.99	1.94128914823	100
51620	51620	49062	49062	53.73	55.33	53.90	52.88	55.12	54.17	53.73	55.20	53.90	53.44	55.22	53.99	1.94165338405	100
51720	51720	48962	48962	53.73	55.33	53.90	52.90	55.10	54.17	53.77	55.20	53.85	53.47	55.21	53.98	1.94166385822	100
51820	51820	48862	48862	53.77	55.35	53.92	52.90	55.10	54.17	53.77	55.23	53.85	53.48	55.23	53.98	1.94206341172	100
51920	51920	48762	48762	53.77	55.30	53.92	52.88	55.10	54.17	53.77	55.20	53.88	53.48	55.20	53.99	1.94217328989	100
52020	52020	48662	48662	53.77	55.33	53.95	52.88	55.10	54.17	53.77	55.20	53.88	53.48	55.21	54.00	1.94277237087	100
52120	52120	48562	48562	53.77	55.27	53.95	52.90	55.10	54.17	53.77	55.20	53.88	53.48	55.19	54.00	1.94252017049	100
52220	52220	48462	48462	53.77	55.30	53.92	52.88	55.10	54.17	53.77	55.23	53.85	53.48	55.21	53.98	1.94261744387	100
52320	52320	48362	48362	53.75	55.27	53.95	52.90	55.10	54.17	53.83	55.23	53.83	53.49	55.20	53.98	1.94253899824	100
52420	52420	48262	48262	53.77	55.25	53.95	52.90	55.08	54.17	53.80	55.23	53.83	53.49	55.18	53.98	1.94281404415	100
52520	52520	48162	48162	53.75	55.30	53.92	52.95	55.08	54.17	53.83	55.25	53.80	53.51	55.21	53.97	1.94304107653	100
52620	52620	48062	48062	53.75	55.30	53.98	52.92	55.08	54.17	53.80	55.27	53.77	53.49	55.22	53.98	1.94268686461	100
52720	52720	47962	47962	53.75	55.33	53.98	52.92	55.08	54.20	53.85	55.23	53.77	53.51	55.21	53.98	1.94279983667	100
52820	52820	47862	47862	53.77	55.33	53.98	52.92	55.08	54.17	53.85	55.20	53.75	53.52	55.20	53.97	1.94304671974	100
52920	52920	47762	47762	53.75	55.35	54.00	52.95	55.08	54.17	53.83	55.20	53.75	53.51	55.21	53.98	1.94341495304	100
53020	53020	47662	47662	53.75	55.35	53.98	52.95	55.08	54.17	53.85	55.23	53.75	53.52	55.22	53.97	1.94389363706	100
53120	53120	47562	47562	53.77	55.35	53.98	52.92	55.10	54.17	53.80	55.17	53.77	53.50	55.21	53.98	1.94411982697	100
53220	53220	47462	47462	53.75	55.33	53.95	52.92	55.10	54.17	53.83	55.20	53.77	53.50	55.21	53.97	1.94445112217	100
53320	53320	47362	47362	53.75	55.33	53.95	52.92	55.10	54.17	53.83	55.20	53.75	53.50	55.21	53.96	1.94421849236	100
53420	53420	47262	47262	53.75	55.30	53.98	52.95	55.10	54.15	53.77	55.27	53.70	53.49	55.23	53.94	1.94428935402	100
53520	53520	47162	47162	53.75	55.33	53.98	52.98	55.08	54.17	53.73	55.25	53.70	53.48	55.22	53.95	1.94445882408	100
53620	53620	47062	47062	53.77	55.30	53.95	52.98	55.08	54.17	53.73	55.27	53.73	53.49	55.22	53.95	1.94483762256	100
53720	53720	46962	46962	53.75	55.30	53.95	52.98	55.08	54.17	53.73	55.27	53.67	53.48	55.22	53.93	1.94493565854	100
53820	53820	46862	46862	53.75	55.30	53.95	52.98	55.08	54.20	53.73	55.27	53.67	53.48	55.22	53.94	1.94509436281	100
53920	53920	46762	46762	53.73	55.35	53.95	52.98	55.08	54.20	53.75	55.33	53.70	53.48	55.25	53.95	1.94574026513	100
54020	54020	46662	46662	53.73	55.38	53.95	52.98	55.08	54.20	53.75	55.30	53.70	53.48	55.25	53.95	1.94592043905	100
54120	54120	46562	46562	53.73	55.33	53.95	52.98	55.08	54.20	53.73	55.33	53.73	53.48	55.24	53.96	1.94653854149	100
54220	54220	46462	46462	53.73	55.30	53.98	52.98	55.05	54.20	53.73	55.27	53.67	53.48	55.21	53.95	1.94675885863	100
54320	54320	46362	46362	53.75	55.33	53.98	52.98	55.05	54.20	53.73	55.27	53.70	53.48	55.22	53.96	1.94698966502	100
54420	54420	46262	46262	53.75	55.30	53.98	52.98	55.05	54.20	53.73	55.27	53.70	53.48	55.21	53.96	1.94727817249	100
54520	54520	46162	46162	53.75	55.33	53.98	52.98	55.05	54.23	53.73	55.33	53.70	53.48	55.23	53.97	1.94756418069	100
54620	54620	46062	46062	53.75	55.35	53.98	52.98	55.05	54.23	53.75	55.35	53.70	53.49	55.25	53.97	1.94795968832	100
54720	54720	45962	45962	53.77	55.33	53.98	52.98	55.05	54.23	53.75	55.33	53.67	53.50	55.23	53.96	1.94803420599	100
54820	54820	45862	45862	53.77	55.35	53.98	52.98	55.05	54.23	53.73	55.27	53.65	53.49	55.23	53.95	1.94827189608	100
54920	54920	45762	45762	53.77	55.35	53.98	52.98	55.05	54.23	53.75	55.27	53.67	53.50	55.23	53.96	1.9484093922	100
55020	55020	45662	45662	53.80	55.38	54.02	52.98	55.05	54.25	53.70	55.27	53.73	53.49	55.23	54.00	1.94840589124	100
55120	55120	45562	45562	53.77	55.30	54.02	53.00	55.05	54.25	53.75	55.27	53.73	53.51	55.21	54.00	1.94888956551	100
55220	55220	45462	45462	53.80	55.35	54.05	53.00	55.05	54.27	53.75	55.25	53.73	53.52	55.22	54.02	1.94840964733	100
55320	55320	45362	45362	53.77	55.33	54.00	53.00	55.08	54.27	53.75	55.25	53.73	53.51	55.22	54.00	1.94864167662	100
55420	55420	45262	45262	53.75	55.27	53.98	53.00	55.08	54.30	53.73	55.23	53.73	53.49	55.19	54.00	1.94888260667	100
55520	55520	45162	45162	53.75	55.23	54.00	53.02	55.05	54.27	53.73	55.17	53.67	53.50	55.15	53.98	1.94887924933	100
55620	55620	45062	45062	53.77	55.27	54.00	53.02	55.08	54.25	53.75	55.15	53.67	53.52	55.17	53.98	1.94892015007	100
55720	55720	44962	44962	53.77	55.30	54.00	53.02	55.08	54.27	53.73	55.17	53.73	53.51	55.18	54.00	1.94891525859	100
55820	55820	44862	44862	53.75	55.30	54.00	53.02	55.08	54.27	53.70	55.15	53.73	53.49	55.17	54.00	1.94869107958	100
55920	55920	44762	44762	53.75	55.35	54.00	53.00	55.08	54.30	53.67	55.20	53.80	53.48	55.21	54.03	1.9489750538	100
56020	56020	44662	44662	53.75	55.35	54.02	53.00	55.10	54.33	53.67	55.23	53.77	53.48	55.23	54.04	1.94908778353	100
56120	56120	44562	44562	53.75	55.35	54.02	53.00	55.08	54.30	53.67	55.25	53.80	53.48	55.23	54.04	1.94912241085	100
56220	56220	44462	44462	53.75	55.35	54.02	53.00	55.10	54.30	53.67	55.25	53.80	53.48	55.23	54.04	1.94940137406	100
56320	56320	44362	44362	53.75	55.33	54.02	53.00	55.12	54.30	53.70	55.20	53.77	53.48	55.22	54.03	1.9493306527	100
56420	56420	44262	44262	53.75	55.33	54.02	53.00	55.12	54.35	53.67	55.25	53.77	53.48	55.23	54.05	1.9493195826	100
56520	56520	44162	44162	53.75	55.30	54.02	53.02	55.12	54.38	53.67	55.25	53.75	53.48	55.23	54.05	1.94933361195	100
56620	56620	44062	44062	53.75	55.30	54.02	53.05	55.12	54.40	53.67	55.27	53.77	53.49	55.23	54.07	1.94936683243	100
56720	56720	43962	43962	53.75	55.38	54.00	53.05	55.10	54.40	53.67	55.25	53.77	53.49	55.24	54.06	1.94964845501	100
56820	56820	43862	43862	53.75	55.42	53.98	53.08	55.12	54.40	53.67	55.23	53.77	53.50	55.26	54.05	1.94954105728	100
56920	56920	43762	43762	53.75	55.40	54.00	53.08	55.12	54.42	53.67	55.23	53.80	53.50	55.25	54.08	1.94953585851	100
57020	57020	43662	43662	53.75	55.40	54.05	53.10	55.15	54.42	53.67	55.17	53.80	53.51	55.24	54.09	1.94928902985	100
57120	57120	43562	43562	53.80	55.38	54.08	53.10	55.15	54.42	53.67	55.15	53.80	53.52	55.23	54.10	1.94929842882	100
57220	57220	43462	43462	53.77	55.38	54.10	53.10	55.15	54.42	53.70	55.15	53.83	53.52	55.23	54.12	1.94881240826	100
57320	57320	43362	43362	53.77	55.35	54.12	53.10	55.15	54.42	53.70	55.15	53.85	53.52	55.22	54.13	1.94912616081	100
57420	57420	43262	43262	53.77	55.38	54.12	53.10	55.15	54.42	53.67	55.20	53.85	53.52	55.24	54.13	1.94921262505	100
57520	57520	43162	43162	53.77	55.40	54.12	53.10	55.12	54.45	53.65	55.17	53.85	53.51	55.23	54.14	1.94893634717	100
57620	57620	43062	43062	53.80	55.38	54.10	53.10	55.12	54.48	53.65	55.20	53.83	53.52	55.23	54.13	1.94891179628	100
57720	57720	42962	42962	53.80	55.33	54.12	53.12	55.12	54.48	53.75	55.20	53.85	53.56	55.22	54.15	1.94876333964	100
57820	57820	42862	42862	53.75	55.35	54.12	53.12	55.15	54.48	53.73	55.23	53.83	53.53	55.24	54.14	1.94880419184	100
57920	57920	42762	42762	53.77	55.38	54.12	53.12	55.17	54.50	53.70	55.20	53.80	53.53	55.25	54.14	1.94907780067	100
58020	58020	42662	42662	53.75	55.40	54.08	53.12	55.17	54.50	53.73	55.20	53.83	53.53	55.26	54.13	1.94878125416	100
58120	58120	42562	42562	53.73	55.38	54.10	53.10	55.17	54.48	53.73	55.23	53.88	53.52	55.26	54.15	1.94896070813	100
58220	58220	42462	42462	53.75	55.40	54.08	53.10	55.17	54.48	53.73	55.23	53.85	53.52	55.27	54.13	1.94879928363	100
58320	58320	42362	42362	53.75	55.42	54.10	53.10	55.17	54.48	53.70	55.20	53.88	53.52	55.27	54.15	1.94900166249	100
58420	58420	42262	42262	53.75	55.42	54.10	53.10	55.20	54.48	53.70	55.23	53.88	53.52	55.28	54.15	1.94903679521	100
58520	58520	42162	42162	53.75	55.48	54.10	53.12	55.20	54.48	53.70	55.20	53.88	53.52	55.29	54.15	1.94931453652	100
58620	58620	42062	42062	53.75	55.48	54.10	53.15	55.15	54.50	53.73	55.23	53.88	53.54	55.28	54.16	1.9495705083	100
58720	58720	41962	41962	53.75	55.48	54.12	53.15	55.15	54.50	53.70	55.23	53.88	53.53	55.28	54.17	1.94988186695	100
58820	58820	41862	41862	53.75	55.50	54.15	53.12	55.17	54.50	53.70	55.30	53.88	53.52	55.33	54.17	1.95020844504	100
58920	58920	41762	41762	53.75	55.48	54.15	53.12	55.17	54.50	53.67	55.30	53.88	53.52	55.32	54.17	1.95011718365	100
59020	59020	41662	41662	53.75	55.48	54.17	53.12	55.23	54.50	53.65	55.30	53.88	53.51	55.33	54.18	1.9502372406	100
59120	59120	41562	41562	53.77	55.48	54.17	53.12	55.23	54.50	53.65	55.30	53.88	53.52	55.33	54.18	1.95077726774	100
59220	59220	41462	41462	53.77	55.50	54.17	53.12	55.17	54.50	53.65	55.33	53.88	53.52	55.33	54.18	1.95063249344	100
59320	59320	41362	41362	53.77	55.50	54.20	53.12	55.17	54.50	53.62	55.33	53.88	53.51	55.33	54.19	1.94996291862	100
59420	59420	41262	41262	53.77	55.50	54.17	53.12	55.23	54.52	53.70	55.33	53.88	53.53	55.35	54.19	1.95000100326	100
59520	59520	41162	41162	53.75	55.50	54.17	53.10	55.23	54.52	53.75	55.35	53.88	53.53	55.36	54.19	1.94972461134	100
59620	59620	41062	41062	53.75	55.48	54.15	53.10	55.20	54.52	53.75	55.35	53.88	53.53	55.34	54.18	1.9496514097	100
59720	59720	40962	40962	53.75	55.48	54.20	53.08	55.23	54.52	53.75	55.38	53.90	53.52	55.36	54.21	1.95003841279	100
59820	59820	40862	40862	53.77	55.50	54.20	53.08	55.23	54.52	53.75	55.45	53.88	53.53	55.39	54.20	1.94954840157	100
59920	59920	40762	40762	53.75	55.50	54.23	53.08	55.20	54.55	53.75	55.48	53.88	53.52	55.39	54.22	1.9496585745	100
60020	60020	40662	40662	53.75	55.48	54.23	53.08	55.23	54.58	53.75	55.45	53.88	53.52	55.38	54.23	1.94979866824	100
60120	60120	40562	40562	53.75	55.50	54.20	53.08	55.23	54.60	53.75	55.42	53.85	53.52	55.38	54.22	1.94949561035	100
60220	60220	40462	40462	53.75	55.50	54.20	53.08	55.23	54.60	53.75	55.42	53.85	53.52	55.38	54.22	1.94958557627	100
60320	60320	40362	40362	53.75	55.50	54.15	53.08	55.25	54.60	53.75	55.40	53.90	53.52	55.38	54.22	1.94910720414	100
60420	60420	40262	40262	53.77	55.50	54.15	53.08	55.30	54.62	53.73	55.35	53.92	53.52	55.38	54.23	1.94917322496	100
60520	60520	40162	40162	53.80	55.52	54.17	53.08	55.30	54.62	53.73	55.45	53.95	53.53	55.42	54.25	1.94871143181	100
60620	60620	40062	40062	53.80	55.52	54.17	53.08	55.27	54.60	53.73	55.45	53.95	53.53	55.42	54.24	1.94843347284	100
60720	60720	39962	39962	53.83	55.52	54.15	53.08	55.27	54.60	53.73	55.45	53.90	53.54	55.42	54.22	1.94810290796	100
60820	60820	39862	39862	53.83	55.50	54.20	53.08	55.27	54.62	53.70	55.38	53.90	53.53	55.38	54.24	1.9477683655	100
60920	60920	39762	39762	53.83	55.45	54.17	53.08	55.25	54.62	53.67	55.35	53.90	53.52	55.35	54.23	1.9475695959	100
61020	61020	39662	39662	53.83	55.48	54.17	53.10	55.25	54.60	53.65	55.33	53.90	53.52	55.35	54.23	1.94748159964	100
61120	61120	39562	39562	53.80	55.48	54.15	53.10	55.25	54.58	53.65	55.30	53.90	53.52	55.34	54.21	1.94730573523	100
61220	61220	39462	39462	53.80	55.45	54.12	53.10	55.23	54.60	53.73	55.30	53.90	53.54	55.33	54.21	1.94713225477	100
61320	61320	39362	39362	53.80	55.48	54.12	53.10	55.27	54.60	53.73	55.27	53.90	53.54	55.34	54.21	1.94702817069	100
61420	61420	39262	39262	53.83	55.45	54.17	53.08	55.27	54.58	53.73	55.33	53.90	53.54	55.35	54.22	1.94652717915	100
61520	61520	39162	39162	53.83	55.45	54.17	53.08	55.27	54.58	53.73	55.35	53.90	53.54	55.36	54.22	1.94639758917	100
61620	61620	39062	39062	53.83	55.48	54.17	53.08	55.27	54.60	53.73	55.35	53.90	53.54	55.37	54.23	1.94560490579	100
61720	61720	38962	38962	53.83	55.45	54.17	53.08	55.27	54.62	53.73	55.33	53.90	53.54	55.35	54.23	1.9450110593	100
61820	61820	38862	38862	53.83	55.50	54.17	53.08	55.25	54.65	53.73	55.30	53.90	53.54	55.35	54.24	1.94487507025	100
61920	61920	38762	38762	53.83	55.48	54.17	53.08	55.27	54.65	53.67	55.27	53.90	53.52	55.34	54.24	1.94477963546	100
62020	62020	38662	38662	53.83	55.48	54.20	53.08	55.25	54.62	53.70	55.30	53.90	53.53	55.34	54.24	1.96202095985	100
62120	62120	38562	38562	53.83	55.50	54.17	53.08	55.25	54.65	53.70	55.30	53.90	53.53	55.35	54.24	1.94886066597	100
62220	62220	38462	38462	53.83	55.48	54.17	53.08	55.25	54.65	53.70	55.30	53.90	53.53	55.34	54.24	1.94493821346	100
62320	62320	38362	38362	53.83	55.48	54.17	53.08	55.27	54.67	53.73	55.30	53.90	53.54	55.35	54.25	1.94431059138	100
62420	62420	38262	38262	53.83	55.45	54.17	53.10	55.27	54.65	53.73	55.30	53.90	53.55	55.34	54.24	1.94414517967	100
62520	62520	38162	38162	53.83	55.48	54.17	53.10	55.30	54.62	53.70	55.30	53.90	53.54	55.36	54.23	1.94373696048	100
62620	62620	38062	38062	53.83	55.48	54.17	53.10	55.25	54.60	53.70	55.33	53.92	53.54	55.35	54.23	1.94314729029	100
62720	62720	37962	37962	53.80	55.42	54.17	53.10	55.25	54.60	53.67	55.33	53.90	53.52	55.33	54.23	1.94435815401	100
62820	62820	37862	37862	53.80	55.42	54.17	53.10	55.23	54.60	53.67	55.30	53.90	53.52	55.32	54.23	1.94381335083	100
62920	62920	37762	37762	53.80	55.40	54.17	53.10	55.23	54.60	53.70	55.27	53.90	53.53	55.30	54.23	1.94249031697	100
63020	63020	37662	37662	53.80	55.42	54.15	53.10	55.25	54.60	53.70	55.33	53.90	53.53	55.33	54.22	1.94191197752	100
63120	63120	37562	37562	53.80	55.45	54.20	53.10	55.27	54.60	53.73	55.38	53.92	53.54	55.37	54.24	1.9406990401	100
63220	63220	37462	37462	53.77	55.45	54.23	53.08	55.25	54.60	53.70	55.35	53.92	53.52	55.35	54.25	1.93992678435	100
63320	63320	37362	37362	53.77	55.45	54.23	53.08	55.25	54.60	53.70	55.38	53.95	53.52	55.36	54.26	1.93928107146	100
63420	63420	37262	37262	53.77	55.48	54.20	53.08	55.25	54.67	53.80	55.35	53.95	53.55	55.36	54.27	1.93984588493	100
63520	63520	37162	37162	53.77	55.50	54.20	53.08	55.23	54.67	53.77	55.33	53.92	53.54	55.35	54.27	1.94038228961	100
63620	63620	37062	37062	53.77	55.50	54.17	53.10	55.20	54.65	53.77	55.30	53.92	53.55	55.33	54.25	1.94107786428	100
63720	63720	36962	36962	53.77	55.52	54.17	53.10	55.20	54.70	53.75	55.33	53.92	53.54	55.35	54.27	1.94020821052	100
63820	63820	36862	36862	53.80	55.52	54.20	53.12	55.17	54.70	53.75	55.33	53.90	53.56	55.34	54.27	1.9401639547	100
63920	63920	36762	36762	53.80	55.52	54.20	53.15	55.17	54.67	53.75	55.30	53.92	53.57	55.33	54.27	1.9399377186	100
