12120	12120	94562	94562	75.03	77.75	79.85	74.58	77.65	79.25	75.30	78.53	79.90	74.97	77.97	79.67	2.57593872154
12120	12120	94262	94262	75.08	77.75	79.85	74.55	77.62	79.25	75.30	78.53	79.88	74.97	77.97	79.66	2.42311582054	100
12220	12220	94162	94162	74.72	78.58	79.65	73.97	77.67	79.12	74.50	79.08	79.85	74.40	78.44	79.54	2.06099453809	100
12320	12320	94062	94062	74.80	77.75	78.97	73.83	77.40	78.80	74.65	78.25	79.30	74.42	77.80	79.03	1.93366137724	100
12420	12420	93962	93962	74.92	77.58	79.20	74.25	77.53	79.15	75.05	78.38	79.38	74.74	77.83	79.24	1.89143345323	100
12520	12520	93862	93862	75.25	77.50	79.35	74.30	77.83	79.25	75.00	78.65	79.40	74.85	77.99	79.33	1.85312977706	100
12620	12620	93762	93762	75.67	77.58	79.35	74.60	77.78	79.30	75.42	78.42	79.60	75.23	77.92	79.42	1.82253223596	100
12720	12720	93662	93662	75.95	77.83	79.62	74.55	77.95	79.17	75.67	78.55	79.67	75.39	78.11	79.49	1.79806268137	100
12820	12820	93562	93562	76.20	77.90	79.97	74.55	78.00	79.22	76.12	78.65	79.72	75.62	78.18	79.64	1.78851283967	100
12920	12920	93462	93462	76.08	77.85	80.03	75.20	77.72	79.25	76.30	78.75	79.88	75.86	78.11	79.72	1.78241134443	100
13020	13020	93362	93362	76.30	77.90	79.83	75.30	77.42	79.15	76.60	78.70	80.00	76.07	78.01	79.66	1.77787767431	100
13120	13120	93262	93262	76.20	78.10	80.10	75.38	77.58	78.83	76.62	78.83	80.08	76.07	78.17	79.67	1.77533083972	100
13220	13220	93162	93162	76.33	78.42	79.90	75.30	77.75	78.75	76.65	78.92	80.28	76.09	78.37	79.64	1.76995531461	100
13320	13320	93062	93062	76.47	78.55	79.95	75.10	77.58	78.85	76.72	78.92	80.20	76.10	78.35	79.67	1.75990893105	100
13420	13420	92962	92962	76.35	78.30	79.72	75.08	77.28	78.55	76.67	78.67	80.30	76.03	78.08	79.53	1.76342621781	100
13520	13520	92862	92862	76.12	78.42	79.67	75.03	76.72	78.17	76.80	78.62	79.83	75.98	77.92	79.22	1.76805641353	100
13620	13620	92762	92762	76.42	78.47	79.78	74.97	76.58	78.25	76.67	78.50	79.92	76.03	77.85	79.32	1.76577606617	100
13720	13720	92662	92662	76.22	78.05	80.08	74.92	76.65	78.17	76.83	78.03	79.47	75.99	77.58	79.24	1.77106787697	100
13820	13820	92562	92562	76.12	77.83	80.03	74.65	76.33	77.78	76.95	77.75	79.47	75.91	77.30	79.09	1.76624443105	100
13920	13920	92462	92462	76.42	77.45	79.78	74.70	76.12	77.33	77.17	77.25	79.28	76.10	76.94	78.79	1.77437310844	100
14020	14020	92362	92362	76.35	76.97	79.62	74.38	75.62	77.08	77.08	76.70	79.22	75.93	76.43	78.64	1.77570263807	100
14120	14120	92262	92262	76.12	76.60	79.40	74.20	75.53	76.65	77.03	76.67	79.15	75.78	76.27	78.40	1.77649594322	100
14220	14220	92162	92162	76.08	76.50	79.10	74.08	75.33	76.55	76.85	76.47	78.92	75.67	76.10	78.19	1.77773813977	100
14320	14320	92062	92062	75.92	76.22	78.83	74.00	75.05	76.15	76.75	76.38	78.78	75.56	75.88	77.92	1.78030961298	100
14420	14420	91962	91962	75.90	75.80	78.50	74.12	75.10	76.20	76.45	76.12	78.47	75.49	75.67	77.72	1.78546804622	100
14520	14520	91862	91862	75.90	75.62	78.55	73.85	74.97	76.00	76.22	76.03	78.38	75.33	75.54	77.64	1.78495455634	100
14620	14620	91762	91762	75.60	75.55	78.30	73.88	74.53	76.03	76.08	75.90	78.38	75.18	75.33	77.57	1.78444268823	100
14720	14720	91662	91662	75.50	75.33	77.80	73.83	74.15	75.85	76.08	75.83	78.03	75.13	75.10	77.22	1.78349261723	100
14820	14820	91562	91562	75.35	75.08	77.67	73.45	73.85	75.60	76.03	75.53	77.65	74.94	74.82	76.97	1.78454111302	100
14920	14920	91462	91462	75.33	75.05	77.35	73.17	73.62	75.20	75.67	75.15	77.45	74.72	74.61	76.67	1.78665666189	100
15020	15020	91362	91362	75.05	74.70	76.95	73.03	73.62	74.95	75.67	75.22	77.28	74.58	74.52	76.39	1.78787743654	100
15120	15120	91262	91262	74.95	74.50	76.72	72.97	73.42	74.88	75.25	74.92	76.85	74.39	74.28	76.15	1.79082078436	100
15220	15220	91162	91162	74.65	74.47	76.42	72.85	73.10	74.78	75.35	74.72	76.70	74.28	74.10	75.97	1.79191993566	100
15320	15320	91062	91062	74.45	74.25	76.15	72.75	72.92	74.65	75.15	74.55	76.42	74.12	73.91	75.74	1.79326398214	100
15420	15420	90962	90962	74.15	74.08	75.92	72.67	72.58	74.38	74.95	74.40	76.25	73.92	73.68	75.52	1.79816885686	100
15520	15520	90862	90862	74.03	74.00	75.62	72.53	72.47	74.28	74.80	74.38	76.17	73.78	73.62	75.36	1.79882540176	100
15620	15620	90762	90762	73.60	73.97	75.33	72.28	72.58	73.92	74.40	74.25	75.92	73.42	73.60	75.06	1.79820542397	100
15720	15720	90662	90662	73.53	73.83	74.88	72.10	72.35	73.90	74.33	74.17	75.97	73.32	73.45	74.92	1.80006209761	100
15820	15820	90562	90562	73.70	73.42	74.72	72.17	71.95	73.90	74.17	74.12	75.90	73.35	73.17	74.84	1.80139103993	100
15920	15920	90462	90462	73.17	73.47	74.75	71.80	71.95	73.75	73.90	73.92	75.53	72.96	73.12	74.67	1.8027412698	100
16020	16020	90362	90362	73.03	73.20	74.67	71.62	71.62	73.30	73.47	73.83	75.30	72.71	72.88	74.42	1.8034950499	100
16120	16120	90262	90262	72.85	73.00	74.50	71.65	71.58	73.25	73.60	73.83	74.97	72.70	72.80	74.24	1.80400495066	100
16220	16220	90162	90162	72.60	73.00	74.28	71.62	71.40	73.10	73.47	73.58	74.62	72.57	72.66	74.00	1.80729796688	100
16320	16320	90062	90062	72.33	72.70	74.03	71.45	71.20	72.83	73.30	73.58	74.60	72.36	72.49	73.82	1.8065430532	100
16420	16420	89962	89962	72.00	72.75	73.78	71.08	71.20	72.70	73.15	73.62	74.55	72.08	72.53	73.67	1.8088376034	100
16520	16520	89862	89862	71.95	72.67	73.80	71.00	71.17	72.50	73.17	73.45	74.35	72.04	72.43	73.55	1.81191020848	100
16620	16620	89762	89762	71.83	72.62	73.58	70.92	71.10	72.40	72.80	73.47	74.15	71.85	72.40	73.38	1.81420164879	100
16720	16720	89662	89662	71.22	72.65	73.35	70.65	70.92	72.28	72.45	73.22	73.90	71.44	72.27	73.17	1.81519480508	100
16820	16820	89562	89562	71.15	72.33	73.20	70.40	70.70	72.12	72.38	72.90	73.70	71.31	71.97	73.01	1.81681898913	100
16920	16920	89462	89462	71.05	72.03	72.97	70.20	70.42	71.80	72.25	72.88	73.60	71.17	71.78	72.79	1.82127438194	100
17020	17020	89362	89362	71.05	71.62	72.80	70.30	70.33	71.60	72.15	72.75	73.58	71.17	71.57	72.66	1.8219342631	100
17120	17120	89262	89262	70.90	71.47	72.88	70.35	70.10	71.42	72.03	72.65	73.40	71.09	71.41	72.57	1.82311441256	100
17220	17220	89162	89162	70.92	71.25	72.60	69.95	70.00	71.08	71.80	72.60	72.92	70.89	71.28	72.20	1.82399144674	100
17320	17320	89062	89062	71.03	71.15	72.38	70.05	69.90	70.95	71.65	72.47	72.72	70.91	71.17	72.02	1.82427497856	100
17420	17420	88962	88962	70.88	70.88	72.05	69.75	69.85	70.75	71.55	72.28	72.58	70.72	71.00	71.79	1.82287262834	100
17520	17520	88862	88862	70.88	70.70	71.85	69.72	69.60	70.58	71.42	72.10	72.35	70.67	70.80	71.59	1.82437841888	100
17620	17620	88762	88762	70.70	70.67	71.65	69.55	69.45	70.40	71.28	72.08	72.38	70.51	70.73	71.47	1.82531293319	100
17720	17720	88662	88662	70.62	70.60	71.15	69.35	69.38	70.28	71.15	71.97	72.28	70.38	70.65	71.23	1.8257949775	100
17820	17820	88562	88562	70.33	70.38	71.03	69.15	69.20	70.12	70.97	71.62	72.25	70.15	70.40	71.13	1.82622613363	100
17920	17920	88462	88462	70.42	69.97	70.88	69.08	69.20	69.97	70.72	71.60	72.05	70.08	70.26	70.97	1.82664914373	100
18020	18020	88362	88362	70.40	69.83	70.70	69.03	68.90	69.85	70.60	71.40	71.85	70.01	70.04	70.80	1.82715368915	100
18120	18120	88262	88262	70.10	69.72	70.58	68.62	68.72	69.72	70.53	71.17	71.58	69.75	69.88	70.62	1.82748429463	100
18220	18220	88162	88162	69.78	69.58	70.35	68.55	68.50	69.45	70.30	70.92	71.47	69.54	69.67	70.42	1.83141910461	100
18320	18320	88062	88062	69.58	69.53	70.17	68.35	68.12	69.25	70.12	70.62	71.28	69.35	69.42	70.23	1.8320598555	100
18420	18420	87962	87962	69.25	69.45	69.85	68.08	67.90	69.00	69.95	70.40	71.05	69.09	69.25	69.97	1.83241867674	100
18520	18520	87862	87862	68.67	69.05	69.60	68.00	67.83	68.92	69.80	70.22	70.78	68.83	69.03	69.77	1.83411679134	100
18620	18620	87762	87762	68.55	68.80	69.38	67.97	67.67	68.55	69.78	70.17	70.67	68.77	68.88	69.53	1.83491151033	100
18720	18720	87662	87662	68.42	68.70	69.10	67.67	67.55	68.40	69.45	70.05	70.40	68.52	68.77	69.30	1.8361646503	100
18820	18820	87562	87562	68.35	68.42	69.00	67.47	67.50	68.17	69.42	69.88	70.28	68.42	68.60	69.15	1.83605043724	100
18920	18920	87462	87462	68.05	68.20	68.65	67.30	67.33	67.95	69.20	69.70	70.12	68.18	68.41	68.91	1.83674696272	100
19020	19020	87362	87362	67.92	68.22	68.70	67.22	67.35	67.83	69.17	69.58	69.95	68.11	68.38	68.83	1.8377617799	100
19120	19120	87262	87262	67.50	68.33	68.50	66.97	67.22	67.55	69.03	69.47	69.78	67.83	68.34	68.61	1.83787948559	100
19220	19220	87162	87162	67.50	68.15	68.38	67.10	67.05	67.38	68.92	69.22	69.75	67.84	68.14	68.50	1.83821193404	100
19320	19320	87062	87062	67.42	68.00	68.17	66.85	66.92	67.28	68.67	69.15	69.67	67.65	68.03	68.38	1.83767272146	100
19420	19420	86962	86962	67.25	67.88	68.00	66.80	66.80	67.20	68.72	69.10	69.53	67.59	67.92	68.24	1.83874067711	100
19520	19520	86862	86862	67.05	67.75	67.62	66.58	66.67	66.97	68.45	69.00	69.42	67.36	67.81	68.01	1.8410605912	100
19620	19620	86762	86762	66.95	67.42	67.47	66.35	66.72	66.67	68.42	68.80	69.42	67.24	67.65	67.86	1.83950018235	100
19720	19720	86662	86662	66.78	67.22	67.33	66.30	66.58	66.60	68.35	68.72	69.25	67.14	67.51	67.72	1.83973566056	100
19820	19820	86562	86562	66.62	67.15	67.12	66.03	66.62	66.42	68.08	68.62	69.00	66.91	67.47	67.52	1.83969283659	100
19920	19920	86462	86462	66.58	66.90	67.03	65.85	66.58	66.30	67.97	68.50	68.80	66.80	67.33	67.38	1.84043548814	100
20020	20020	86362	86362	66.42	66.80	66.92	65.72	66.47	66.28	67.75	68.30	68.67	66.63	67.19	67.29	1.84128280036	100
20120	20120	86262	86262	66.33	66.58	66.90	65.67	66.45	66.12	67.62	68.08	68.55	66.54	67.03	67.19	1.84116690805	100
20220	20220	86162	86162	66.22	66.53	66.80	65.62	66.30	65.95	67.75	67.97	68.35	66.53	66.93	67.03	1.84201126713	100
20320	20320	86062	86062	66.15	66.53	66.72	65.50	66.15	65.78	67.65	67.85	68.22	66.43	66.84	66.91	1.84338231524	100
20420	20420	85962	85962	65.97	66.40	66.62	65.33	66.03	65.80	67.60	67.55	68.10	66.30	66.66	66.84	1.84352599696	100
20520	20520	85862	85862	65.83	66.40	66.45	65.20	66.10	65.72	67.28	67.50	67.97	66.10	66.67	66.72	1.84353587489	100
20620	20620	85762	85762	65.67	66.30	66.38	65.08	65.95	65.60	67.30	67.22	67.88	66.02	66.49	66.62	1.84404022928	100
20720	20720	85662	85662	65.67	66.05	66.22	64.95	65.95	65.53	67.10	67.08	67.80	65.91	66.36	66.52	1.8444490597	100
20820	20820	85562	85562	65.58	65.97	66.22	65.05	65.95	65.60	67.10	67.10	67.67	65.91	66.34	66.50	1.84399795271	100
20920	20920	85462	85462	65.55	65.90	66.03	65.00	65.80	65.42	67.03	67.17	67.62	65.86	66.29	66.36	1.84466561902	100
21020	21020	85362	85362	65.47	65.78	65.88	64.92	65.65	65.15	66.83	67.05	67.47	65.74	66.16	66.17	1.84469986388	100
21120	21120	85262	85262	65.40	65.78	65.62	64.62	65.65	65.08	66.70	67.00	67.25	65.58	66.14	65.98	1.84547083375	100
21220	21220	85162	85162	65.30	65.72	65.72	64.50	65.50	64.97	66.58	66.95	67.20	65.46	66.06	65.97	1.84386821599	100
21320	21320	85062	85062	65.05	65.62	65.75	64.55	65.38	64.90	66.53	66.75	67.05	65.38	65.92	65.90	1.84506033796	100
21420	21420	84962	84962	64.90	65.60	65.60	64.60	65.35	64.70	66.45	66.60	67.15	65.32	65.85	65.82	1.8466044378	100
21520	21520	84862	84862	64.97	65.53	65.53	64.42	65.28	64.65	66.38	66.53	67.10	65.26	65.78	65.76	1.84614094441	100
21620	21620	84762	84762	64.75	65.42	65.35	64.33	65.22	64.58	66.20	66.42	66.95	65.09	65.69	65.62	1.84684642511	100
21720	21720	84662	84662	64.75	65.28	65.22	64.05	65.17	64.35	65.95	66.28	66.78	64.92	65.58	65.45	1.84879651062	100
21820	21820	84562	84562	64.58	65.15	65.17	63.85	65.08	64.30	65.78	66.38	66.53	64.73	65.53	65.33	1.84872424048	100
21920	21920	84462	84462	64.47	64.97	64.97	63.70	64.97	64.05	65.80	66.25	66.42	64.66	65.40	65.15	1.84840348319	100
22020	22020	84362	84362	64.35	65.00	64.95	63.65	64.97	64.03	65.80	66.05	66.33	64.60	65.34	65.10	1.8499570577	100
22120	22120	84262	84262	64.33	64.97	64.78	63.52	64.90	63.90	65.67	65.97	66.30	64.51	65.28	64.99	1.84975335979	100
22220	22220	84162	84162	64.12	64.95	64.70	63.30	64.67	63.70	65.50	65.83	66.30	64.31	65.15	64.90	1.85052636525	100
22320	22320	84062	84062	64.00	64.90	64.55	63.33	64.72	63.75	65.38	65.78	66.12	64.23	65.13	64.81	1.85001164358	100
22420	22420	83962	83962	63.88	64.80	64.40	63.20	64.67	63.55	65.33	65.78	66.00	64.13	65.08	64.65	1.84982742338	100
22520	22520	83862	83862	63.77	64.72	64.45	63.08	64.62	63.50	65.17	65.72	65.78	64.01	65.03	64.58	1.8514912677	100
22620	22620	83762	83762	63.58	64.67	64.45	62.98	64.47	63.45	65.25	65.67	65.80	63.93	64.94	64.57	1.85179940695	100
22720	22720	83662	83662	63.52	64.75	64.40	62.85	64.40	63.35	65.25	65.60	65.70	63.88	64.92	64.48	1.85255118313	100
22820	22820	83562	83562	63.35	64.50	64.35	62.90	64.33	63.38	65.17	65.50	65.58	63.81	64.78	64.43	1.85210466517	100
22920	22920	83462	83462	63.27	64.40	64.10	62.88	64.35	63.33	64.88	65.35	65.45	63.67	64.70	64.29	1.85307832203	100
23020	23020	83362	83362	63.20	64.40	63.95	62.77	64.25	63.27	64.70	65.35	65.33	63.56	64.67	64.18	1.85217293249	100
23120	23120	83262	83262	62.88	64.35	63.85	62.62	64.28	63.25	64.50	65.12	65.08	63.33	64.58	64.06	1.85205002566	100
23220	23220	83162	83162	62.77	64.33	63.75	62.67	64.35	63.05	64.45	65.08	64.95	63.30	64.58	63.92	1.8533562644	100
23320	23320	83062	83062	62.75	64.25	63.62	62.42	64.22	62.90	64.45	65.08	64.88	63.21	64.52	63.80	1.85424018133	100
23420	23420	82962	82962	62.67	64.17	63.62	62.30	64.10	62.80	64.38	64.97	64.83	63.12	64.42	63.75	1.85369873823	100
23520	23520	82862	82862	62.65	64.17	63.65	62.23	63.98	62.67	64.33	64.90	64.80	63.07	64.35	63.71	1.85434001898	100
23620	23620	82762	82762	62.50	64.03	63.62	62.17	63.92	62.60	64.12	64.88	64.72	62.93	64.28	63.65	1.85420705994	100
23720	23720	82662	82662	62.45	64.00	63.45	61.98	63.90	62.55	64.10	64.80	64.75	62.84	64.23	63.58	1.85423341195	100
23820	23820	82562	82562	62.55	63.90	63.52	61.95	63.77	62.58	64.03	64.90	64.67	62.84	64.19	63.59	1.85506279255	100
23920	23920	82462	82462	62.55	63.77	63.52	61.77	63.77	62.52	63.95	64.80	64.50	62.76	64.12	63.52	1.85668344778	100
24020	24020	82362	82362	62.45	63.80	63.38	61.83	63.62	62.42	63.77	64.83	64.50	62.68	64.08	63.43	1.85747293287	100
24120	24120	82262	82262	62.40	63.77	63.38	61.77	63.52	62.40	63.70	64.58	64.30	62.62	63.96	63.36	1.85762334698	100
24220	24220	82162	82162	62.33	63.80	63.30	61.73	63.52	62.40	63.70	64.62	64.20	62.58	63.98	63.30	1.85851216164	100
24320	24320	82062	82062	62.23	63.75	63.25	61.67	63.42	62.40	63.42	64.53	64.08	62.44	63.90	63.24	1.85788117895	100
24420	24420	81962	81962	62.33	63.73	63.10	61.60	63.48	62.38	63.50	64.45	64.03	62.48	63.88	63.17	1.85766259518	100
24520	24520	81862	81862	62.23	63.73	63.05	61.52	63.40	62.20	63.35	64.45	63.83	62.37	63.86	63.02	1.85816204994	100
24620	24620	81762	81762	62.05	63.65	62.83	61.42	63.30	62.17	63.20	64.45	63.67	62.23	63.80	62.89	1.85953348643	100
24720	24720	81662	81662	62.05	63.52	62.73	61.33	63.25	62.10	63.10	64.38	63.62	62.16	63.72	62.82	1.85871678515	100
24820	24820	81562	81562	62.05	63.50	62.73	61.23	63.17	61.98	63.00	64.22	63.62	62.09	63.63	62.77	1.8583452211	100
24920	24920	81462	81462	61.85	63.48	62.62	61.20	63.08	61.98	62.88	64.30	63.40	61.98	63.62	62.67	1.85905806005	100
25020	25020	81362	81362	61.73	63.33	62.55	61.15	63.02	61.98	62.80	64.25	63.38	61.89	63.53	62.63	1.85896189075	100
25120	25120	81262	81262	61.67	63.27	62.58	61.17	62.98	61.95	62.70	64.28	63.30	61.85	63.51	62.61	1.85884563757	100
25220	25220	81162	81162	61.58	63.23	62.40	61.12	62.90	61.85	62.62	64.15	63.15	61.77	63.42	62.47	1.8598906127	100
25320	25320	81062	81062	61.52	63.20	62.30	61.02	62.90	61.80	62.58	64.08	63.10	61.71	63.39	62.40	1.85920780707	100
25420	25420	80962	80962	61.38	63.08	62.23	60.95	62.80	61.80	62.48	64.05	63.05	61.60	63.31	62.36	1.86057171636	100
25520	25520	80862	80862	61.38	63.05	62.23	60.95	62.83	61.70	62.42	64.00	63.02	61.58	63.29	62.32	1.86125314792	100
25620	25620	80762	80762	61.30	63.00	62.05	60.83	62.70	61.65	62.30	63.95	62.85	61.48	63.22	62.18	1.86191493336	100
25720	25720	80662	80662	61.20	62.92	61.92	60.67	62.60	61.62	62.35	63.83	62.92	61.41	63.12	62.16	1.86188794795	100
25820	25820	80562	80562	61.12	62.80	61.77	60.60	62.58	61.55	62.35	63.80	62.80	61.36	63.06	62.04	1.8616525234	100
25920	25920	80462	80462	61.05	62.77	61.67	60.50	62.52	61.42	62.17	63.67	62.80	61.24	62.99	61.97	1.86179406506	100
26020	26020	80362	80362	61.08	62.67	61.62	60.45	62.48	61.45	62.17	63.65	62.62	61.23	62.93	61.90	1.86173814811	100
26120	26120	80262	80262	60.88	62.75	61.60	60.35	62.50	61.38	62.05	63.48	62.62	61.09	62.91	61.87	1.86192706896	100
26220	26220	80162	80162	60.80	62.60	61.35	60.25	62.48	61.38	61.88	63.58	62.40	60.98	62.88	61.71	1.86228125988	100
26320	26320	80062	80062	60.83	62.60	61.33	60.20	62.30	61.35	61.90	63.55	62.38	60.98	62.82	61.68	1.86161523155	100
26420	26420	79962	79962	60.65	62.60	61.23	60.12	62.38	61.23	61.80	63.38	62.38	60.86	62.78	61.61	1.86150126326	100
26520	26520	79862	79862	60.48	62.38	61.10	60.12	62.25	61.10	61.75	63.33	62.23	60.78	62.65	61.48	1.86246909452	100
26620	26620	79762	79762	60.45	62.27	61.10	59.98	62.08	61.00	61.58	63.25	62.05	60.67	62.53	61.38	1.86336030605	100
26720	26720	79662	79662	60.38	62.17	61.02	59.92	62.10	61.00	61.55	62.95	62.00	60.62	62.41	61.34	1.86294285753	100
26820	26820	79562	79562	60.27	62.10	60.85	59.92	61.90	60.92	61.52	62.85	61.88	60.58	62.28	61.22	1.8640320887	100
26920	26920	79462	79462	60.27	62.02	60.80	59.83	61.90	60.80	61.50	62.67	61.88	60.53	62.20	61.16	1.86485833015	100
27020	27020	79362	79362	60.35	61.85	60.75	59.75	62.08	60.67	61.40	62.70	61.77	60.50	62.21	61.07	1.86485836385	100
27120	27120	79262	79262	60.30	61.83	60.65	59.65	61.90	60.60	61.33	62.62	61.70	60.42	62.12	60.98	1.86436457603	100
27220	27220	79162	79162	60.30	61.85	60.58	59.62	61.83	60.52	61.30	62.50	61.65	60.41	62.06	60.92	1.86493766966	100
27320	27320	79062	79062	60.25	61.73	60.40	59.52	61.73	60.45	61.17	62.38	61.42	60.32	61.94	60.76	1.865198242	100
27420	27420	78962	78962	60.15	61.73	60.38	59.30	61.77	60.45	61.08	62.52	61.30	60.17	62.01	60.71	1.86600149478	100
27520	27520	78862	78862	60.08	61.60	60.25	59.25	61.67	60.42	60.90	62.50	61.30	60.08	61.92	60.66	1.86671032542	100
27620	27620	78762	78762	60.00	61.50	60.15	59.23	61.65	60.33	60.85	62.48	61.25	60.02	61.88	60.58	1.8675579372	100
27720	27720	78662	78662	59.83	61.48	60.08	59.17	61.52	60.23	60.75	62.25	61.05	59.92	61.75	60.45	1.86749137532	100
27820	27820	78562	78562	59.80	61.25	60.00	59.05	61.42	60.05	60.65	62.23	60.88	59.83	61.63	60.31	1.86754673545	100
27920	27920	78462	78462	59.85	61.20	59.95	59.05	61.35	59.98	60.60	61.98	60.83	59.83	61.51	60.25	1.86856526342	100
28020	28020	78362	78362	59.90	61.15	59.85	59.00	61.35	59.85	60.45	62.08	60.83	59.78	61.52	60.17	1.86898698836	100
28120	28120	78262	78262	59.70	61.12	59.85	58.88	61.33	59.83	60.42	62.02	60.77	59.67	61.49	60.15	1.86963147451	100
28220	28220	78162	78162	59.62	61.15	59.80	58.80	61.25	59.83	60.33	61.90	60.80	59.58	61.43	60.14	1.87032095896	100
28320	28320	78062	78062	59.52	61.05	59.77	58.75	61.23	59.83	60.12	61.90	60.70	59.47	61.39	60.10	1.87025382501	100
28420	28420	77962	77962	59.45	61.00	59.62	58.67	61.15	59.75	60.12	61.92	60.73	59.42	61.36	60.03	1.87150312248	100
28520	28520	77862	77862	59.33	61.00	59.48	58.60	61.10	59.62	60.08	61.90	60.52	59.33	61.33	59.88	1.87187878997	100
28620	28620	77762	77762	59.25	60.92	59.38	58.58	61.00	59.58	60.08	61.77	60.48	59.30	61.23	59.81	1.87205662864	100
28720	28720	77662	77662	59.20	60.90	59.33	58.58	60.88	59.50	60.00	61.90	60.27	59.26	61.23	59.70	1.87184544468	100
28820	28820	77562	77562	59.20	60.83	59.33	58.62	60.83	59.40	59.90	61.77	60.17	59.24	61.14	59.63	1.87198321265	100
28920	28920	77462	77462	59.08	60.92	59.27	58.52	60.77	59.25	59.75	61.75	60.10	59.12	61.15	59.54	1.87243058359	100
29020	29020	77362	77362	59.05	60.77	59.27	58.48	60.62	59.27	59.62	61.55	60.00	59.05	60.98	59.52	1.87258689057	100
29120	29120	77262	77262	59.10	60.77	59.27	58.38	60.55	59.25	59.67	61.48	59.88	59.05	60.93	59.47	1.87338875652	100
29220	29220	77162	77162	59.02	60.73	59.23	58.40	60.48	59.20	59.48	61.52	59.88	58.97	60.91	59.43	1.87317545404	100
29320	29320	77062	77062	59.00	60.60	59.25	58.33	60.40	59.15	59.48	61.50	59.83	58.93	60.83	59.41	1.87396576232	100
29420	29420	76962	76962	58.95	60.60	59.30	58.38	60.38	59.12	59.33	61.38	59.77	58.88	60.78	59.40	1.87514953006	100
29520	29520	76862	76862	58.85	60.52	59.12	58.38	60.30	58.92	59.10	61.42	59.67	58.77	60.75	59.24	1.87612669692	100
29620	29620	76762	76762	58.80	60.45	59.00	58.33	60.02	58.80	59.00	61.20	59.52	58.71	60.56	59.11	1.87788496513	100
29720	29720	76662	76662	58.75	60.38	58.88	58.27	60.00	58.75	59.05	61.20	59.52	58.69	60.52	59.05	1.87759292319	100
29820	29820	76562	76562	58.65	60.30	58.75	58.10	59.92	58.65	58.90	61.05	59.40	58.55	60.42	58.93	1.87886457775	100
29920	29920	76462	76462	58.62	60.23	58.62	58.10	59.85	58.58	58.83	60.98	59.35	58.52	60.35	58.85	1.87887865071	100
30020	30020	76362	76362	58.45	60.20	58.58	57.95	59.75	58.42	58.88	61.00	59.25	58.42	60.32	58.75	1.88015460062	100
30120	30120	76262	76262	58.45	60.23	58.55	57.98	59.73	58.40	58.83	60.95	59.23	58.42	60.30	58.73	1.87967104226	100
30220	30220	76162	76162	58.50	60.17	58.55	58.00	59.73	58.35	58.80	60.98	59.17	58.43	60.29	58.69	1.88060819716	100
30320	30320	76062	76062	58.50	60.08	58.55	58.02	59.60	58.33	58.80	61.00	59.15	58.44	60.23	58.67	1.88038518607	100
30420	30420	75962	75962	58.50	60.08	58.48	57.88	59.50	58.25	58.77	61.00	59.05	58.38	60.19	58.59	1.88133523975	100
30520	30520	75862	75862	58.48	59.98	58.45	57.85	59.45	58.17	58.73	60.90	59.00	58.35	60.11	58.54	1.88205011585	100
30620	30620	75762	75762	58.42	59.95	58.30	57.80	59.30	58.15	58.62	60.88	59.00	58.28	60.04	58.48	1.88302505324	100
30720	30720	75662	75662	58.42	59.80	58.30	57.73	59.27	58.08	58.73	60.73	58.92	58.29	59.93	58.43	1.88386963786	100
30820	30820	75562	75562	58.35	59.70	58.23	57.70	59.20	58.00	58.52	60.70	58.90	58.19	59.87	58.38	1.88433124583	100
30920	30920	75462	75462	58.23	59.58	58.20	57.70	59.15	57.90	58.58	60.52	58.80	58.17	59.75	58.30	1.88521015479	100
31020	31020	75362	75362	58.23	59.60	58.20	57.58	59.17	57.90	58.42	60.52	58.77	58.08	59.77	58.29	1.8856605755	100
31120	31120	75262	75262	58.15	59.65	58.15	57.48	59.17	57.90	58.40	60.50	58.60	58.01	59.77	58.22	1.8852774089	100
31220	31220	75162	75162	58.10	59.58	58.10	57.50	59.15	57.90	58.35	60.42	58.60	57.98	59.72	58.20	1.88668414639	100
31320	31320	75062	75062	58.02	59.50	58.12	57.35	59.12	57.83	58.17	60.40	58.50	57.85	59.67	58.15	1.88666991783	100
31420	31420	74962	74962	57.98	59.42	58.02	57.35	59.12	57.83	58.12	60.38	58.42	57.82	59.64	58.09	1.88737119231	100
31520	31520	74862	74862	57.85	59.40	57.98	57.33	59.05	57.80	58.20	60.38	58.42	57.79	59.61	58.07	1.8882940724	100
31620	31620	74762	74762	57.83	59.40	57.92	57.23	58.98	57.70	58.05	60.38	58.35	57.70	59.58	57.99	1.88875436707	100
31720	31720	74662	74662	57.83	59.40	57.95	57.25	59.00	57.70	58.02	60.33	58.33	57.70	59.58	57.99	1.8895201218	100
31820	31820	74562	74562	57.80	59.35	57.95	57.27	58.92	57.70	58.10	60.25	58.33	57.73	59.51	57.99	1.89002059152	100
31920	31920	74462	74462	57.77	59.25	57.98	57.12	58.92	57.62	58.00	60.23	58.20	57.63	59.47	57.93	1.89066461598	100
32020	32020	74362	74362	57.70	59.20	57.92	57.05	58.85	57.60	57.92	60.27	58.15	57.56	59.44	57.89	1.89168359259	100
32120	32120	74262	74262	57.62	59.23	57.92	57.05	58.83	57.48	57.90	60.17	58.17	57.52	59.41	57.86	1.89274025234	100
32220	32220	74162	74162	57.60	59.17	57.83	57.00	58.85	57.42	57.90	60.15	58.17	57.50	59.39	57.81	1.89339942738	100
32320	32320	74062	74062	57.58	59.20	57.80	57.02	58.77	57.42	57.90	60.05	58.15	57.50	59.34	57.79	1.89316945289	100
32420	32420	73962	73962	57.60	59.17	57.77	56.98	58.73	57.38	57.88	60.02	58.08	57.48	59.31	57.74	1.89340642457	100
32520	32520	73862	73862	57.55	59.20	57.73	56.98	58.65	57.38	57.85	60.02	58.02	57.46	59.29	57.71	1.89457547492	100
32620	32620	73762	73762	57.52	59.15	57.73	57.00	58.67	57.35	57.85	60.08	57.98	57.46	59.30	57.68	1.89468593008	100
32720	32720	73662	73662	57.48	59.10	57.73	56.98	58.60	57.30	57.77	60.00	57.95	57.41	59.23	57.66	1.89547647909	100
32820	32820	73562	73562	57.50	59.10	57.73	56.90	58.60	57.25	57.70	59.92	57.92	57.37	59.21	57.63	1.89620482083	100
32920	32920	73462	73462	57.48	59.00	57.75	56.83	58.67	57.20	57.65	59.92	57.90	57.32	59.20	57.62	1.8969245849	100
33020	33020	73362	73362	57.48	59.05	57.75	56.80	58.73	57.15	57.62	59.90	57.83	57.30	59.23	57.58	1.89752509843	100
33120	33120	73262	73262	57.42	58.95	57.75	56.83	58.75	57.15	57.55	59.90	57.85	57.27	59.20	57.58	1.89758250102	100
33220	33220	73162	73162	57.35	58.88	57.73	56.77	58.62	57.08	57.52	59.83	57.77	57.22	59.11	57.52	1.89839195548	100
33320	33320	73062	73062	57.33	58.80	57.73	56.70	58.65	57.08	57.50	59.90	57.77	57.17	59.12	57.52	1.89808532377	100
33420	33420	72962	72962	57.27	58.88	57.70	56.67	58.60	57.08	57.48	59.80	57.73	57.14	59.09	57.50	1.89952793407	100
33520	33520	72862	72862	57.25	58.83	57.65	56.70	58.58	57.17	57.42	59.83	57.75	57.12	59.08	57.52	1.90009130988	100
33620	33620	72762	72762	57.25	58.77	57.60	56.58	58.50	57.20	57.40	59.80	57.70	57.08	59.02	57.50	1.90076404442	100
33720	33720	72662	72662	57.23	58.80	57.58	56.55	58.40	57.17	57.30	59.75	57.67	57.02	58.98	57.48	1.90080449257	100
33820	33820	72562	72562	57.12	58.80	57.58	56.55	58.42	57.10	57.30	59.77	57.67	56.99	59.00	57.45	1.90132991725	100
33920	33920	72462	72462	57.17	58.83	57.55	56.48	58.38	57.12	57.15	59.77	57.67	56.93	58.99	57.45	1.90160290588	100
34020	34020	72362	72362	57.17	58.80	57.50	56.45	58.30	57.10	57.10	59.70	57.60	56.91	58.93	57.40	1.90215245404	100
34120	34120	72262	72262	57.10	58.73	57.58	56.48	58.27	57.12	57.05	59.67	57.55	56.88	58.89	57.42	1.9028055949	100
34220	34220	72162	72162	57.05	58.75	57.52	56.45	58.27	57.15	57.08	59.67	57.55	56.86	58.90	57.41	1.90304866901	100
34320	34320	72062	72062	57.08	58.77	57.50	56.45	58.30	57.08	57.00	59.65	57.58	56.84	58.91	57.38	1.90357210627	100
34420	34420	71962	71962	56.95	58.73	57.48	56.45	58.23	57.00	57.00	59.62	57.50	56.80	58.86	57.33	1.90350636611	100
34520	34520	71862	71862	56.95	58.58	57.45	56.42	58.17	57.00	56.90	59.62	57.48	56.76	58.79	57.31	1.90413462202	100
34620	34620	71762	71762	56.95	58.62	57.40	56.42	58.17	56.98	56.85	59.55	57.38	56.74	58.78	57.25	1.90424084001	100
34720	34720	71662	71662	56.95	58.60	57.38	56.38	58.10	56.80	56.85	59.52	57.38	56.73	58.74	57.18	1.9046450459	100
34820	34820	71562	71562	56.85	58.55	57.38	56.38	58.10	56.83	56.88	59.48	57.40	56.70	58.71	57.20	1.90465499413	100
34920	34920	71462	71462	56.85	58.50	57.38	56.35	58.00	56.80	56.83	59.48	57.38	56.67	58.66	57.18	1.90498135759	100
35020	35020	71362	71362	56.85	58.45	57.35	56.30	58.00	56.77	56.83	59.45	57.40	56.66	58.63	57.17	1.90502003963	100
35120	35120	71262	71262	56.83	58.50	57.35	56.25	57.98	56.75	56.83	59.35	57.40	56.63	58.61	57.17	1.90577809528	100
35220	35220	71162	71162	56.80	58.42	57.27	56.23	58.00	56.75	56.83	59.38	57.35	56.62	58.60	57.12	1.90613365227	100
35320	35320	71062	71062	56.80	58.50	57.27	56.23	58.00	56.77	56.80	59.38	57.38	56.61	58.62	57.14	1.90601650556	100
35420	35420	70962	70962	56.83	58.45	57.27	56.23	57.92	56.80	56.77	59.33	57.35	56.61	58.57	57.14	1.90605713985	100
35520	35520	70862	70862	56.73	58.40	57.25	56.17	57.90	56.77	56.77	59.30	57.35	56.56	58.53	57.12	1.9064117584	100
35620	35620	70762	70762	56.75	58.38	57.25	56.17	57.83	56.73	56.62	59.30	57.35	56.52	58.50	57.11	1.90721227878	100
35720	35720	70662	70662	56.73	58.42	57.27	56.12	57.85	56.70	56.60	59.23	57.30	56.48	58.50	57.09	1.90721382739	100
35820	35820	70562	70562	56.73	58.45	57.27	56.08	57.83	56.70	56.55	59.25	57.27	56.45	58.51	57.08	1.90714103661	100
35920	35920	70462	70462	56.73	58.38	57.20	56.02	57.83	56.73	56.60	59.17	57.20	56.45	58.46	57.04	1.90707121126	100
36020	36020	70362	70362	56.65	58.33	57.20	56.02	57.77	56.73	56.60	59.20	57.15	56.42	58.43	57.02	1.90705842727	100
36120	36120	70262	70262	56.60	58.35	57.23	55.98	57.73	56.67	56.58	59.12	57.12	56.38	58.40	57.01	1.90717412926	100
36220	36220	70162	70162	56.52	58.27	57.15	55.88	57.70	56.67	56.55	59.10	57.10	56.32	58.36	56.98	1.9075660737	100
36320	36320	70062	70062	56.50	58.25	57.20	55.80	57.70	56.67	56.45	59.08	57.10	56.25	58.34	56.99	1.90778660734	100
36420	36420	69962	69962	56.40	58.27	57.15	55.77	57.67	56.67	56.40	59.08	57.08	56.19	58.34	56.97	1.90840648229	100
36520	36520	69862	69862	56.42	58.23	57.10	55.77	57.65	56.65	56.45	59.10	57.05	56.22	58.33	56.93	1.90845778092	100
36620	36620	69762	69762	56.48	58.17	57.10	55.70	57.62	56.67	56.42	59.05	57.05	56.20	58.28	56.94	1.90808023005	100
36720	36720	69662	69662	56.45	58.12	57.08	55.60	57.60	56.65	56.33	59.00	57.08	56.12	58.24	56.93	1.90823859067	100
36820	36820	69562	69562	56.45	58.12	57.08	55.52	57.60	56.60	56.27	59.00	56.98	56.08	58.24	56.88	1.90824882256	100
36920	36920	69462	69462	56.45	58.10	57.08	55.58	57.65	56.62	56.25	58.98	56.95	56.09	58.24	56.88	1.90816332844	100
37020	37020	69362	69362	56.48	58.10	57.08	55.55	57.58	56.60	56.25	58.98	56.98	56.09	58.22	56.88	1.90860355903	100
37120	37120	69262	69262	56.45	58.12	57.00	55.52	57.55	56.55	56.27	59.00	56.92	56.08	58.23	56.83	1.90898099537	100
37220	37220	69162	69162	56.42	58.10	57.00	55.52	57.50	56.52	56.30	58.92	56.90	56.08	58.17	56.81	1.90892530357	100
37320	37320	69062	69062	56.40	58.10	56.98	55.50	57.58	56.52	56.25	58.90	56.85	56.05	58.19	56.78	1.90924950778	100
37420	37420	68962	68962	56.27	58.05	56.90	55.38	57.55	56.50	56.17	58.95	56.83	55.94	58.18	56.74	1.91014756431	100
37520	37520	68862	68862	56.20	58.05	56.88	55.35	57.52	56.52	56.23	58.85	56.77	55.92	58.14	56.73	1.91034612145	100
37620	37620	68762	68762	56.12	58.05	56.83	55.27	57.52	56.50	56.20	58.77	56.77	55.87	58.12	56.70	1.9098490198	100
37720	37720	68662	68662	56.15	58.02	56.80	55.25	57.55	56.40	56.12	58.73	56.80	55.84	58.10	56.67	1.90978274756	100
37820	37820	68562	68562	56.08	58.05	56.75	55.20	57.50	56.35	56.10	58.73	56.73	55.79	58.09	56.61	1.90986737242	100
37920	37920	68462	68462	56.08	57.88	56.77	55.17	57.48	56.30	56.12	58.70	56.75	55.79	58.02	56.61	1.9101588211	100
38020	38020	68362	68362	56.08	57.92	56.75	55.17	57.50	56.33	56.02	58.65	56.75	55.76	58.02	56.61	1.91072094872	100
38120	38120	68262	68262	56.00	57.88	56.70	55.20	57.42	56.20	55.98	58.55	56.75	55.73	57.95	56.55	1.91106037629	100
38220	38220	68162	68162	55.98	57.85	56.70	55.20	57.38	56.17	55.98	58.58	56.75	55.72	57.93	56.54	1.91113397252	100
38320	38320	68062	68062	55.90	57.85	56.65	55.15	57.45	56.17	55.92	58.58	56.73	55.66	57.96	56.52	1.9114925784	100
38420	38420	67962	67962	55.83	57.83	56.62	55.10	57.42	56.17	55.92	58.55	56.67	55.62	57.93	56.49	1.9121306694	100
38520	38520	67862	67862	55.83	57.80	56.67	55.12	57.42	56.15	55.88	58.55	56.65	55.61	57.92	56.49	1.91278000436	100
38620	38620	67762	67762	55.77	57.80	56.58	55.00	57.38	56.12	55.88	58.52	56.67	55.55	57.90	56.46	1.91258264882	100
38720	38720	67662	67662	55.85	57.77	56.62	54.95	57.40	56.15	55.83	58.52	56.60	55.54	57.90	56.46	1.91278077533	100
38820	38820	67562	67562	55.80	57.70	56.62	54.95	57.38	56.15	55.77	58.48	56.60	55.51	57.85	56.46	1.91297165766	100
38920	38920	67462	67462	55.80	57.75	56.65	54.95	57.38	56.15	55.85	58.45	56.60	55.53	57.86	56.47	1.91250884302	100
39020	39020	67362	67362	55.77	57.77	56.60	54.90	57.40	56.10	55.70	58.45	56.60	55.46	57.88	56.43	1.91276827615	100
39120	39120	67262	67262	55.75	57.77	56.60	54.85	57.40	56.10	55.73	58.40	56.55	55.44	57.86	56.42	1.91276608384	100
39220	39220	67162	67162	55.80	57.75	56.55	54.88	57.38	56.12	55.67	58.45	56.55	55.45	57.86	56.41	1.91324873575	100
39320	39320	67062	67062	55.83	57.73	56.52	54.85	57.38	56.10	55.67	58.48	56.52	55.45	57.86	56.38	1.91363802153	100
39420	39420	66962	66962	55.70	57.77	56.50	54.83	57.33	56.08	55.62	58.45	56.50	55.38	57.85	56.36	1.91391808687	100
39520	39520	66862	66862	55.55	57.77	56.50	54.80	57.30	56.05	55.60	58.45	56.55	55.32	57.84	56.37	1.91407791073	100
39620	39620	66762	66762	55.52	57.77	56.50	54.80	57.30	56.02	55.60	58.45	56.48	55.31	57.84	56.33	1.91379766435	100
39720	39720	66662	66662	55.50	57.75	56.50	54.80	57.30	56.00	55.58	58.45	56.33	55.29	57.83	56.27	1.91401613655	100
39820	39820	66562	66562	55.45	57.70	56.48	54.75	57.30	56.00	55.52	58.40	56.30	55.24	57.80	56.26	1.91419636187	100
39920	39920	66462	66462	55.38	57.65	56.42	54.67	57.30	55.98	55.48	58.38	56.33	55.17	57.77	56.24	1.91449513102	100
40020	40020	66362	66362	55.38	57.62	56.48	54.70	57.23	55.92	55.42	58.33	56.30	55.17	57.73	56.23	1.91464962578	100
40120	40120	66262	66262	55.35	57.58	56.45	54.67	57.23	55.92	55.45	58.35	56.27	55.16	57.72	56.22	1.91521544319	100
40220	40220	66162	66162	55.35	57.55	56.50	54.65	57.25	55.92	55.27	58.35	56.17	55.09	57.72	56.20	1.91531035585	100
40320	40320	66062	66062	55.42	57.62	56.42	54.58	57.23	55.88	55.27	58.35	56.15	55.09	57.73	56.15	1.91510757999	100
40420	40420	65962	65962	55.35	57.58	56.40	54.50	57.20	55.77	55.23	58.35	56.12	55.02	57.71	56.10	1.91578811146	100
40520	40520	65862	65862	55.35	57.55	56.38	54.50	57.20	55.73	55.25	58.33	56.05	55.03	57.69	56.05	1.91610407714	100
40620	40620	65762	65762	55.33	57.55	56.38	54.45	57.17	55.67	55.20	58.27	56.05	54.99	57.67	56.03	1.91680765885	100
40720	40720	65662	65662	55.27	57.55	56.35	54.42	57.15	55.65	55.15	58.20	56.05	54.95	57.63	56.02	1.91672387615	100
40820	40820	65562	65562	55.23	57.52	56.35	54.40	57.17	55.65	55.15	58.12	56.02	54.92	57.61	56.01	1.91665052975	100
40920	40920	65462	65462	55.23	57.50	56.30	54.40	57.10	55.60	55.17	58.05	56.02	54.93	57.55	55.98	1.9167936845	100
41020	41020	65362	65362	55.15	57.48	56.25	54.35	57.10	55.58	55.08	58.02	55.98	54.86	57.53	55.93	1.91726329343	100
41120	41120	65262	65262	55.12	57.48	56.25	54.35	57.10	55.55	55.00	58.10	55.98	54.83	57.56	55.92	1.91746334065	100
41220	41220	65162	65162	55.08	57.48	56.17	54.27	57.10	55.50	54.98	58.15	55.95	54.77	57.58	55.88	1.91753284922	100
41320	41320	65062	65062	55.08	57.38	56.20	54.23	57.08	55.50	54.98	58.10	55.95	54.76	57.52	55.88	1.9181804773	100
41420	41420	64962	64962	55.08	57.40	56.10	54.23	57.12	55.50	54.92	58.10	55.90	54.74	57.54	55.83	1.91856283294	100
41520	41520	64862	64862	55.08	57.38	56.08	54.17	57.08	55.50	54.95	58.08	55.88	54.73	57.51	55.82	1.91921617824	100
41620	41620	64762	64762	55.00	57.38	56.08	54.12	57.05	55.48	54.98	58.05	55.85	54.70	57.49	55.80	1.91973779439	100
41720	41720	64662	64662	55.00	57.38	56.02	54.12	57.02	55.42	54.98	58.02	55.77	54.70	57.48	55.74	1.91999691807	100
41820	41820	64562	64562	55.00	57.33	56.02	54.08	57.02	55.42	54.95	58.02	55.70	54.67	57.46	55.72	1.92011831877	100
41920	41920	64462	64462	54.95	57.27	56.02	54.12	57.08	55.38	54.98	57.98	55.73	54.68	57.44	55.71	1.92039209582	100
42020	42020	64362	64362	54.95	57.25	56.02	54.10	57.00	55.38	54.95	57.95	55.73	54.67	57.40	55.71	1.92043986609	100
42120	42120	64262	64262	54.92	57.25	56.00	54.02	57.05	55.38	54.98	57.90	55.67	54.64	57.40	55.68	1.92068950147	100
42220	42220	64162	64162	54.92	57.25	56.00	54.00	57.00	55.38	54.92	57.92	55.65	54.62	57.39	55.67	1.92053842934	100
42320	42320	64062	64062	54.90	57.25	56.00	53.92	57.00	55.35	54.92	57.88	55.65	54.58	57.38	55.67	1.92064838619	100
42420	42420	63962	63962	54.88	57.25	55.95	53.98	57.00	55.35	54.88	57.90	55.62	54.58	57.38	55.64	1.9207839884	100
42520	42520	63862	63862	54.88	57.25	55.88	54.00	57.02	55.35	54.85	57.95	55.60	54.58	57.41	55.61	1.92144391768	100
42620	42620	63762	63762	54.90	57.25	55.85	54.02	57.00	55.35	54.83	57.85	55.60	54.58	57.37	55.60	1.92194530914	100
42720	42720	63662	63662	54.88	57.25	55.85	53.92	56.98	55.35	54.80	57.85	55.52	54.53	57.36	55.58	1.92198868201	100
42820	42820	63562	63562	54.83	57.20	55.80	53.90	57.00	55.33	54.80	57.83	55.52	54.51	57.34	55.55	1.92250703466	100
42920	42920	63462	63462	54.85	57.20	55.80	53.98	57.02	55.33	54.83	57.77	55.50	54.55	57.33	55.54	1.92260832327	100
43020	43020	63362	63362	54.85	57.17	55.77	53.98	56.98	55.33	54.80	57.70	55.48	54.54	57.28	55.52	1.92303057529	100
43120	43120	63262	63262	54.77	57.15	55.77	53.92	56.90	55.27	54.77	57.73	55.48	54.49	57.26	55.51	1.92325944008	100
43220	43220	63162	63162	54.77	57.12	55.77	53.92	56.92	55.25	54.75	57.60	55.45	54.48	57.22	55.49	1.92315285256	100
43320	43320	63062	63062	54.75	57.12	55.75	53.95	56.85	55.23	54.75	57.60	55.42	54.48	57.19	55.47	1.9236385096	100
43420	43420	62962	62962	54.75	57.12	55.77	53.92	56.95	55.20	54.70	57.55	55.40	54.46	57.21	55.46	1.92399384333	100
43520	43520	62862	62862	54.73	57.12	55.77	53.92	56.92	55.17	54.70	57.52	55.38	54.45	57.19	55.44	1.92461637295	100
43620	43620	62762	62762	54.73	57.10	55.77	53.92	56.80	55.17	54.70	57.52	55.38	54.45	57.14	55.44	1.9249695614	100
43720	43720	62662	62662	54.70	57.10	55.80	53.88	56.83	55.17	54.65	57.55	55.38	54.41	57.16	55.45	1.92536569177	100
43820	43820	62562	62562	54.67	57.08	55.77	53.85	56.85	55.17	54.67	57.52	55.38	54.40	57.15	55.44	1.92524527857	100
43920	43920	62462	62462	54.67	57.08	55.75	53.90	56.85	55.15	54.65	57.48	55.38	54.41	57.13	55.42	1.92566859294	100
44020	44020	62362	62362	54.65	57.05	55.73	53.90	56.83	55.15	54.62	57.42	55.38	54.39	57.10	55.42	1.92571356782	100
44120	44120	62262	62262	54.62	57.02	55.70	53.85	56.83	55.12	54.62	57.40	55.35	54.37	57.08	55.39	1.92643937448	100
44220	44220	62162	62162	54.62	57.02	55.67	53.85	56.83	55.12	54.62	57.40	55.35	54.37	57.08	55.38	1.92727286768	100
44320	44320	62062	62062	54.60	57.05	55.67	53.85	56.83	55.10	54.62	57.35	55.33	54.36	57.08	55.37	1.92751082294	100
44420	44420	61962	61962	54.62	57.05	55.67	53.80	56.83	55.08	54.58	57.35	55.30	54.33	57.08	55.35	1.92787388318	100
44520	44520	61862	61862	54.62	57.08	55.65	53.80	56.83	55.02	54.58	57.33	55.33	54.33	57.08	55.33	1.92776316177	100
44620	44620	61762	61762	54.62	57.02	55.65	53.83	56.80	54.95	54.58	57.25	55.30	54.34	57.02	55.30	1.92755272115	100
44720	44720	61662	61662	54.62	57.00	55.62	53.83	56.77	54.98	54.52	57.30	55.30	54.33	57.02	55.30	1.92743747114	100
44820	44820	61562	61562	54.62	57.02	55.58	53.80	56.75	54.98	54.52	57.33	55.27	54.32	57.03	55.27	1.92743461753	100
44920	44920	61462	61462	54.60	57.02	55.55	53.80	56.77	55.00	54.48	57.20	55.23	54.29	57.00	55.26	1.92789402387	100
45020	45020	61362	61362	54.60	57.00	55.55	53.75	56.77	54.95	54.45	57.27	55.17	54.27	57.02	55.23	1.92842216769	100
45120	45120	61262	61262	54.60	57.02	55.52	53.77	56.77	54.92	54.45	57.20	55.17	54.27	57.00	55.21	1.92886780928	100
45220	45220	61162	61162	54.62	57.02	55.50	53.73	56.77	54.90	54.48	57.20	55.23	54.27	57.00	55.21	1.92948888144	100
45320	45320	61062	61062	54.67	57.00	55.55	53.70	56.73	54.88	54.48	57.15	55.25	54.28	56.96	55.23	1.92924632398	100
45420	45420	60962	60962	54.70	56.95	55.55	53.67	56.70	54.88	54.38	57.17	55.20	54.25	56.94	55.21	1.92970557357	100
45520	45520	60862	60862	54.70	56.90	55.55	53.67	56.67	54.88	54.42	57.20	55.20	54.27	56.92	55.21	1.92967156809	100
45620	45620	60762	60762	54.73	56.92	55.58	53.65	56.67	54.88	54.42	57.23	55.20	54.27	56.94	55.22	1.92999526632	100
45720	45720	60662	60662	54.70	56.92	55.58	53.65	56.62	54.90	54.38	57.23	55.17	54.24	56.92	55.22	1.9303050286	100
45820	45820	60562	60562	54.70	56.95	55.58	53.65	56.62	54.88	54.35	57.27	55.15	54.23	56.95	55.20	1.92970730265	100
45920	45920	60462	60462	54.70	56.92	55.55	53.62	56.65	54.88	54.35	57.27	55.12	54.23	56.95	55.18	1.929856128	100
46020	46020	60362	60362	54.70	56.92	55.55	53.62	56.67	54.88	54.35	57.27	55.12	54.23	56.96	55.18	1.9298824496	100
46120	46120	60262	60262	54.73	56.92	55.52	53.62	56.67	54.88	54.38	57.30	55.08	54.24	56.97	55.16	1.92994762442	100
46220	46220	60162	60162	54.73	56.88	55.50	53.62	56.67	54.88	54.38	57.23	55.08	54.24	56.92	55.15	1.93029899256	100
46320	46320	60062	60062	54.62	56.88	55.45	53.60	56.67	54.85	54.35	57.23	55.02	54.19	56.92	55.11	1.93025571394	100
46420	46420	59962	59962	54.60	56.90	55.45	53.62	56.65	54.88	54.35	57.25	55.02	54.19	56.93	55.12	1.93027530302	100
46520	46520	59862	59862	54.60	56.88	55.45	53.62	56.58	54.88	54.35	57.20	55.02	54.19	56.88	55.12	1.93039672711	100
46620	46620	59762	59762	54.58	56.83	55.42	53.60	56.60	54.90	54.35	57.20	55.02	54.17	56.88	55.12	1.93027667271	100
46720	46720	59662	59662	54.58	56.85	55.42	53.60	56.58	54.92	54.33	57.15	55.00	54.17	56.86	55.12	1.93057679573	100
46820	46820	59562	59562	54.60	56.77	55.42	53.60	56.52	54.90	54.35	57.12	55.00	54.18	56.81	55.11	1.93070127018	100
46920	46920	59462	59462	54.60	56.80	55.42	53.58	56.48	54.90	54.33	57.15	55.02	54.17	56.81	55.12	1.93121492967	100
47020	47020	59362	59362	54.55	56.80	55.40	53.58	56.35	54.90	54.35	57.17	55.00	54.16	56.77	55.10	1.93124038965	100
47120	47120	59262	59262	54.55	56.80	55.38	53.55	56.38	54.88	54.33	57.15	55.05	54.14	56.77	55.10	1.93118629336	100
47220	47220	59162	59162	54.55	56.83	55.35	53.55	56.38	54.83	54.35	57.12	55.05	54.15	56.77	55.08	1.93119131714	100
47320	47320	59062	59062	54.55	56.77	55.35	53.52	56.38	54.80	54.35	57.05	55.05	54.14	56.73	55.07	1.93196766489	100
47420	47420	58962	58962	54.55	56.70	55.35	53.52	56.33	54.80	54.35	57.05	55.08	54.14	56.69	55.08	1.93257660742	100
47520	47520	58862	58862	54.52	56.75	55.33	53.52	56.33	54.83	54.33	57.08	55.08	54.12	56.72	55.08	1.93264116865	100
47620	47620	58762	58762	54.52	56.73	55.33	53.52	56.33	54.80	54.35	57.00	55.08	54.13	56.68	55.07	1.93250064443	100
47720	47720	58662	58662	54.52	56.70	55.33	53.50	56.33	54.80	54.38	57.02	55.08	54.13	56.68	55.07	1.93276324379	100
47820	47820	58562	58562	54.52	56.73	55.27	53.50	56.38	54.77	54.35	57.02	55.08	54.12	56.71	55.04	1.93275652903	100
47920	47920	58462	58462	54.50	56.65	55.25	53.50	56.33	54.75	54.38	56.98	55.05	54.12	56.65	55.02	1.93281307223	100
48020	48020	58362	58362	54.48	56.70	55.27	53.48	56.33	54.73	54.42	56.95	55.08	54.12	56.66	55.02	1.93302430391	100
48120	48120	58262	58262	54.48	56.67	55.25	53.48	56.33	54.70	54.40	56.92	55.02	54.12	56.64	54.99	1.93325771263	100
48220	48220	58162	58162	54.55	56.60	55.23	53.48	56.33	54.70	54.42	56.88	55.02	54.15	56.60	54.98	1.93341724705	100
48320	48320	58062	58062	54.55	56.55	55.20	53.45	56.30	54.65	54.38	56.88	55.08	54.12	56.58	54.98	1.93387837676	100
48420	48420	57962	57962	54.52	56.58	55.17	53.45	56.30	54.65	54.38	56.92	55.02	54.12	56.60	54.95	1.93391999418	100
48520	48520	57862	57862	54.52	56.58	55.17	53.45	56.27	54.62	54.38	56.90	55.05	54.12	56.58	54.95	1.93389279355	100
48620	48620	57762	57762	54.55	56.55	55.17	53.48	56.30	54.60	54.38	56.85	55.05	54.13	56.57	54.94	1.93390946746	100
48720	48720	57662	57662	54.58	56.48	55.15	53.48	56.27	54.62	54.38	56.85	55.02	54.14	56.53	54.93	1.93366308241	100
48820	48820	57562	57562	54.58	56.48	55.17	53.40	56.23	54.60	54.33	56.88	55.02	54.10	56.52	54.93	1.93396620372	100
48920	48920	57462	57462	54.55	56.48	55.15	53.42	56.23	54.62	54.33	56.92	55.00	54.10	56.54	54.92	1.93438552972	100
49020	49020	57362	57362	54.50	56.45	55.15	53.40	56.20	54.62	54.33	56.88	55.00	54.08	56.51	54.92	1.93491107715	100
49120	49120	57262	57262	54.52	56.48	55.10	53.38	56.23	54.62	54.38	56.83	55.05	54.09	56.51	54.92	1.93457972568	100
49220	49220	57162	57162	54.52	56.45	55.12	53.40	56.25	54.60	54.38	56.83	55.05	54.10	56.51	54.92	1.93477580515	100
49320	49320	57062	57062	54.48	56.45	55.12	53.42	56.25	54.60	54.38	56.77	55.05	54.09	56.49	54.92	1.9354156679	100
49420	49420	56962	56962	54.48	56.45	55.12	53.42	56.33	54.60	54.38	56.77	55.05	54.09	56.52	54.92	1.93587234685	100
49520	49520	56862	56862	54.45	56.45	55.12	53.40	56.23	54.62	54.42	56.73	55.02	54.09	56.47	54.92	1.9363030517	100
49620	49620	56762	56762	54.48	56.42	55.12	53.40	56.25	54.60	54.42	56.75	54.98	54.10	56.48	54.90	1.93673553205	100
49720	49720	56662	56662	54.42	56.45	55.12	53.40	56.17	54.58	54.42	56.70	54.92	54.08	56.44	54.88	1.9371600367	100
49820	49820	56562	56562	54.45	56.42	55.12	53.40	56.17	54.55	54.42	56.70	54.88	54.09	56.43	54.85	1.93836193613	100
49920	49920	56462	56462	54.45	56.40	55.12	53.38	56.15	54.55	54.42	56.73	54.90	54.08	56.42	54.86	1.93969853541	100
50020	50020	56362	56362	54.50	56.38	55.12	53.35	56.15	54.48	54.42	56.75	54.88	54.09	56.42	54.83	1.94083140581	100
50120	50120	56262	56262	54.45	56.33	55.15	53.33	56.10	54.48	54.45	56.73	54.88	54.08	56.38	54.83	1.94193394379	100
50220	50220	56162	56162	54.45	56.27	55.12	53.38	56.08	54.45	54.45	56.77	54.85	54.09	56.38	54.81	1.94139072402	100
50320	50320	56062	56062	54.45	56.25	55.15	53.38	56.12	54.48	54.45	56.73	54.85	54.09	56.37	54.83	1.94170879742	100
50420	50420	55962	55962	54.38	56.25	55.15	53.40	56.12	54.48	54.45	56.67	54.80	54.08	56.35	54.81	1.942646385	100
50520	50520	55862	55862	54.40	56.23	55.15	53.42	56.05	54.48	54.42	56.65	54.77	54.08	56.31	54.80	1.94313407365	100
50620	50620	55762	55762	54.38	56.17	55.10	53.45	56.00	54.52	54.45	56.60	54.77	54.09	56.26	54.80	1.94437146269	100
50720	50720	55662	55662	54.35	56.25	55.12	53.45	56.05	54.52	54.42	56.60	54.77	54.08	56.30	54.81	1.94518491272	100
50820	50820	55562	55562	54.38	56.20	55.10	53.45	56.05	54.50	54.40	56.55	54.77	54.08	56.27	54.79	1.94641091576	100
50920	50920	55462	55462	54.38	56.17	55.10	53.42	56.08	54.48	54.42	56.52	54.75	54.08	56.26	54.77	1.94690653248	100
51020	51020	55362	55362	54.35	56.17	55.08	53.40	56.00	54.48	54.42	56.55	54.73	54.06	56.24	54.76	1.94771346521	100
51120	51120	55262	55262	54.33	56.17	55.08	53.40	56.00	54.48	54.42	56.58	54.75	54.05	56.25	54.77	1.94825969638	100
51220	51220	55162	55162	54.33	56.17	55.05	53.40	56.02	54.50	54.48	56.50	54.70	54.07	56.23	54.75	1.94893307689	100
51320	51320	55062	55062	54.33	56.12	55.05	53.42	56.05	54.50	54.45	56.48	54.70	54.07	56.22	54.75	1.94965115604	100
51420	51420	54962	54962	54.30	56.12	55.05	53.42	56.02	54.50	54.42	56.45	54.67	54.05	56.20	54.74	1.94898231166	100
51520	51520	54862	54862	54.30	56.12	55.02	53.48	56.02	54.50	54.40	56.42	54.67	54.06	56.19	54.73	1.94931771554	100
51620	51620	54762	54762	54.30	56.10	55.00	53.48	56.00	54.48	54.38	56.45	54.67	54.05	56.18	54.72	1.94910856311	100
51720	51720	54662	54662	54.30	56.12	55.00	53.45	56.02	54.48	54.40	56.45	54.67	54.05	56.20	54.72	1.94911402087	100
51820	51820	54562	54562	54.30	56.10	54.98	53.45	56.02	54.58	54.40	56.45	54.67	54.05	56.19	54.74	1.94889774922	100
51920	51920	54462	54462	54.30	56.10	54.95	53.45	56.02	54.55	54.35	56.42	54.67	54.03	56.18	54.73	1.94851558625	100
52020	52020	54362	54362	54.30	56.08	54.95	53.42	56.08	54.58	54.38	56.42	54.67	54.03	56.19	54.73	1.94777204814	100
52120	52120	54262	54262	54.27	56.08	54.95	53.45	56.02	54.58	54.38	56.42	54.67	54.03	56.17	54.73	1.94780490605	100
52220	52220	54162	54162	54.27	56.08	54.90	53.45	55.95	54.60	54.38	56.40	54.65	54.03	56.14	54.72	1.9477968124	100
52320	52320	54062	54062	54.20	56.05	54.90	53.45	55.92	54.58	54.38	56.42	54.65	54.01	56.13	54.71	1.94774863098	100
52420	52420	53962	53962	54.23	56.08	54.95	53.50	55.98	54.60	54.38	56.40	54.67	54.03	56.15	54.74	1.94717242524	100
52520	52520	53862	53862	54.20	56.02	54.95	53.50	55.95	54.60	54.38	56.38	54.70	54.02	56.12	54.75	1.94715590546	100
52620	52620	53762	53762	54.27	56.02	54.95	53.45	55.98	54.58	54.35	56.35	54.70	54.02	56.12	54.74	1.94707138323	100
52720	52720	53662	53662	54.23	56.05	54.95	53.50	55.98	54.58	54.35	56.35	54.70	54.02	56.12	54.74	1.94714435781	100
52820	52820	53562	53562	54.23	56.05	54.95	53.58	56.00	54.60	54.38	56.42	54.70	54.06	56.16	54.75	1.94698947705	100
52920	52920	53462	53462	54.20	56.10	54.95	53.52	56.00	54.60	54.38	56.38	54.70	54.03	56.16	54.75	1.94718943942	100
53020	53020	53362	53362	54.20	56.08	54.95	53.55	56.02	54.62	54.38	56.38	54.70	54.04	56.16	54.76	1.9472209516	100
53120	53120	53262	53262	54.20	56.10	54.95	53.55	56.02	54.65	54.35	56.38	54.65	54.03	56.17	54.75	1.94667534196	100
53220	53220	53162	53162	54.20	56.10	54.92	53.52	56.05	54.62	54.35	56.35	54.62	54.02	56.17	54.73	1.94668968539	100
53320	53320	53062	53062	54.20	56.02	54.90	53.52	56.02	54.62	54.35	56.35	54.62	54.02	56.13	54.72	1.94695538862	100
53420	53420	52962	52962	54.20	56.02	54.90	53.52	56.02	54.62	54.35	56.30	54.65	54.02	56.12	54.73	1.94660583439	100
53520	53520	52862	52862	54.15	56.08	54.90	53.55	55.98	54.62	54.35	56.35	54.62	54.02	56.13	54.72	1.94678503057	100
53620	53620	52762	52762	54.15	56.10	54.92	53.55	56.00	54.60	54.35	56.35	54.62	54.02	56.15	54.72	1.94626923155	100
53720	53720	52662	52662	54.15	56.08	54.92	53.55	56.00	54.60	54.35	56.38	54.62	54.02	56.15	54.72	1.94610159401	100
53820	53820	52562	52562	54.20	56.10	54.92	53.58	56.05	54.60	54.35	56.40	54.62	54.04	56.18	54.72	1.94581542906	100
53920	53920	52462	52462	54.20	56.10	54.98	53.58	56.00	54.58	54.35	56.42	54.62	54.04	56.17	54.73	1.94583857603	100
54020	54020	52362	52362	54.20	56.10	54.95	53.58	56.02	54.58	54.33	56.38	54.60	54.03	56.17	54.71	1.9457633447	100
54120	54120	52262	52262	54.20	56.15	54.92	53.55	56.02	54.62	54.33	56.35	54.60	54.02	56.17	54.72	1.94552273206	100
54220	54220	52162	52162	54.20	56.10	54.95	53.55	56.02	54.58	54.33	56.33	54.60	54.02	56.15	54.71	1.94593225575	100
54320	54320	52062	52062	54.15	56.08	54.95	53.58	56.08	54.58	54.35	56.33	54.62	54.02	56.16	54.72	1.94552757112	100
54420	54420	51962	51962	54.12	56.12	54.95	53.55	56.08	54.60	54.35	56.33	54.62	54.01	56.17	54.73	1.94565573408	100
54520	54520	51862	51862	54.10	56.10	54.92	53.55	56.08	54.60	54.33	56.35	54.62	53.99	56.17	54.72	1.94611169338	100
54620	54620	51762	51762	54.12	56.10	54.92	53.55	56.05	54.62	54.33	56.33	54.62	54.00	56.16	54.73	1.9460559123	100
54720	54720	51662	51662	54.15	56.08	54.92	53.55	56.05	54.60	54.35	56.33	54.62	54.02	56.15	54.72	1.94611963307	100
54820	54820	51562	51562	54.15	56.08	54.98	53.55	56.10	54.60	54.33	56.38	54.62	54.01	56.18	54.73	1.94599983078	100
54920	54920	51462	51462	54.15	56.12	54.98	53.58	56.08	54.60	54.35	56.33	54.67	54.02	56.17	54.75	1.9468661804	100
55020	55020	51362	51362	54.10	56.15	54.95	53.55	56.12	54.60	54.35	56.35	54.67	54.00	56.21	54.74	1.94729362155	100
55120	55120	51262	51262	54.10	56.15	54.95	53.55	56.15	54.60	54.40	56.30	54.67	54.02	56.20	54.74	1.9474546716	100
55220	55220	51162	51162	54.10	56.15	54.92	53.55	56.15	54.60	54.38	56.30	54.67	54.01	56.20	54.73	1.94797822508	100
55320	55320	51062	51062	54.10	56.15	54.92	53.52	56.12	54.62	54.40	56.30	54.67	54.01	56.19	54.74	1.94769315346	100
55420	55420	50962	50962	54.10	56.17	54.90	53.55	56.15	54.62	54.40	56.30	54.65	54.02	56.21	54.73	1.94740455722	100
55520	55520	50862	50862	54.15	56.17	54.98	53.50	56.15	54.62	54.35	56.27	54.65	54.00	56.20	54.75	1.94733476171	100
55620	55620	50762	50762	54.12	56.17	54.95	53.55	56.12	54.65	54.33	56.30	54.67	54.00	56.20	54.76	1.9472608091	100
55720	55720	50662	50662	54.12	56.15	55.02	53.55	56.10	54.67	54.35	56.30	54.65	54.01	56.18	54.78	1.94724345482	100
55820	55820	50562	50562	54.15	56.12	55.00	53.58	56.08	54.67	54.38	56.30	54.62	54.03	56.17	54.77	1.94757342214	100
55920	55920	50462	50462	54.17	56.12	54.98	53.58	56.08	54.67	54.40	56.35	54.73	54.05	56.18	54.79	1.94722956626	100
56020	56020	50362	50362	54.17	56.10	55.00	53.55	56.08	54.65	54.35	56.35	54.70	54.02	56.17	54.78	1.94694971553	100
56120	56120	50262	50262	54.17	56.12	55.02	53.58	56.10	54.67	54.35	56.35	54.67	54.03	56.19	54.79	1.94683716972	100
56220	56220	50162	50162	54.17	56.10	55.02	53.58	56.10	54.67	54.38	56.35	54.67	54.04	56.18	54.79	1.9467346389	100
56320	56320	50062	50062	54.17	56.10	55.02	53.58	56.12	54.67	54.42	56.33	54.65	54.06	56.18	54.78	1.94677965128	100
56420	56420	49962	49962	54.17	56.12	55.02	53.55	56.15	54.70	54.40	56.30	54.65	54.04	56.19	54.79	1.94658780003	100
56520	56520	49862	49862	54.20	56.12	55.02	53.55	56.15	54.67	54.40	56.25	54.67	54.05	56.17	54.79	1.94696087287	100
56620	56620	49762	49762	54.20	56.10	55.02	53.58	56.12	54.67	54.38	56.27	54.70	54.05	56.17	54.80	1.94683296956	100
56720	56720	49662	49662	54.17	56.15	55.02	53.58	56.12	54.67	54.40	56.25	54.70	54.05	56.17	54.80	1.94614223963	100
56820	56820	49562	49562	54.15	56.10	55.00	53.58	56.15	54.70	54.40	56.25	54.70	54.04	56.17	54.80	1.94587487667	100
56920	56920	49462	49462	54.17	56.12	55.00	53.55	56.12	54.70	54.42	56.27	54.70	54.05	56.17	54.80	1.94566407031	100
57020	57020	49362	49362	54.17	56.12	55.00	53.55	56.15	54.67	54.40	56.27	54.67	54.04	56.18	54.78	1.94543870177	100
57120	57120	49262	49262	54.20	56.10	55.00	53.58	56.17	54.65	54.38	56.30	54.67	54.05	56.19	54.77	1.9451345717	100
57220	57220	49162	49162	54.23	56.12	55.00	53.58	56.17	54.65	54.38	56.30	54.65	54.06	56.20	54.77	1.9455309912	100
57320	57320	49062	49062	54.23	56.10	55.00	53.60	56.08	54.65	54.40	56.27	54.62	54.08	56.15	54.76	1.94530705712	100
57420	57420	48962	48962	54.23	56.10	55.00	53.60	56.15	54.65	54.40	56.27	54.62	54.08	56.17	54.76	1.94478576357	100
57520	57520	48862	48862	54.20	56.10	55.00	53.60	56.15	54.65	54.40	56.27	54.65	54.07	56.17	54.77	1.94464918317	100
57620	57620	48762	48762	54.23	56.08	54.95	53.60	56.12	54.67	54.40	56.23	54.65	54.08	56.14	54.76	1.94405690856	100
57720	57720	48662	48662	54.27	56.08	54.95	53.60	56.12	54.67	54.42	56.27	54.65	54.10	56.16	54.76	1.94370276801	100
57820	57820	48562	48562	54.25	56.10	54.95	53.62	56.08	54.70	54.42	56.27	54.62	54.10	56.15	54.76	1.9431899675	100
57920	57920	48462	48462	54.25	56.08	54.95	53.60	56.10	54.70	54.40	56.27	54.62	54.08	56.15	54.76	1.94273703581	100
58020	58020	48362	48362	54.25	56.10	55.00	53.55	56.12	54.70	54.40	56.25	54.62	54.07	56.16	54.77	1.94249542593	100
58120	58120	48262	48262	54.27	56.05	54.98	53.55	56.12	54.70	54.40	56.23	54.62	54.08	56.13	54.77	1.94264819088	100
58220	58220	48162	48162	54.25	56.02	55.00	53.55	56.10	54.67	54.38	56.23	54.60	54.06	56.12	54.76	1.94246424253	100
58320	58320	48062	48062	54.25	56.02	55.00	53.52	56.08	54.70	54.38	56.27	54.58	54.05	56.12	54.76	1.94230765417	100
58420	58420	47962	47962	54.25	56.02	54.98	53.52	56.08	54.70	54.33	56.27	54.65	54.03	56.12	54.77	1.94244350459	100
58520	58520	47862	47862	54.27	56.05	54.95	53.48	56.12	54.70	54.27	56.25	54.60	54.01	56.14	54.75	1.94242617338	100
58620	58620	47762	47762	54.27	56.02	54.95	53.48	56.02	54.73	54.27	56.23	54.60	54.01	56.09	54.76	1.94216343813	100
58720	58720	47662	47662	54.25	55.95	54.95	53.48	56.00	54.70	54.25	56.23	54.60	53.99	56.06	54.75	1.94177189891	100
58820	58820	47562	47562	54.25	55.98	54.98	53.48	56.00	54.70	54.25	56.20	54.60	53.99	56.06	54.76	1.9417098741	100
58920	58920	47462	47462	54.17	55.98	55.00	53.48	56.02	54.70	54.30	56.23	54.60	53.98	56.08	54.77	1.94190340191	100
59020	59020	47362	47362	54.20	55.95	55.00	53.45	55.90	54.67	54.27	56.17	54.62	53.98	56.01	54.77	1.94144374978	100
59120	59120	47262	47262	54.23	55.95	54.98	53.45	55.92	54.70	54.27	56.15	54.62	53.98	56.01	54.77	1.94104789891	100
59220	59220	47162	47162	54.20	55.92	54.98	53.48	55.95	54.77	54.20	56.12	54.62	53.96	56.00	54.79	1.94097411424	100
59320	59320	47062	47062	54.17	55.95	54.98	53.45	55.95	54.77	54.20	56.12	54.62	53.94	56.01	54.79	1.94060199077	100
59420	59420	46962	46962	54.17	55.95	55.00	53.48	55.92	54.77	54.20	56.17	54.62	53.95	56.02	54.80	1.94024605217	100
59520	59520	46862	46862	54.17	55.95	55.02	53.45	55.95	54.77	54.20	56.17	54.62	53.94	56.02	54.81	1.94005446668	100
59620	59620	46762	46762	54.20	55.90	55.00	53.45	55.95	54.80	54.23	56.17	54.62	53.96	56.01	54.81	1.93916641803	100
59720	59720	46662	46662	54.15	55.90	54.98	53.45	55.92	54.77	54.23	56.20	54.62	53.94	56.01	54.79	1.93853502028	100
59820	59820	46562	46562	54.20	55.92	55.02	53.45	55.92	54.83	54.25	56.17	54.65	53.97	56.01	54.83	1.93794055699	100
59920	59920	46462	46462	54.23	55.95	55.08	53.42	55.92	54.85	54.23	56.17	54.65	53.96	56.02	54.86	1.93724564244	100
60020	60020	46362	46362	54.20	55.95	55.08	53.42	55.98	54.85	54.25	56.17	54.62	53.96	56.03	54.85	1.93679698098	100
60120	60120	46262	46262	54.23	55.95	55.08	53.42	55.95	54.85	54.27	56.20	54.67	53.98	56.03	54.87	1.93605989389	100
60220	60220	46162	46162	54.25	55.98	55.05	53.42	55.95	54.88	54.27	56.20	54.70	53.98	56.04	54.88	1.9356292851	100
60320	60320	46062	46062	54.25	56.00	55.05	53.42	55.92	54.88	54.27	56.20	54.70	53.98	56.04	54.88	1.93583000958	100
60420	60420	45962	45962	54.25	56.02	55.05	53.42	55.95	54.83	54.27	56.17	54.70	53.98	56.05	54.86	1.93813942051	100
60520	60520	45862	45862	54.25	56.02	55.05	53.42	55.92	54.83	54.27	56.17	54.70	53.98	56.04	54.86	1.95092548845	100
60620	60620	45762	45762	54.25	55.98	55.05	53.45	56.02	54.83	54.27	56.17	54.70	53.99	56.06	54.86	1.94053796021	100
