12120	12120	94562	94562	75.03	77.75	79.85	74.58	77.65	79.25	75.28	78.53	79.90	74.96	77.97	79.67	1.97863724471
12120	12120	93562	93562	75.10	77.75	79.85	74.55	77.62	79.25	75.28	78.53	79.90	74.97	77.97	79.67	1.964249072	50
12170	12170	93512	93512	75.22	77.55	79.75	74.72	77.28	79.12	75.62	78.60	79.88	75.19	77.81	79.58	1.9546485987	50
12220	12220	93462	93462	75.60	77.60	79.83	74.78	77.40	79.28	75.92	78.88	79.88	75.43	77.96	79.66	1.94403071948	50
12270	12270	93412	93412	75.65	77.33	79.85	74.85	77.40	79.08	76.12	78.55	79.70	75.54	77.76	79.54	1.93109134496	50
12320	12320	93362	93362	75.45	77.28	79.85	74.85	77.53	79.10	76.22	78.85	79.75	75.51	77.88	79.57	1.9228401192	50
12370	12370	93312	93312	75.75	77.33	79.62	74.85	77.40	79.22	76.15	78.80	79.88	75.58	77.84	79.58	1.91772721568	50
12420	12420	93262	93262	75.75	77.17	79.70	75.03	77.15	79.15	76.03	78.92	80.08	75.60	77.75	79.64	1.91737609029	50
12470	12470	93212	93212	75.60	77.62	79.78	74.92	77.10	79.20	76.15	78.80	79.95	75.56	77.84	79.64	1.90742095136	50
12520	12520	93162	93162	75.67	77.42	79.65	75.12	77.05	79.35	76.08	78.72	80.25	75.62	77.73	79.75	1.90266195978	50
12570	12570	93112	93112	75.80	77.78	79.75	75.17	77.38	79.30	76.30	78.80	80.03	75.76	77.98	79.69	1.89375940606	50
12620	12620	93062	93062	75.78	77.78	79.67	75.22	77.22	79.12	76.17	78.97	80.12	75.72	77.99	79.64	1.89012181515	50
12670	12670	93012	93012	75.92	77.60	79.67	75.33	77.35	79.08	76.45	78.72	80.25	75.90	77.89	79.67	1.88408573158	50
12720	12720	92962	92962	76.00	77.45	79.70	75.30	77.22	78.90	76.38	78.60	79.95	75.89	77.76	79.52	1.87839089722	50
12770	12770	92912	92912	76.00	77.47	79.55	75.22	77.00	78.65	76.35	78.55	80.10	75.86	77.67	79.43	1.87052529798	50
12820	12820	92862	92862	75.95	77.65	79.45	75.12	76.83	78.47	76.25	78.47	79.97	75.78	77.65	79.30	1.86643900533	50
12870	12870	92812	92812	75.92	77.60	79.50	75.05	76.72	78.33	76.42	78.42	80.15	75.80	77.58	79.33	1.85766736028	50
12920	12920	92762	92762	75.95	77.45	79.35	75.08	76.78	78.40	76.35	78.00	79.97	75.79	77.41	79.24	1.86054564118	50
12970	12970	92712	92712	75.70	77.38	79.50	75.15	76.83	78.53	76.53	78.30	80.08	75.79	77.50	79.37	1.85918238378	50
13020	13020	92662	92662	75.80	77.58	79.55	75.22	76.80	78.50	76.60	78.28	80.03	75.88	77.55	79.36	1.85522279389	50
13070	13070	92612	92612	75.95	77.62	79.60	75.25	76.53	78.47	76.70	78.08	80.12	75.97	77.41	79.40	1.85247295607	50
13120	13120	92562	92562	75.88	78.03	79.62	74.90	76.70	78.47	76.55	78.30	79.95	75.78	77.67	79.35	1.84880360403	50
13170	13170	92512	92512	75.78	77.88	79.28	74.85	76.58	78.28	76.55	77.90	79.97	75.72	77.45	79.17	1.84417564541	50
13220	13220	92462	92462	75.65	77.65	79.30	74.78	76.58	78.30	76.53	77.75	80.00	75.65	77.33	79.20	1.84318098207	50
13270	13270	92412	92412	75.67	77.50	79.17	74.85	76.25	78.15	76.70	77.72	79.78	75.74	77.16	79.03	1.83910040469	50
13320	13320	92362	92362	75.78	77.58	79.08	74.95	76.53	78.12	76.70	77.53	79.78	75.81	77.21	78.99	1.83583232107	50
13370	13370	92312	92312	75.70	77.33	78.92	74.88	76.22	78.15	76.80	77.47	79.80	75.79	77.01	78.96	1.83200716434	50
13420	13420	92262	92262	75.70	77.22	78.85	74.72	76.17	78.03	76.75	77.78	79.58	75.72	77.06	78.82	1.8310586837	50
13470	13470	92212	92212	75.92	77.22	78.92	74.78	76.20	77.97	76.92	77.70	79.60	75.88	77.04	78.83	1.827950475	50
13520	13520	92162	92162	75.67	77.17	78.90	74.50	76.10	77.67	76.53	77.55	79.65	75.57	76.94	78.74	1.82739395113	50
13570	13570	92112	92112	75.78	77.00	78.75	74.42	76.08	77.67	76.60	77.58	79.58	75.60	76.88	78.67	1.82220662953	50
13620	13620	92062	92062	75.72	77.08	78.38	74.42	75.88	77.45	76.40	77.45	79.28	75.52	76.80	78.37	1.82464725885	50
13670	13670	92012	92012	75.78	76.92	78.30	74.58	75.45	77.20	76.47	77.25	79.15	75.61	76.54	78.22	1.82515238276	50
13720	13720	91962	91962	75.70	76.92	78.22	74.35	75.40	76.97	76.30	77.47	79.05	75.45	76.60	78.08	1.82189318835	50
13770	13770	91912	91912	75.67	76.65	78.08	74.45	75.35	76.72	76.67	77.33	79.10	75.60	76.44	77.97	1.81767985649	50
13820	13820	91862	91862	75.67	76.58	78.10	74.38	75.22	76.53	76.62	77.38	79.03	75.56	76.39	77.88	1.81553598733	50
13870	13870	91812	91812	75.67	76.53	77.90	74.20	75.33	76.47	76.78	77.25	79.08	75.55	76.37	77.82	1.81173095874	50
13920	13920	91762	91762	75.42	76.45	77.97	74.20	75.10	76.53	76.55	77.12	78.92	75.39	76.22	77.81	1.81170213824	50
13970	13970	91712	91712	75.62	76.45	78.00	74.20	75.22	76.60	76.53	76.95	78.83	75.45	76.21	77.81	1.81181194468	50
14020	14020	91662	91662	75.53	76.28	78.08	74.33	75.05	76.50	76.67	76.85	78.75	75.51	76.06	77.78	1.81193141821	50
14070	14070	91612	91612	75.47	76.40	78.15	74.20	75.17	76.35	76.67	76.70	78.70	75.45	76.09	77.73	1.81061455962	50
14120	14120	91562	91562	75.42	76.25	78.03	74.33	75.05	76.12	76.55	77.00	78.58	75.43	76.10	77.58	1.81217320943	50
14170	14170	91512	91512	75.47	76.03	78.00	74.38	74.72	76.30	76.47	76.83	78.60	75.44	75.86	77.63	1.81308171361	50
14220	14220	91462	91462	75.42	76.08	77.88	74.47	74.78	76.25	76.53	76.83	78.45	75.47	75.89	77.53	1.81278664885	50
14270	14270	91412	91412	75.20	75.95	77.75	74.15	74.65	76.17	76.42	76.83	78.42	75.26	75.81	77.45	1.81609750546	50
14320	14320	91362	91362	75.17	75.88	77.72	74.10	74.67	76.00	76.58	76.65	78.38	75.28	75.73	77.37	1.81610713121	50
14370	14370	91312	91312	75.22	75.55	77.65	73.90	74.55	75.88	76.55	76.67	78.35	75.22	75.59	77.29	1.81349630719	50
14420	14420	91262	91262	75.03	75.72	77.50	73.85	74.40	75.85	76.40	76.62	78.28	75.09	75.58	77.21	1.81253370212	50
14470	14470	91212	91212	75.10	75.67	77.38	73.78	74.40	75.70	76.53	76.50	78.20	75.13	75.53	77.09	1.81080227892	50
14520	14520	91162	91162	75.08	75.65	77.17	73.65	74.50	75.62	76.58	76.33	78.17	75.10	75.49	76.99	1.81007287534	50
14570	14570	91112	91112	74.97	75.70	77.25	73.85	74.55	75.72	76.70	76.25	78.10	75.17	75.50	77.03	1.80865778401	50
14620	14620	91062	91062	74.88	75.70	77.05	73.75	74.58	75.58	76.53	76.17	77.97	75.05	75.48	76.87	1.80999657385	50
14670	14670	91012	91012	74.62	75.60	77.08	73.72	74.47	75.62	76.53	76.08	77.97	74.96	75.38	76.89	1.80794287795	50
14720	14720	90962	90962	74.53	75.75	76.95	73.55	74.40	75.45	76.45	76.10	77.97	74.84	75.42	76.79	1.80829440661	50
14770	14770	90912	90912	74.62	75.55	76.75	73.78	74.38	75.42	76.33	76.05	77.85	74.91	75.33	76.67	1.81016723824	50
14820	14820	90862	90862	74.62	75.30	76.58	73.58	74.03	75.17	76.20	75.72	77.65	74.80	75.02	76.47	1.81218867474	50
14870	14870	90812	90812	74.47	75.25	76.28	73.60	73.85	75.12	76.22	75.65	77.47	74.77	74.92	76.29	1.81321636707	50
14920	14920	90762	90762	74.45	75.05	76.17	73.50	73.67	75.08	75.88	75.70	77.30	74.61	74.81	76.18	1.81144544629	50
14970	14970	90712	90712	74.28	74.90	75.92	73.30	73.72	75.00	75.90	75.58	77.33	74.49	74.73	76.08	1.81059559262	50
15020	15020	90662	90662	74.28	74.95	75.92	73.25	73.72	74.92	75.67	75.55	77.35	74.40	74.74	76.07	1.81053093885	50
15070	15070	90612	90612	74.17	74.72	75.90	73.12	73.62	75.03	75.70	75.38	77.22	74.33	74.58	76.05	1.81301375963	50
15120	15120	90562	90562	74.05	74.58	75.78	73.12	73.60	74.90	75.60	75.33	77.20	74.26	74.50	75.96	1.81275015893	50
15170	15170	90512	90512	73.78	74.62	75.58	73.12	73.58	74.80	75.45	75.28	77.08	74.12	74.49	75.82	1.813574809	50
15220	15220	90462	90462	73.70	74.62	75.33	73.10	73.42	74.70	75.20	75.10	76.88	74.00	74.38	75.63	1.81023189519	50
15270	15270	90412	90412	73.72	74.33	75.33	72.90	73.47	74.67	75.10	75.10	76.80	73.91	74.30	75.60	1.81199472305	50
15320	15320	90362	90362	73.70	74.12	75.35	72.70	73.38	74.62	74.97	75.15	76.78	73.79	74.22	75.58	1.81220522548	50
15370	15370	90312	90312	73.58	74.25	75.28	72.65	73.45	74.50	75.10	75.05	76.80	73.78	74.25	75.53	1.81456446718	50
15420	15420	90262	90262	73.50	74.15	75.28	72.42	73.30	74.47	74.83	74.95	76.62	73.58	74.13	75.46	1.81417851193	50
15470	15470	90212	90212	73.60	73.97	75.22	72.38	73.25	74.45	74.78	74.88	76.55	73.58	74.03	75.41	1.81500287458	50
15520	15520	90162	90162	73.42	73.97	75.15	72.25	73.05	74.47	74.67	74.65	76.53	73.45	73.89	75.38	1.81475695535	50
15570	15570	90112	90112	73.30	74.10	74.80	72.28	73.03	74.25	74.42	74.65	76.55	73.33	73.92	75.20	1.81464646694	50
15620	15620	90062	90062	73.22	73.83	74.65	72.20	72.72	74.10	74.62	74.60	76.30	73.35	73.72	75.02	1.81484117252	50
15670	15670	90012	90012	73.20	73.55	74.58	71.92	72.65	74.15	74.42	74.50	76.33	73.18	73.57	75.02	1.81368636941	50
15720	15720	89962	89962	73.35	73.65	74.58	72.03	72.67	74.10	74.50	74.40	76.20	73.29	73.58	74.96	1.81090356324	50
15770	15770	89912	89912	73.20	73.62	74.55	71.97	72.60	74.03	74.42	74.50	76.28	73.20	73.58	74.95	1.81382729895	50
15820	15820	89862	89862	73.20	73.62	74.33	71.92	72.40	73.95	74.38	74.50	76.10	73.17	73.51	74.79	1.81387510597	50
15870	15870	89812	89812	73.25	73.47	74.22	72.00	72.28	73.80	74.30	74.38	76.05	73.18	73.38	74.69	1.81352174372	50
15920	15920	89762	89762	73.05	73.55	73.97	72.00	72.20	73.75	74.15	74.40	75.92	73.07	73.38	74.55	1.81312048832	50
15970	15970	89712	89712	72.95	73.42	73.92	71.85	72.12	73.58	73.92	74.28	75.88	72.91	73.28	74.46	1.81432938809	50
16020	16020	89662	89662	72.75	73.40	73.75	71.53	71.95	73.47	74.08	74.15	75.67	72.78	73.17	74.30	1.81406656296	50
16070	16070	89612	89612	72.72	73.40	73.72	71.58	71.88	73.58	74.00	74.25	75.78	72.77	73.17	74.36	1.81468034633	50
16120	16120	89562	89562	72.80	73.20	73.75	71.40	71.88	73.38	73.85	74.00	75.50	72.68	73.03	74.21	1.81575469967	50
16170	16170	89512	89512	72.65	73.10	73.92	71.47	71.72	73.12	73.85	73.83	75.45	72.66	72.88	74.17	1.8149872144	50
16220	16220	89462	89462	72.75	73.08	73.85	71.53	71.70	72.97	73.67	73.83	75.30	72.65	72.87	74.04	1.81534753538	50
16270	16270	89412	89412	72.62	72.95	73.78	71.47	71.53	72.85	73.60	73.75	75.25	72.57	72.74	73.96	1.81678086898	50
16320	16320	89362	89362	72.50	72.95	73.45	71.40	71.50	72.85	73.78	73.62	75.15	72.56	72.69	73.82	1.81699883943	50
16370	16370	89312	89312	72.42	72.92	73.45	71.28	71.38	72.55	73.47	73.58	75.03	72.39	72.62	73.67	1.8189210695	50
16420	16420	89262	89262	72.50	72.80	73.28	71.22	71.42	72.42	73.30	73.65	75.05	72.34	72.62	73.58	1.81888153877	50
16470	16470	89212	89212	72.30	72.60	73.17	71.12	71.35	72.45	73.42	73.47	74.95	72.28	72.47	73.53	1.81874087586	50
16520	16520	89162	89162	72.25	72.45	73.20	71.10	71.25	72.30	73.28	73.45	74.83	72.21	72.38	73.44	1.81754266682	50
16570	16570	89112	89112	72.25	72.33	73.17	71.10	71.30	72.33	73.17	73.50	74.70	72.17	72.38	73.40	1.81859306335	50
16620	16620	89062	89062	72.10	72.28	73.03	70.92	71.15	72.25	73.10	73.28	74.72	72.04	72.23	73.33	1.81933688437	50
16670	16670	89012	89012	71.92	72.17	73.08	70.75	70.97	72.08	72.88	73.20	74.53	71.85	72.12	73.22	1.81980153496	50
16720	16720	88962	88962	71.92	71.97	73.00	70.70	70.88	72.12	72.78	73.15	74.45	71.80	72.00	73.19	1.8209282189	50
16770	16770	88912	88912	71.75	71.90	72.85	70.60	70.67	72.00	72.55	73.00	74.42	71.63	71.86	73.09	1.82122435955	50
16820	16820	88862	88862	71.62	71.72	72.75	70.65	70.65	71.83	72.50	72.95	74.15	71.59	71.78	72.91	1.8220777232	50
16870	16870	88812	88812	71.67	71.70	72.67	70.58	70.60	71.92	72.40	72.95	73.90	71.55	71.75	72.83	1.82339625295	50
16920	16920	88762	88762	71.60	71.60	72.62	70.55	70.38	71.97	72.35	72.88	73.97	71.50	71.62	72.86	1.82148974587	50
16970	16970	88712	88712	71.38	71.50	72.45	70.47	70.25	71.92	72.12	72.78	74.10	71.33	71.51	72.83	1.82286785188	50
17020	17020	88662	88662	71.15	71.40	72.45	70.47	70.33	71.88	72.22	72.85	74.08	71.28	71.53	72.80	1.82040908915	50
17070	17070	88612	88612	71.28	71.25	72.30	70.62	70.28	71.88	72.25	72.88	73.83	71.38	71.47	72.67	1.8216979462	50
17120	17120	88562	88562	71.15	71.12	72.22	70.70	70.25	71.72	72.05	72.72	73.80	71.30	71.37	72.58	1.8225939565	50
17170	17170	88512	88512	71.00	71.12	72.15	70.53	70.12	71.67	72.00	72.58	73.80	71.17	71.28	72.54	1.8231004239	50
17220	17220	88462	88462	70.97	71.03	72.03	70.53	70.10	71.62	72.05	72.67	73.67	71.18	71.27	72.44	1.82496274422	50
17270	17270	88412	88412	71.00	70.97	71.90	70.45	70.05	71.45	72.12	72.35	73.55	71.19	71.12	72.30	1.82679081764	50
17320	17320	88362	88362	70.95	70.97	71.70	70.45	69.83	71.45	72.12	72.28	73.50	71.17	71.03	72.22	1.8255211719	50
17370	17370	88312	88312	70.80	70.67	71.67	70.30	69.60	71.22	71.88	71.97	73.38	70.99	70.75	72.09	1.82596750185	50
17420	17420	88262	88262	70.83	70.62	71.60	70.30	69.45	71.17	71.83	71.97	73.10	70.98	70.68	71.96	1.82401881029	50
17470	17470	88212	88212	70.67	70.53	71.58	70.22	69.38	71.08	71.78	71.78	73.03	70.89	70.56	71.89	1.8230228182	50
17520	17520	88162	88162	70.53	70.40	71.47	70.15	69.28	70.92	71.70	71.67	73.00	70.79	70.45	71.80	1.82335570984	50
17570	17570	88112	88112	70.53	70.30	71.53	70.05	69.00	70.85	71.55	71.62	73.00	70.71	70.31	71.79	1.82386586987	50
17620	17620	88062	88062	70.40	70.25	71.25	70.03	69.00	70.53	71.60	71.53	72.95	70.67	70.26	71.58	1.82607652597	50
17670	17670	88012	88012	70.38	70.05	71.22	70.03	68.88	70.45	71.55	71.42	72.85	70.65	70.12	71.51	1.8247785896	50
17720	17720	87962	87962	70.22	69.97	70.85	70.03	68.70	70.35	71.55	71.35	72.85	70.60	70.01	71.35	1.82426318919	50
17770	17770	87912	87912	70.20	69.83	70.88	69.85	68.62	70.33	71.30	71.42	72.67	70.45	69.96	71.29	1.825720101	50
17820	17820	87862	87862	70.12	69.72	70.62	69.95	68.53	70.20	71.28	71.30	72.65	70.45	69.85	71.16	1.82542372923	50
17870	17870	87812	87812	70.03	69.53	70.53	69.90	68.58	69.92	71.22	71.10	72.38	70.38	69.73	70.94	1.82821576542	50
17920	17920	87762	87762	69.92	69.45	70.42	69.65	68.45	69.95	70.97	71.08	72.12	70.18	69.66	70.83	1.82851108833	50
17970	17970	87712	87712	69.75	69.45	70.42	69.55	68.38	69.72	70.92	71.03	72.00	70.08	69.62	70.72	1.82872994684	50
18020	18020	87662	87662	69.75	69.40	70.22	69.47	68.42	69.60	70.72	71.12	72.00	69.98	69.65	70.61	1.82830507245	50
18070	18070	87612	87612	69.60	69.22	70.00	69.40	68.15	69.45	70.60	70.95	71.83	69.87	69.44	70.42	1.82876273174	50
18120	18120	87562	87562	69.65	69.15	69.95	69.40	68.20	69.38	70.55	70.90	71.72	69.87	69.42	70.35	1.82947516464	50
18170	18170	87512	87512	69.58	68.97	69.83	69.17	68.15	69.17	70.58	70.83	71.53	69.78	69.32	70.17	1.82730917733	50
18220	18220	87462	87462	69.38	68.88	69.80	69.17	67.97	68.92	70.50	70.75	71.50	69.68	69.20	70.08	1.8280652544	50
18270	18270	87412	87412	69.38	68.85	69.72	69.00	67.95	68.88	70.17	70.70	71.22	69.52	69.17	69.94	1.8288113595	50
18320	18320	87362	87362	69.30	68.75	69.65	68.90	67.72	68.62	70.17	70.60	71.10	69.46	69.03	69.79	1.82819924113	50
18370	18370	87312	87312	69.35	68.78	69.55	68.88	67.78	68.58	70.05	70.65	71.00	69.42	69.07	69.71	1.82948491975	50
18420	18420	87262	87262	69.33	68.80	69.45	68.75	67.72	68.47	70.08	70.47	70.83	69.38	69.00	69.58	1.82941231362	50
18470	18470	87212	87212	69.20	68.62	69.50	68.62	67.70	68.38	69.95	70.45	70.75	69.26	68.92	69.54	1.82968053745	50
18520	18520	87162	87162	69.10	68.67	69.30	68.50	67.70	68.33	69.85	70.40	70.60	69.15	68.92	69.41	1.82964533707	50
18570	18570	87112	87112	68.95	68.72	69.28	68.30	67.72	68.15	69.85	70.55	70.45	69.03	69.00	69.29	1.82997492085	50
18620	18620	87062	87062	68.83	68.50	69.17	68.25	67.58	68.15	69.90	70.47	70.42	68.99	68.85	69.25	1.83194253144	50
18670	18670	87012	87012	68.67	68.47	69.08	68.28	67.58	68.08	69.88	70.35	70.35	68.94	68.80	69.17	1.83124750475	50
18720	18720	86962	86962	68.38	68.45	69.10	68.12	67.62	67.88	69.85	70.45	70.35	68.78	68.84	69.11	1.83178240864	50
18770	18770	86912	86912	68.30	68.33	68.92	67.95	67.55	67.60	69.78	70.28	70.42	68.67	68.72	68.98	1.8325126033	50
18820	18820	86862	86862	68.15	68.33	68.85	67.83	67.45	67.67	69.55	70.12	70.28	68.51	68.63	68.93	1.83309273606	50
18870	18870	86812	86812	67.97	68.33	68.70	67.65	67.38	67.55	69.47	70.12	70.22	68.37	68.61	68.83	1.83355825052	50
18920	18920	86762	86762	67.90	68.28	68.60	67.53	67.25	67.58	69.45	70.03	70.12	68.29	68.52	68.77	1.83316650923	50
18970	18970	86712	86712	67.72	68.20	68.47	67.38	67.35	67.60	69.33	70.03	69.92	68.14	68.53	68.67	1.83285988443	50
19020	19020	86662	86662	67.53	68.08	68.38	67.17	67.22	67.40	69.10	70.05	69.85	67.93	68.45	68.54	1.83522414552	50
19070	19070	86612	86612	67.38	68.10	68.30	67.00	67.25	67.22	69.00	70.03	69.78	67.79	68.46	68.43	1.83528621892	50
19120	19120	86562	86562	67.20	68.08	68.25	66.95	67.33	67.17	68.95	69.92	69.65	67.70	68.44	68.36	1.83566133084	50
19170	19170	86512	86512	67.20	68.10	68.05	66.78	67.17	67.15	68.78	69.90	69.55	67.58	68.39	68.25	1.83579705143	50
19220	19220	86462	86462	67.12	67.90	68.08	66.62	67.28	67.03	68.72	69.62	69.45	67.49	68.27	68.18	1.83571480898	50
19270	19270	86412	86412	66.92	68.00	67.90	66.67	67.20	67.03	68.75	69.62	69.33	67.45	68.28	68.08	1.83605133115	50
19320	19320	86362	86362	66.85	67.85	67.83	66.65	67.15	66.83	68.75	69.67	69.33	67.42	68.22	67.99	1.83649801811	50
19370	19370	86312	86312	66.90	67.83	67.70	66.47	67.12	66.75	68.55	69.47	69.05	67.31	68.14	67.83	1.83804927087	50
19420	19420	86262	86262	66.65	67.78	67.55	66.28	67.08	66.62	68.53	69.40	68.92	67.15	68.08	67.70	1.83765526651	50
19470	19470	86212	86212	66.50	67.70	67.50	66.15	66.95	66.62	68.40	69.25	68.83	67.02	67.97	67.65	1.83849503194	50
19520	19520	86162	86162	66.35	67.38	67.42	66.17	66.92	66.47	68.30	69.17	68.80	66.94	67.83	67.57	1.83753778258	50
19570	19570	86112	86112	66.35	67.33	67.38	66.15	66.85	66.45	68.15	69.05	68.67	66.88	67.74	67.50	1.83863665733	50
19620	19620	86062	86062	66.25	67.12	67.35	66.10	66.83	66.40	68.05	68.92	68.60	66.80	67.62	67.45	1.84012063642	50
19670	19670	86012	86012	66.10	67.15	67.22	65.95	66.70	66.15	67.88	69.00	68.47	66.64	67.62	67.28	1.83970092419	50
19720	19720	85962	85962	66.08	67.15	67.15	65.67	66.72	66.12	67.67	68.88	68.30	66.47	67.58	67.19	1.84058432832	50
19770	19770	85912	85912	65.90	67.12	67.10	65.62	66.70	66.08	67.55	68.92	68.30	66.36	67.58	67.16	1.84192455148	50
19820	19820	85862	85862	65.78	66.95	66.92	65.45	66.60	65.85	67.42	68.80	68.17	66.22	67.45	66.98	1.84203249588	50
19870	19870	85812	85812	65.60	66.85	66.90	65.40	66.45	65.83	67.35	68.67	68.12	66.12	67.33	66.95	1.84246040614	50
19920	19920	85762	85762	65.65	66.80	66.92	65.42	66.50	65.85	67.20	68.70	68.05	66.09	67.33	66.94	1.84338661032	50
19970	19970	85712	85712	65.58	66.78	66.88	65.55	66.53	65.88	67.12	68.67	67.92	66.08	67.33	66.89	1.84412779944	50
20020	20020	85662	85662	65.60	66.78	66.83	65.35	66.55	65.62	67.00	68.42	67.75	65.98	67.25	66.73	1.84403778047	50
20070	20070	85612	85612	65.60	66.72	66.67	65.35	66.53	65.55	67.05	68.40	67.67	66.00	67.22	66.63	1.84436695647	50
20120	20120	85562	85562	65.58	66.75	66.65	65.28	66.42	65.50	67.03	68.42	67.70	65.96	67.20	66.62	1.84351828739	50
20170	20170	85512	85512	65.53	66.65	66.58	65.33	66.30	65.45	67.03	68.42	67.55	65.96	67.12	66.53	1.84345432666	50
20220	20220	85462	85462	65.40	66.55	66.42	65.10	66.25	65.38	66.90	68.22	67.50	65.80	67.01	66.43	1.84240607316	50
20270	20270	85412	85412	65.40	66.45	66.40	65.08	66.22	65.38	66.83	68.20	67.47	65.77	66.96	66.42	1.8436682387	50
20320	20320	85362	85362	65.38	66.45	66.35	65.05	66.10	65.25	66.83	68.05	67.28	65.75	66.87	66.29	1.84331577408	50
20370	20370	85312	85312	65.38	66.40	66.38	65.03	66.03	65.30	66.75	67.90	67.22	65.72	66.78	66.30	1.84422027705	50
20420	20420	85262	85262	65.33	66.40	66.30	64.88	66.08	65.20	66.70	67.92	67.20	65.63	66.80	66.23	1.84313710523	50
20470	20470	85212	85212	65.22	66.33	66.15	64.80	66.05	65.15	66.62	67.75	67.05	65.55	66.71	66.12	1.84339455288	50
20520	20520	85162	85162	65.05	66.25	66.20	64.62	66.10	65.12	66.45	67.75	66.88	65.38	66.70	66.07	1.84360802764	50
20570	20570	85112	85112	64.95	66.22	65.97	64.50	65.95	64.85	66.17	67.75	66.95	65.21	66.64	65.92	1.84478987951	50
20620	20620	85062	85062	65.00	66.17	65.80	64.53	65.85	64.92	66.17	67.65	66.83	65.23	66.56	65.85	1.84426221199	50
20670	20670	85012	85012	64.88	66.08	65.67	64.53	65.75	64.85	66.12	67.70	66.83	65.17	66.51	65.78	1.84373685152	50
20720	20720	84962	84962	64.85	66.12	65.70	64.40	65.70	64.85	66.08	67.55	66.80	65.11	66.46	65.78	1.84514081643	50
20770	20770	84912	84912	64.88	66.00	65.60	64.47	65.60	64.83	65.97	67.50	66.80	65.11	66.37	65.74	1.84601053779	50
20820	20820	84862	84862	64.78	65.88	65.55	64.40	65.53	64.72	65.92	67.53	66.75	65.03	66.31	65.67	1.84598357675	50
20870	20870	84812	84812	64.78	65.83	65.53	64.35	65.55	64.60	65.95	67.38	66.70	65.03	66.25	65.61	1.84673856233	50
20920	20920	84762	84762	64.62	65.83	65.40	64.30	65.55	64.55	65.92	67.28	66.70	64.95	66.22	65.55	1.84798762334	50
20970	20970	84712	84712	64.50	65.72	65.40	64.28	65.47	64.50	65.80	67.25	66.65	64.86	66.15	65.52	1.84749508339	50
21020	21020	84662	84662	64.47	65.70	65.33	64.25	65.42	64.50	65.85	67.15	66.58	64.86	66.09	65.47	1.84726549813	50
21070	21070	84612	84612	64.47	65.75	65.40	64.30	65.35	64.42	65.80	67.03	66.60	64.86	66.04	65.47	1.84820627564	50
21120	21120	84562	84562	64.53	65.67	65.28	64.28	65.45	64.42	65.70	66.92	66.62	64.83	66.02	65.44	1.84887333855	50
21170	21170	84512	84512	64.47	65.53	65.08	64.17	65.28	64.47	65.65	66.92	66.47	64.77	65.91	65.34	1.84841658461	50
21220	21220	84462	84462	64.58	65.50	65.10	64.17	65.17	64.40	65.67	66.88	66.50	64.81	65.85	65.33	1.8489200749	50
21270	21270	84412	84412	64.45	65.33	65.08	64.08	65.12	64.35	65.60	66.72	66.45	64.71	65.72	65.29	1.84845419002	50
21320	21320	84362	84362	64.42	65.28	64.97	64.00	65.15	64.15	65.55	66.70	66.35	64.66	65.71	65.16	1.84989730556	50
21370	21370	84312	84312	64.33	65.28	64.97	63.95	65.00	64.20	65.50	66.50	66.25	64.59	65.59	65.14	1.85002100991	50
21420	21420	84262	84262	64.25	65.12	64.90	63.95	64.97	64.12	65.38	66.47	66.28	64.53	65.53	65.10	1.85085047489	50
21470	21470	84212	84212	64.25	64.92	64.72	63.88	64.92	64.00	65.33	66.47	66.30	64.48	65.44	65.01	1.85133104156	50
21520	21520	84162	84162	64.15	64.90	64.67	63.95	64.85	63.95	65.28	66.40	66.28	64.46	65.38	64.97	1.85140771767	50
21570	21570	84112	84112	64.05	65.00	64.65	63.92	64.90	63.95	65.25	66.40	66.25	64.41	65.43	64.95	1.85203596918	50
21620	21620	84062	84062	64.00	64.90	64.62	63.88	64.75	63.92	65.25	66.38	66.15	64.38	65.34	64.90	1.85140958506	50
21670	21670	84012	84012	64.03	64.85	64.58	63.80	64.75	63.90	65.25	66.35	66.15	64.36	65.32	64.88	1.85165612015	50
21720	21720	83962	83962	63.98	64.70	64.53	63.73	64.53	63.75	65.20	66.28	66.03	64.30	65.17	64.77	1.85038193535	50
21770	21770	83912	83912	63.98	64.72	64.45	63.73	64.42	63.67	65.25	66.28	66.03	64.32	65.14	64.72	1.85126534992	50
21820	21820	83862	83862	63.90	64.67	64.38	63.60	64.38	63.75	65.15	66.22	65.97	64.22	65.09	64.70	1.85027831048	50
21870	21870	83812	83812	63.83	64.62	64.33	63.42	64.25	63.70	65.17	66.03	65.97	64.14	64.97	64.67	1.85089788867	50
21920	21920	83762	83762	63.70	64.62	64.17	63.45	64.33	63.67	65.10	66.10	65.92	64.08	65.02	64.59	1.85080751739	50
21970	21970	83712	83712	63.65	64.53	64.12	63.35	64.22	63.73	65.12	66.12	65.95	64.04	64.96	64.60	1.85182565415	50
22020	22020	83662	83662	63.52	64.53	64.00	63.20	64.30	63.55	65.05	65.97	65.85	63.92	64.93	64.47	1.85203997295	50
22070	22070	83612	83612	63.50	64.42	63.85	63.12	64.30	63.38	64.95	65.90	65.75	63.86	64.88	64.33	1.85211110562	50
22120	22120	83562	83562	63.48	64.53	63.88	63.15	64.30	63.42	64.95	65.83	65.78	63.86	64.88	64.36	1.85344479362	50
22170	22170	83512	83512	63.48	64.62	63.83	63.12	64.20	63.30	64.78	65.80	65.75	63.79	64.88	64.29	1.85332990924	50
22220	22220	83462	83462	63.35	64.62	63.83	63.02	64.20	63.30	64.80	65.75	65.67	63.73	64.86	64.27	1.85221639253	50
22270	22270	83412	83412	63.38	64.62	63.77	63.05	64.20	63.23	64.85	65.72	65.65	63.76	64.85	64.22	1.85266699777	50
22320	22320	83362	83362	63.38	64.53	63.70	62.95	64.17	63.25	64.70	65.58	65.55	63.67	64.76	64.17	1.85337529722	50
22370	22370	83312	83312	63.50	64.47	63.67	62.92	63.98	63.15	64.70	65.58	65.58	63.71	64.67	64.13	1.85362991044	50
22420	22420	83262	83262	63.42	64.58	63.67	62.92	64.05	63.08	64.60	65.50	65.50	63.65	64.71	64.08	1.85377093653	50
22470	22470	83212	83212	63.45	64.47	63.65	62.85	64.05	63.10	64.58	65.42	65.47	63.62	64.65	64.08	1.85437930548	50
22520	22520	83162	83162	63.33	64.50	63.60	62.83	64.03	62.95	64.47	65.42	65.30	63.54	64.65	63.95	1.85602083864	50
22570	22570	83112	83112	63.27	64.53	63.60	62.77	64.05	62.95	64.45	65.38	65.28	63.50	64.65	63.94	1.85561937385	50
22620	22620	83062	83062	63.27	64.58	63.48	62.73	64.03	62.90	64.33	65.28	65.22	63.44	64.62	63.87	1.85594382842	50
22670	22670	83012	83012	63.17	64.40	63.40	62.70	63.90	62.92	64.28	65.20	65.17	63.38	64.50	63.83	1.8549645746	50
22720	22720	82962	82962	63.15	64.25	63.33	62.65	63.83	62.85	64.17	65.25	65.15	63.33	64.44	63.77	1.85411358729	50
22770	22770	82912	82912	63.10	64.22	63.30	62.60	63.77	62.85	64.05	65.25	65.08	63.25	64.42	63.74	1.853572021	50
22820	22820	82862	82862	62.98	64.22	63.23	62.50	63.67	62.73	64.10	65.25	64.97	63.19	64.38	63.64	1.85309280912	50
22870	22870	82812	82812	62.90	64.20	63.12	62.52	63.67	62.80	64.00	65.17	64.92	63.14	64.35	63.62	1.85329954889	50
22920	22920	82762	82762	62.85	64.28	63.20	62.42	63.58	62.73	63.95	65.12	64.85	63.08	64.33	63.59	1.85324113584	50
22970	22970	82712	82712	62.75	64.17	63.12	62.38	63.55	62.65	63.95	65.10	64.78	63.02	64.28	63.52	1.85315052135	50
23020	23020	82662	82662	62.70	64.20	63.08	62.35	63.50	62.62	63.85	65.10	64.58	62.97	64.27	63.42	1.85361885926	50
23070	23070	82612	82612	62.70	64.15	63.05	62.23	63.55	62.65	63.80	64.97	64.58	62.91	64.22	63.42	1.85379377547	50
23120	23120	82562	82562	62.70	64.17	63.08	62.25	63.50	62.67	63.73	65.03	64.45	62.89	64.23	63.40	1.85493370364	50
23170	23170	82512	82512	62.60	64.03	62.95	62.27	63.35	62.58	63.73	64.97	64.45	62.87	64.12	63.33	1.85409536752	50
23220	23220	82462	82462	62.58	63.95	62.92	62.25	63.33	62.52	63.60	64.97	64.35	62.81	64.08	63.27	1.85381323079	50
23270	23270	82412	82412	62.58	63.88	62.92	62.17	63.35	62.52	63.62	64.90	64.28	62.79	64.04	63.24	1.85344845416	50
23320	23320	82362	82362	62.60	63.80	62.88	62.20	63.35	62.50	63.55	64.88	64.17	62.78	64.01	63.18	1.85483752886	50
23370	23370	82312	82312	62.58	63.70	62.83	62.20	63.27	62.45	63.42	64.85	64.10	62.73	63.94	63.12	1.85430364792	50
23420	23420	82262	82262	62.55	63.73	62.80	62.15	63.25	62.42	63.45	64.78	63.98	62.72	63.92	63.07	1.85559459256	50
23470	23470	82212	82212	62.55	63.70	62.73	62.17	63.15	62.48	63.45	64.80	63.90	62.73	63.88	63.03	1.85534846874	50
23520	23520	82162	82162	62.45	63.60	62.70	62.08	63.10	62.45	63.35	64.83	63.92	62.62	63.84	63.02	1.85498139515	50
23570	23570	82112	82112	62.42	63.58	62.65	62.08	63.00	62.33	63.25	64.60	63.90	62.58	63.73	62.96	1.85562795455	50
23620	23620	82062	82062	62.38	63.62	62.62	62.00	63.08	62.23	63.25	64.55	63.88	62.54	63.75	62.91	1.85581403255	50
23670	23670	82012	82012	62.40	63.45	62.62	61.95	62.95	62.30	63.45	64.53	63.88	62.60	63.64	62.93	1.85465228988	50
23720	23720	81962	81962	62.42	63.40	62.58	61.98	62.92	62.17	63.35	64.42	63.65	62.58	63.58	62.80	1.85529683169	50
23770	23770	81912	81912	62.38	63.35	62.58	61.88	62.85	62.20	63.27	64.45	63.55	62.51	63.55	62.77	1.85600444667	50
23820	23820	81862	81862	62.23	63.35	62.52	61.73	62.75	62.12	63.25	64.33	63.48	62.40	63.48	62.71	1.85585334314	50
23870	23870	81812	81812	62.17	63.33	62.45	61.70	62.73	62.10	63.10	64.45	63.40	62.33	63.50	62.65	1.8565904208	50
23920	23920	81762	81762	62.25	63.25	62.48	61.70	62.73	62.08	63.10	64.50	63.42	62.35	63.49	62.66	1.85643681812	50
23970	23970	81712	81712	62.20	63.25	62.42	61.70	62.73	61.98	63.02	64.45	63.30	62.31	63.48	62.57	1.85614420827	50
24020	24020	81662	81662	62.23	63.23	62.40	61.60	62.60	61.92	62.95	64.47	63.23	62.26	63.43	62.52	1.85660633617	50
24070	24070	81612	81612	62.08	63.25	62.42	61.50	62.58	61.90	62.85	64.30	63.20	62.14	63.38	62.51	1.85728926197	50
24120	24120	81562	81562	62.05	63.15	62.33	61.48	62.60	61.88	62.75	64.25	63.10	62.09	63.33	62.43	1.85653356066	50
24170	24170	81512	81512	62.05	63.08	62.33	61.45	62.58	61.83	62.77	64.25	63.12	62.09	63.30	62.42	1.85773814143	50
24220	24220	81462	81462	61.98	63.00	62.30	61.48	62.52	61.80	62.73	64.12	63.05	62.06	63.22	62.38	1.85907905061	50
24270	24270	81412	81412	61.98	63.00	62.20	61.40	62.65	61.77	62.60	64.03	63.12	61.99	63.23	62.37	1.86042455748	50
24320	24320	81362	81362	61.92	63.00	62.10	61.33	62.55	61.75	62.52	63.88	63.00	61.92	63.14	62.28	1.85958298253	50
24370	24370	81312	81312	61.92	62.95	62.12	61.23	62.52	61.75	62.55	63.75	62.98	61.90	63.08	62.28	1.85991496314	50
24420	24420	81262	81262	61.80	62.88	62.08	61.17	62.55	61.70	62.52	63.80	62.83	61.83	63.08	62.20	1.8601035544	50
24470	24470	81212	81212	61.70	62.83	62.02	61.12	62.52	61.70	62.55	63.65	62.85	61.79	63.00	62.19	1.86017168754	50
24520	24520	81162	81162	61.70	62.77	61.92	61.08	62.38	61.62	62.48	63.67	62.85	61.75	62.94	62.13	1.86131365129	50
24570	24570	81112	81112	61.65	62.70	61.92	60.77	62.40	61.62	62.42	63.60	62.80	61.62	62.90	62.12	1.86109388921	50
24620	24620	81062	81062	61.58	62.70	61.88	60.85	62.38	61.58	62.42	63.60	62.77	61.62	62.89	62.08	1.86155596772	50
24670	24670	81012	81012	61.60	62.65	61.80	60.85	62.33	61.55	62.40	63.52	62.70	61.62	62.83	62.02	1.86214059829	50
24720	24720	80962	80962	61.42	62.70	61.80	60.73	62.25	61.52	62.25	63.50	62.48	61.47	62.82	61.93	1.86183681041	50
24770	24770	80912	80912	61.42	62.62	61.70	60.75	62.27	61.45	62.33	63.48	62.35	61.50	62.79	61.83	1.86222672066	50
24820	24820	80862	80862	61.35	62.58	61.62	60.67	62.17	61.48	62.23	63.40	62.33	61.42	62.72	61.81	1.86253701068	50
24870	24870	80812	80812	61.35	62.45	61.52	60.65	62.08	61.33	62.15	63.30	62.27	61.38	62.61	61.71	1.86193319938	50
24920	24920	80762	80762	61.30	62.45	61.48	60.58	61.92	61.27	62.05	63.25	62.25	61.31	62.54	61.67	1.86137226733	50
24970	24970	80712	80712	61.23	62.45	61.42	60.50	61.83	61.17	61.98	63.17	62.23	61.23	62.48	61.61	1.86115473611	50
25020	25020	80662	80662	61.15	62.40	61.38	60.48	61.85	61.15	61.95	63.10	62.17	61.19	62.45	61.57	1.86146989829	50
25070	25070	80612	80612	61.10	62.38	61.27	60.40	61.83	61.12	61.92	63.15	62.10	61.14	62.45	61.50	1.86162281598	50
25120	25120	80562	80562	61.00	62.35	61.17	60.45	61.80	61.10	61.88	63.12	62.05	61.11	62.42	61.44	1.86241623648	50
25170	25170	80512	80512	61.02	62.35	61.20	60.38	61.80	61.02	61.85	63.08	62.05	61.08	62.41	61.42	1.86327110232	50
25220	25220	80462	80462	61.00	62.27	61.17	60.33	61.73	60.90	61.83	63.08	61.98	61.05	62.36	61.35	1.8637913322	50
25270	25270	80412	80412	61.00	62.27	61.17	60.30	61.67	60.85	61.70	62.95	61.98	61.00	62.30	61.33	1.86326940139	50
25320	25320	80362	80362	60.88	62.25	61.15	60.33	61.60	60.83	61.70	62.92	61.92	60.97	62.26	61.30	1.86324586695	50
25370	25370	80312	80312	60.85	62.27	61.08	60.23	61.62	60.73	61.62	62.88	61.90	60.90	62.26	61.23	1.86402055932	50
25420	25420	80262	80262	60.83	62.30	61.08	60.23	61.62	60.70	61.60	62.77	61.85	60.88	62.23	61.21	1.86411817769	50
25470	25470	80212	80212	60.77	62.23	61.00	60.20	61.58	60.67	61.58	62.80	61.77	60.85	62.20	61.15	1.86314229645	50
25520	25520	80162	80162	60.83	62.23	60.95	60.20	61.62	60.62	61.52	62.73	61.73	60.85	62.19	61.10	1.86259974566	50
25570	25570	80112	80112	60.73	62.33	60.95	60.17	61.52	60.60	61.55	62.73	61.73	60.82	62.19	61.09	1.86214654064	50
25620	25620	80062	80062	60.73	62.30	60.85	60.08	61.60	60.52	61.45	62.73	61.60	60.75	62.21	60.99	1.86242346745	50
25670	25670	80012	80012	60.70	62.23	60.80	60.00	61.52	60.55	61.50	62.65	61.50	60.73	62.13	60.95	1.86231596093	50
25720	25720	79962	79962	60.70	62.25	60.75	60.02	61.45	60.52	61.45	62.62	61.45	60.73	62.11	60.91	1.86256272964	50
25770	25770	79912	79912	60.62	62.25	60.73	59.98	61.48	60.50	61.35	62.58	61.45	60.65	62.10	60.89	1.86242470952	50
25820	25820	79862	79862	60.60	62.23	60.70	59.98	61.55	60.45	61.35	62.58	61.42	60.64	62.12	60.86	1.86294674915	50
25870	25870	79812	79812	60.52	62.08	60.62	59.92	61.38	60.38	61.38	62.60	61.38	60.61	62.02	60.79	1.86303850414	50
25920	25920	79762	79762	60.50	62.17	60.58	59.95	61.35	60.33	61.23	62.62	61.35	60.56	62.05	60.75	1.86307525606	50
25970	25970	79712	79712	60.50	62.10	60.55	59.95	61.35	60.30	61.17	62.52	61.30	60.54	61.99	60.72	1.86339684454	50
26020	26020	79662	79662	60.50	62.08	60.50	59.90	61.35	60.23	61.08	62.52	61.23	60.49	61.98	60.65	1.86294698831	50
26070	26070	79612	79612	60.38	62.02	60.52	59.92	61.35	60.17	61.12	62.52	61.12	60.48	61.97	60.61	1.86263520487	50
26120	26120	79562	79562	60.42	62.05	60.50	59.85	61.38	60.17	61.02	62.50	61.10	60.43	61.98	60.59	1.8622494566	50
26170	26170	79512	79512	60.35	62.10	60.42	59.75	61.30	60.12	61.08	62.42	61.10	60.39	61.94	60.55	1.86258902831	50
26220	26220	79462	79462	60.38	62.08	60.40	59.73	61.40	60.12	60.98	62.42	61.12	60.36	61.97	60.55	1.86260939446	50
26270	26270	79412	79412	60.30	62.08	60.40	59.75	61.35	60.00	60.88	62.42	61.10	60.31	61.95	60.50	1.86257227121	50
26320	26320	79362	79362	60.17	61.95	60.35	59.67	61.35	59.98	60.75	62.42	61.08	60.20	61.91	60.47	1.86339454713	50
26370	26370	79312	79312	60.10	61.90	60.25	59.60	61.27	59.90	60.75	62.40	60.98	60.15	61.86	60.38	1.86344605277	50
26420	26420	79262	79262	60.10	61.90	60.25	59.58	61.25	59.85	60.70	62.33	61.00	60.12	61.83	60.37	1.8630689355	50
26470	26470	79212	79212	59.95	61.92	60.15	59.55	61.27	59.85	60.67	62.27	60.95	60.06	61.83	60.32	1.86366568781	50
26520	26520	79162	79162	59.83	61.73	60.12	59.45	61.25	59.77	60.55	62.30	60.83	59.94	61.76	60.24	1.8638293575	50
26570	26570	79112	79112	59.85	61.73	60.10	59.40	61.12	59.77	60.50	62.33	60.85	59.92	61.73	60.24	1.86365343137	50
26620	26620	79062	79062	59.73	61.73	60.08	59.30	61.12	59.75	60.40	62.17	60.88	59.81	61.67	60.23	1.86366101024	50
26670	26670	79012	79012	59.75	61.75	60.00	59.25	61.08	59.80	60.35	62.17	60.77	59.78	61.67	60.19	1.8642521462	50
26720	26720	78962	78962	59.70	61.67	60.00	59.23	60.95	59.65	60.33	62.23	60.85	59.75	61.62	60.17	1.86490251696	50
26770	26770	78912	78912	59.62	61.60	59.92	59.17	60.95	59.58	60.27	62.10	60.75	59.69	61.55	60.08	1.8651477998	50
26820	26820	78862	78862	59.67	61.58	59.85	59.10	60.90	59.55	60.02	62.05	60.73	59.60	61.51	60.04	1.86511750044	50
26870	26870	78812	78812	59.58	61.50	59.80	59.10	60.88	59.42	60.00	62.10	60.65	59.56	61.49	59.96	1.86494229834	50
26920	26920	78762	78762	59.52	61.58	59.65	59.05	60.83	59.38	59.92	62.08	60.62	59.50	61.49	59.88	1.86487683882	50
26970	26970	78712	78712	59.45	61.45	59.62	59.00	60.85	59.38	59.98	62.08	60.58	59.48	61.46	59.86	1.8655037003	50
27020	27020	78662	78662	59.40	61.35	59.50	58.95	60.90	59.35	59.83	62.02	60.52	59.39	61.42	59.79	1.86638225862	50
27070	27070	78612	78612	59.38	61.27	59.58	58.92	60.83	59.30	59.88	61.98	60.45	59.39	61.36	59.77	1.8663619383	50
27120	27120	78562	78562	59.33	61.23	59.58	58.85	60.75	59.27	59.73	61.90	60.40	59.30	61.29	59.75	1.86686069145	50
27170	27170	78512	78512	59.35	61.30	59.60	58.80	60.75	59.23	59.65	61.83	60.30	59.27	61.29	59.71	1.86639012731	50
27220	27220	78462	78462	59.30	61.25	59.58	58.73	60.80	59.25	59.70	61.67	60.30	59.24	61.24	59.71	1.86608217731	50
27270	27270	78412	78412	59.33	61.12	59.58	58.70	60.70	59.20	59.73	61.70	60.27	59.25	61.17	59.68	1.86660644799	50
27320	27320	78362	78362	59.25	61.15	59.52	58.65	60.62	59.25	59.62	61.67	60.27	59.17	61.15	59.68	1.86663938166	50
27370	27370	78312	78312	59.30	61.12	59.48	58.65	60.60	59.23	59.62	61.58	60.15	59.19	61.10	59.62	1.86718934513	50
27420	27420	78262	78262	59.33	61.10	59.40	58.62	60.55	59.10	59.58	61.52	60.08	59.17	61.06	59.52	1.86755076561	50
27470	27470	78212	78212	59.27	61.00	59.33	58.58	60.52	59.08	59.50	61.50	60.08	59.12	61.01	59.49	1.86720664642	50
27520	27520	78162	78162	59.12	60.92	59.30	58.62	60.55	58.98	59.50	61.58	60.05	59.08	61.02	59.44	1.86712413069	50
27570	27570	78112	78112	59.17	60.95	59.30	58.58	60.38	59.00	59.35	61.35	59.95	59.03	60.89	59.42	1.86654803047	50
27620	27620	78062	78062	59.17	60.90	59.33	58.50	60.40	59.05	59.33	61.52	59.95	59.00	60.94	59.44	1.86689890785	50
27670	27670	78012	78012	59.05	60.92	59.27	58.55	60.38	58.98	59.27	61.40	59.92	58.96	60.90	59.39	1.86742796654	50
27720	27720	77962	77962	59.02	60.85	59.27	58.52	60.38	58.95	59.33	61.38	59.90	58.96	60.87	59.38	1.8676849351	50
27770	27770	77912	77912	59.02	60.83	59.27	58.52	60.27	58.95	59.27	61.38	59.92	58.94	60.83	59.38	1.86754680426	50
27820	27820	77862	77862	59.12	60.83	59.25	58.45	60.27	58.88	59.30	61.33	59.90	58.96	60.81	59.34	1.86809617272	50
27870	27870	77812	77812	59.02	60.83	59.17	58.42	60.27	58.83	59.30	61.33	59.92	58.92	60.81	59.31	1.86812163869	50
27920	27920	77762	77762	59.00	60.77	59.15	58.48	60.25	58.77	59.20	61.25	59.88	58.89	60.76	59.27	1.86853065289	50
27970	27970	77712	77712	58.92	60.73	59.10	58.45	60.20	58.77	59.17	61.35	59.83	58.85	60.76	59.23	1.8684129564	50
28020	28020	77662	77662	58.88	60.73	59.08	58.42	60.20	58.75	59.20	61.17	59.83	58.83	60.70	59.22	1.86840176047	50
28070	28070	77612	77612	58.85	60.62	59.05	58.38	60.08	58.65	59.23	61.23	59.67	58.82	60.64	59.12	1.86884263748	50
28120	28120	77562	77562	58.85	60.62	59.08	58.33	60.05	58.65	59.12	61.12	59.60	58.77	60.60	59.11	1.86907423137	50
28170	28170	77512	77512	58.88	60.65	59.05	58.35	60.08	58.60	59.08	61.12	59.58	58.77	60.62	59.08	1.86912040497	50
28220	28220	77462	77462	58.85	60.65	59.02	58.35	60.08	58.62	59.08	61.15	59.60	58.76	60.62	59.08	1.86979115919	50
28270	28270	77412	77412	58.85	60.62	59.00	58.35	60.05	58.58	58.98	61.17	59.55	58.73	60.62	59.04	1.87064926901	50
28320	28320	77362	77362	58.83	60.58	59.02	58.25	59.98	58.55	59.00	61.12	59.52	58.69	60.56	59.03	1.87082862867	50
28370	28370	77312	77312	58.73	60.52	58.98	58.25	59.98	58.48	58.95	61.02	59.38	58.64	60.51	58.94	1.87115516103	50
28420	28420	77262	77262	58.73	60.45	58.95	58.25	59.90	58.48	58.92	60.90	59.33	58.63	60.42	58.92	1.87257795053	50
28470	28470	77212	77212	58.75	60.40	58.90	58.15	59.85	58.42	58.73	60.80	59.33	58.54	60.35	58.88	1.87204774548	50
28520	28520	77162	77162	58.75	60.38	58.85	58.05	59.83	58.42	58.67	60.80	59.35	58.49	60.33	58.88	1.87147719186	50
28570	28570	77112	77112	58.65	60.23	58.80	58.10	59.83	58.42	58.62	60.83	59.23	58.46	60.29	58.82	1.87207934119	50
28620	28620	77062	77062	58.67	60.30	58.75	57.88	59.80	58.40	58.62	60.80	59.23	58.39	60.30	58.79	1.87126545829	50
28670	28670	77012	77012	58.65	60.25	58.70	57.92	59.75	58.38	58.52	60.77	59.17	58.37	60.26	58.75	1.87108743827	50
28720	28720	76962	76962	58.58	60.23	58.67	57.85	59.73	58.38	58.48	60.77	59.12	58.30	60.24	58.73	1.87178150185	50
28770	28770	76912	76912	58.55	60.25	58.70	57.77	59.70	58.35	58.50	60.67	59.08	58.27	60.21	58.71	1.87198128326	50
28820	28820	76862	76862	58.52	60.23	58.70	57.85	59.65	58.30	58.50	60.60	59.10	58.29	60.16	58.70	1.87296126774	50
28870	28870	76812	76812	58.55	60.17	58.67	57.85	59.67	58.30	58.48	60.60	58.98	58.29	60.15	58.65	1.87350651438	50
28920	28920	76762	76762	58.48	60.15	58.62	57.75	59.58	58.30	58.42	60.55	58.88	58.22	60.09	58.60	1.87310060547	50
28970	28970	76712	76712	58.42	60.12	58.62	57.73	59.52	58.25	58.38	60.52	58.88	58.17	60.06	58.58	1.87388981109	50
29020	29020	76662	76662	58.45	60.12	58.55	57.73	59.52	58.20	58.35	60.45	58.83	58.17	60.03	58.52	1.87378530013	50
29070	29070	76612	76612	58.48	59.98	58.55	57.73	59.52	58.17	58.35	60.48	58.83	58.18	59.99	58.52	1.87398267858	50
29120	29120	76562	76562	58.42	59.92	58.50	57.73	59.48	58.15	58.38	60.38	58.80	58.17	59.92	58.48	1.87398029546	50
29170	29170	76512	76512	58.45	59.92	58.45	57.70	59.48	58.15	58.33	60.35	58.77	58.16	59.92	58.46	1.87413972592	50
29220	29220	76462	76462	58.42	59.95	58.45	57.70	59.42	58.08	58.33	60.30	58.77	58.15	59.89	58.43	1.87462590645	50
29270	29270	76412	76412	58.38	59.92	58.42	57.67	59.33	58.08	58.27	60.30	58.73	58.11	59.85	58.41	1.87478688365	50
29320	29320	76362	76362	58.30	60.00	58.40	57.65	59.33	58.08	58.25	60.30	58.77	58.07	59.88	58.42	1.87528080655	50
29370	29370	76312	76312	58.33	59.98	58.35	57.62	59.35	58.05	58.20	60.20	58.77	58.05	59.84	58.39	1.87577894177	50
29420	29420	76262	76262	58.30	59.95	58.35	57.60	59.35	58.08	58.17	60.20	58.73	58.02	59.83	58.38	1.87616437948	50
29470	29470	76212	76212	58.27	59.92	58.33	57.60	59.33	58.02	58.10	60.15	58.62	57.99	59.80	58.33	1.875794562	50
29520	29520	76162	76162	58.20	59.92	58.17	57.58	59.25	58.00	58.12	60.08	58.58	57.97	59.75	58.25	1.87590689349	50
29570	29570	76112	76112	58.10	59.88	58.20	57.52	59.17	58.00	58.05	60.08	58.55	57.89	59.71	58.25	1.87619997203	50
29620	29620	76062	76062	58.00	59.85	58.17	57.48	59.15	57.98	57.98	59.95	58.40	57.82	59.65	58.18	1.87566871154	50
29670	29670	76012	76012	58.00	59.80	58.12	57.45	59.02	57.92	57.88	60.00	58.40	57.77	59.61	58.15	1.87612299589	50
29720	29720	75962	75962	58.02	59.80	58.12	57.45	59.05	57.90	57.80	59.98	58.42	57.76	59.61	58.15	1.87640215637	50
29770	29770	75912	75912	57.88	59.73	58.12	57.45	59.02	57.85	57.83	59.90	58.42	57.72	59.55	58.13	1.87702159784	50
29820	29820	75862	75862	57.92	59.67	58.15	57.42	59.02	57.80	57.83	59.90	58.35	57.73	59.53	58.10	1.87744155786	50
29870	29870	75812	75812	57.88	59.65	58.12	57.45	58.98	57.80	57.83	59.80	58.27	57.72	59.48	58.07	1.87756030209	50
29920	29920	75762	75762	57.92	59.65	58.08	57.38	59.02	57.80	57.77	59.80	58.25	57.69	59.49	58.04	1.8784667443	50
29970	29970	75712	75712	57.90	59.62	58.05	57.30	59.02	57.75	57.73	59.77	58.23	57.64	59.48	58.01	1.87873054973	50
30020	30020	75662	75662	57.90	59.62	58.05	57.30	59.00	57.70	57.70	59.73	58.25	57.63	59.45	58.00	1.87844693126	50
30070	30070	75612	75612	57.80	59.60	58.02	57.30	58.92	57.70	57.65	59.73	58.23	57.58	59.42	57.98	1.87959387962	50
30120	30120	75562	75562	57.73	59.58	57.92	57.33	58.95	57.67	57.62	59.67	58.15	57.56	59.40	57.92	1.88030253381	50
30170	30170	75512	75512	57.73	59.60	57.90	57.33	58.92	57.62	57.62	59.65	58.17	57.56	59.39	57.90	1.88071557107	50
30220	30220	75462	75462	57.67	59.55	57.88	57.30	58.88	57.60	57.62	59.65	58.20	57.53	59.36	57.89	1.88025266024	50
30270	30270	75412	75412	57.70	59.48	57.80	57.27	58.85	57.55	57.58	59.65	58.17	57.52	59.33	57.84	1.88107848222	50
30320	30320	75362	75362	57.62	59.48	57.73	57.25	58.80	57.55	57.52	59.58	58.15	57.47	59.28	57.81	1.88080254244	50
30370	30370	75312	75312	57.58	59.42	57.75	57.25	58.77	57.48	57.50	59.62	58.12	57.44	59.27	57.78	1.88115317313	50
30420	30420	75262	75262	57.58	59.42	57.67	57.23	58.75	57.48	57.52	59.58	58.12	57.44	59.25	57.76	1.88140383069	50
30470	30470	75212	75212	57.60	59.45	57.73	57.20	58.70	57.48	57.40	59.55	58.10	57.40	59.23	57.77	1.88191910124	50
30520	30520	75162	75162	57.52	59.50	57.75	57.08	58.67	57.48	57.40	59.52	58.02	57.33	59.23	57.75	1.88247407448	50
30570	30570	75112	75112	57.48	59.42	57.67	57.02	58.70	57.45	57.38	59.55	58.08	57.29	59.23	57.73	1.88278743158	50
30620	30620	75062	75062	57.45	59.42	57.67	56.95	58.70	57.40	57.30	59.60	58.05	57.23	59.24	57.71	1.88327889805	50
30670	30670	75012	75012	57.48	59.35	57.65	57.00	58.70	57.40	57.35	59.50	58.02	57.27	59.18	57.69	1.88344023469	50
30720	30720	74962	74962	57.48	59.33	57.62	56.85	58.70	57.42	57.33	59.52	58.00	57.22	59.18	57.68	1.88438815518	50
30770	30770	74912	74912	57.50	59.33	57.65	56.83	58.67	57.40	57.30	59.50	57.95	57.21	59.17	57.67	1.88509399836	50
30820	30820	74862	74862	57.45	59.27	57.65	56.77	58.58	57.35	57.27	59.52	57.88	57.17	59.12	57.62	1.88503337319	50
30870	30870	74812	74812	57.42	59.27	57.62	56.75	58.52	57.25	57.23	59.45	57.80	57.13	59.08	57.56	1.88545493176	50
30920	30920	74762	74762	57.48	59.27	57.58	56.77	58.52	57.20	57.25	59.52	57.75	57.17	59.11	57.51	1.8854094836	50
30970	30970	74712	74712	57.48	59.15	57.55	56.73	58.48	57.17	57.20	59.45	57.73	57.13	59.02	57.48	1.88541589025	50
31020	31020	74662	74662	57.40	59.15	57.55	56.65	58.52	57.20	57.25	59.38	57.67	57.10	59.02	57.48	1.88521355005	50
31070	31070	74612	74612	57.35	59.10	57.55	56.70	58.52	57.17	57.23	59.35	57.70	57.09	58.99	57.48	1.88573046781	50
31120	31120	74562	74562	57.40	59.08	57.52	56.73	58.52	57.12	57.25	59.35	57.67	57.12	58.98	57.44	1.88572331673	50
31170	31170	74512	74512	57.38	59.02	57.48	56.62	58.50	57.17	57.17	59.27	57.73	57.06	58.93	57.46	1.88575561854	50
31220	31220	74462	74462	57.30	58.98	57.50	56.60	58.48	57.20	57.17	59.23	57.70	57.02	58.89	57.47	1.88665170777	50
31270	31270	74412	74412	57.27	59.02	57.50	56.60	58.42	57.23	57.20	59.27	57.73	57.02	58.91	57.48	1.88649243703	50
31320	31320	74362	74362	57.20	59.05	57.52	56.58	58.45	57.15	57.10	59.27	57.70	56.96	58.92	57.46	1.88648933901	50
31370	31370	74312	74312	57.23	59.02	57.48	56.65	58.42	57.17	57.15	59.25	57.62	57.01	58.90	57.42	1.88610172873	50
31420	31420	74262	74262	57.15	59.02	57.48	56.52	58.35	57.20	57.08	59.27	57.60	56.92	58.88	57.42	1.88673374442	50
31470	31470	74212	74212	57.15	59.00	57.48	56.55	58.38	57.15	57.08	59.20	57.55	56.92	58.86	57.39	1.8865304646	50
31520	31520	74162	74162	57.12	59.00	57.45	56.55	58.35	57.12	57.10	59.25	57.52	56.92	58.87	57.37	1.88659248024	50
31570	31570	74112	74112	57.12	58.98	57.40	56.50	58.38	57.10	56.92	59.20	57.52	56.85	58.85	57.34	1.88757120903	50
31620	31620	74062	74062	57.12	58.95	57.40	56.50	58.38	57.02	56.95	59.17	57.52	56.86	58.83	57.32	1.88727224796	50
31670	31670	74012	74012	57.15	58.95	57.35	56.58	58.40	56.98	56.95	59.25	57.52	56.89	58.87	57.28	1.88789205474	50
31720	31720	73962	73962	57.12	58.95	57.40	56.52	58.35	56.98	56.98	59.25	57.52	56.88	58.85	57.30	1.88860653436	50
31770	31770	73912	73912	57.10	58.90	57.33	56.50	58.30	56.98	57.00	59.25	57.50	56.87	58.82	57.27	1.88880996112	50
31820	31820	73862	73862	57.10	58.88	57.25	56.50	58.30	56.95	56.95	59.17	57.48	56.85	58.78	57.23	1.88872710708	50
31870	31870	73812	73812	57.12	58.85	57.35	56.48	58.27	56.95	56.95	59.15	57.52	56.85	58.76	57.27	1.88910643689	50
31920	31920	73762	73762	57.12	58.80	57.30	56.38	58.27	56.95	56.88	59.12	57.52	56.79	58.73	57.26	1.89023257565	50
31970	31970	73712	73712	57.15	58.77	57.27	56.38	58.27	56.95	56.88	59.12	57.50	56.80	58.73	57.24	1.89004835885	50
32020	32020	73662	73662	57.17	58.80	57.27	56.35	58.30	57.00	56.92	59.15	57.50	56.82	58.75	57.26	1.88920765613	50
32070	32070	73612	73612	57.10	58.75	57.25	56.30	58.33	56.98	56.90	59.23	57.48	56.77	58.77	57.23	1.88947574959	50
32120	32120	73562	73562	57.00	58.67	57.25	56.33	58.27	56.95	56.88	59.23	57.45	56.73	58.73	57.22	1.88985971115	50
32170	32170	73512	73512	57.08	58.70	57.23	56.33	58.25	56.95	56.83	59.15	57.45	56.74	58.70	57.21	1.88974915198	50
32220	32220	73462	73462	57.05	58.70	57.23	56.33	58.20	56.92	56.80	59.20	57.45	56.73	58.70	57.20	1.89018777212	50
32270	32270	73412	73412	57.05	58.65	57.20	56.33	58.17	56.90	56.83	59.17	57.42	56.73	58.67	57.17	1.89051409618	50
32320	32320	73362	73362	57.05	58.67	57.23	56.35	58.12	56.92	56.83	59.17	57.42	56.74	58.66	57.19	1.89023561723	50
32370	32370	73312	73312	56.98	58.67	57.23	56.27	58.15	56.88	56.80	59.12	57.42	56.68	58.65	57.17	1.89027797234	50
32420	32420	73262	73262	56.95	58.67	57.25	56.35	58.10	56.88	56.80	59.12	57.48	56.70	58.63	57.20	1.89072997929	50
32470	32470	73212	73212	56.90	58.70	57.20	56.30	58.12	56.85	56.77	59.15	57.50	56.66	58.66	57.18	1.89088872835	50
32520	32520	73162	73162	56.88	58.70	57.17	56.33	58.12	56.83	56.77	59.15	57.50	56.66	58.66	57.17	1.89158178889	50
32570	32570	73112	73112	56.83	58.67	57.17	56.35	58.15	56.85	56.77	59.10	57.45	56.65	58.64	57.16	1.89116302912	50
32620	32620	73062	73062	56.85	58.70	57.12	56.25	58.12	56.83	56.73	59.10	57.50	56.61	58.64	57.15	1.89096590181	50
32670	32670	73012	73012	56.85	58.67	57.15	56.17	58.08	56.83	56.70	59.15	57.42	56.58	58.63	57.13	1.89154479535	50
32720	32720	72962	72962	56.88	58.62	57.15	56.20	58.02	56.83	56.70	59.12	57.42	56.59	58.59	57.13	1.89160649803	50
32770	32770	72912	72912	56.80	58.62	57.15	56.17	58.02	56.80	56.67	59.12	57.35	56.55	58.59	57.10	1.89235819836	50
32820	32820	72862	72862	56.80	58.60	57.17	56.20	58.00	56.77	56.65	59.08	57.40	56.55	58.56	57.12	1.89254076341	50
32870	32870	72812	72812	56.83	58.58	57.15	56.15	58.05	56.80	56.65	59.08	57.40	56.54	58.57	57.12	1.89254348137	50
32920	32920	72762	72762	56.83	58.60	57.12	56.17	58.02	56.80	56.62	59.10	57.38	56.54	58.58	57.10	1.89287926096	50
32970	32970	72712	72712	56.80	58.62	57.08	56.20	58.02	56.80	56.58	59.02	57.35	56.52	58.56	57.08	1.89345529712	50
33020	33020	72662	72662	56.83	58.65	57.08	56.23	58.02	56.80	56.50	58.98	57.38	56.52	58.55	57.08	1.89424883799	50
33070	33070	72612	72612	56.83	58.60	57.08	56.12	58.02	56.83	56.48	58.92	57.33	56.48	58.52	57.08	1.89425332591	50
33120	33120	72562	72562	56.83	58.60	57.08	56.12	58.00	56.80	56.42	58.92	57.35	56.46	58.51	57.08	1.89435952219	50
33170	33170	72512	72512	56.80	58.58	57.08	56.08	58.00	56.80	56.35	58.92	57.35	56.41	58.50	57.08	1.89529409299	50
33220	33220	72462	72462	56.75	58.58	57.08	56.02	57.95	56.75	56.33	58.92	57.33	56.37	58.48	57.05	1.89507330128	50
33270	33270	72412	72412	56.77	58.50	57.08	56.08	57.98	56.77	56.35	58.95	57.35	56.40	58.48	57.07	1.89497065692	50
33320	33320	72362	72362	56.70	58.50	57.10	56.05	58.00	56.75	56.33	58.95	57.30	56.36	58.48	57.05	1.89505852608	50
33370	33370	72312	72312	56.70	58.42	57.12	56.00	58.00	56.75	56.38	58.95	57.27	56.36	58.46	57.05	1.89502154032	50
33420	33420	72262	72262	56.67	58.42	57.10	56.00	58.00	56.70	56.40	58.95	57.27	56.36	58.46	57.02	1.89488081888	50
33470	33470	72212	72212	56.62	58.40	57.08	55.98	57.98	56.67	56.38	58.98	57.25	56.33	58.45	57.00	1.89527320067	50
33520	33520	72162	72162	56.62	58.40	57.05	55.95	58.00	56.67	56.40	58.98	57.20	56.33	58.46	56.98	1.89526684302	50
33570	33570	72112	72112	56.60	58.40	57.02	55.83	57.95	56.62	56.38	58.92	57.20	56.27	58.42	56.95	1.89597094637	50
33620	33620	72062	72062	56.65	58.40	57.02	55.75	57.92	56.60	56.38	58.95	57.15	56.26	58.42	56.92	1.8962177413	50
33670	33670	72012	72012	56.65	58.35	57.02	55.77	57.90	56.58	56.30	58.95	57.12	56.24	58.40	56.91	1.89658378379	50
33720	33720	71962	71962	56.62	58.33	57.00	55.80	57.90	56.58	56.30	58.90	57.15	56.24	58.38	56.91	1.89600579206	50
33770	33770	71912	71912	56.60	58.30	57.02	55.75	57.90	56.55	56.35	58.92	57.15	56.23	58.38	56.91	1.89594101102	50
33820	33820	71862	71862	56.62	58.30	57.05	55.77	57.88	56.52	56.38	58.90	57.15	56.26	58.36	56.91	1.89616506833	50
33870	33870	71812	71812	56.62	58.27	57.02	55.73	57.83	56.52	56.35	58.90	57.17	56.23	58.33	56.91	1.89637190906	50
33920	33920	71762	71762	56.58	58.27	56.98	55.73	57.83	56.50	56.33	58.90	57.15	56.21	58.33	56.88	1.89700082663	50
33970	33970	71712	71712	56.58	58.27	57.02	55.62	57.85	56.48	56.40	58.92	57.15	56.20	58.35	56.88	1.89723963987	50
34020	34020	71662	71662	56.52	58.25	57.00	55.67	57.88	56.48	56.40	58.95	57.10	56.20	58.36	56.86	1.89768589617	50
34070	34070	71612	71612	56.45	58.33	56.95	55.62	57.85	56.48	56.33	58.95	57.10	56.13	58.38	56.84	1.89791244578	50
34120	34120	71562	71562	56.48	58.25	56.90	55.60	57.83	56.48	56.27	58.92	57.10	56.12	58.33	56.83	1.89841516615	50
34170	34170	71512	71512	56.48	58.25	56.88	55.55	57.88	56.48	56.23	58.95	57.12	56.08	58.36	56.83	1.89892270878	50
34220	34220	71462	71462	56.45	58.23	56.85	55.55	57.88	56.48	56.23	58.90	57.10	56.08	58.33	56.81	1.89889496171	50
34270	34270	71412	71412	56.42	58.25	56.85	55.50	57.88	56.48	56.23	58.88	57.12	56.05	58.33	56.82	1.89878335926	50
34320	34320	71362	71362	56.42	58.20	56.85	55.50	57.83	56.48	56.17	58.88	57.15	56.03	58.30	56.83	1.89899289473	50
34370	34370	71312	71312	56.35	58.17	56.85	55.50	57.85	56.48	56.20	58.88	57.15	56.02	58.30	56.83	1.8992304297	50
34420	34420	71262	71262	56.33	58.20	56.88	55.45	57.85	56.48	56.23	58.92	57.15	56.00	58.33	56.83	1.89959013128	50
34470	34470	71212	71212	56.30	58.20	56.80	55.42	57.85	56.48	56.12	58.85	57.15	55.95	58.30	56.81	1.89957269797	50
34520	34520	71162	71162	56.27	58.12	56.80	55.35	57.85	56.48	56.15	58.85	57.15	55.92	58.27	56.81	1.90018724592	50
34570	34570	71112	71112	56.33	58.10	56.85	55.33	57.85	56.48	56.15	58.85	57.12	55.93	58.27	56.82	1.90009117771	50
34620	34620	71062	71062	56.33	58.17	56.83	55.30	57.85	56.48	56.12	58.80	57.10	55.92	58.27	56.80	1.90081202396	50
34670	34670	71012	71012	56.35	58.15	56.83	55.23	57.85	56.48	56.10	58.80	57.10	55.89	58.27	56.80	1.90080179116	50
34720	34720	70962	70962	56.38	58.15	56.77	55.23	57.85	56.48	56.10	58.73	57.15	55.90	58.24	56.80	1.90076098008	50
34770	34770	70912	70912	56.38	58.17	56.80	55.25	57.85	56.45	56.05	58.75	57.10	55.89	58.26	56.78	1.9008395836	50
34820	34820	70862	70862	56.33	58.23	56.80	55.25	57.80	56.45	56.00	58.77	57.08	55.86	58.27	56.77	1.90071095637	50
34870	34870	70812	70812	56.27	58.20	56.77	55.25	57.80	56.45	56.02	58.70	57.08	55.85	58.23	56.77	1.90078779621	50
34920	34920	70762	70762	56.27	58.23	56.75	55.27	57.70	56.48	55.98	58.67	57.05	55.84	58.20	56.76	1.90099219241	50
34970	34970	70712	70712	56.33	58.17	56.77	55.27	57.65	56.48	55.98	58.70	57.08	55.86	58.17	56.77	1.90097081333	50
35020	35020	70662	70662	56.30	58.20	56.75	55.27	57.60	56.45	55.92	58.67	57.08	55.83	58.16	56.76	1.90111997437	50
35070	35070	70612	70612	56.30	58.12	56.80	55.27	57.62	56.45	55.85	58.65	57.05	55.81	58.13	56.77	1.90121625864	50
35120	35120	70562	70562	56.23	58.12	56.77	55.25	57.58	56.42	55.90	58.62	57.08	55.79	58.11	56.76	1.90140218335	50
35170	35170	70512	70512	56.30	58.12	56.73	55.20	57.58	56.38	55.85	58.60	57.05	55.78	58.10	56.72	1.90159016223	50
35220	35220	70462	70462	56.33	58.10	56.73	55.23	57.55	56.35	55.90	58.58	57.02	55.82	58.08	56.70	1.90164363394	50
35270	35270	70412	70412	56.33	58.12	56.73	55.20	57.55	56.33	55.90	58.55	57.05	55.81	58.08	56.70	1.9020045312	50
35320	35320	70362	70362	56.27	58.10	56.73	55.20	57.55	56.33	55.85	58.52	57.02	55.77	58.06	56.69	1.90186745898	50
35370	35370	70312	70312	56.23	58.10	56.73	55.17	57.58	56.35	55.85	58.50	57.05	55.75	58.06	56.71	1.90231233991	50
35420	35420	70262	70262	56.20	58.08	56.73	55.17	57.58	56.38	55.85	58.50	57.02	55.74	58.05	56.71	1.90264572109	50
35470	35470	70212	70212	56.12	58.08	56.73	55.10	57.60	56.33	55.83	58.48	57.00	55.68	58.05	56.68	1.90334189019	50
35520	35520	70162	70162	56.08	58.05	56.70	55.10	57.60	56.30	55.77	58.42	56.98	55.65	58.02	56.66	1.90302362885	50
35570	35570	70112	70112	56.10	58.05	56.70	55.05	57.60	56.23	55.77	58.40	56.92	55.64	58.02	56.62	1.90308587205	50
35620	35620	70062	70062	56.10	58.02	56.70	55.05	57.60	56.23	55.70	58.35	56.90	55.62	57.99	56.61	1.90344213309	50
35670	35670	70012	70012	56.08	58.00	56.65	55.05	57.58	56.25	55.73	58.38	56.88	55.62	57.98	56.59	1.90342540424	50
35720	35720	69962	69962	56.08	58.02	56.65	55.05	57.58	56.23	55.70	58.42	56.88	55.61	58.01	56.58	1.90321189867	50
35770	35770	69912	69912	56.05	58.00	56.65	55.05	57.50	56.23	55.70	58.33	56.85	55.60	57.94	56.58	1.90350039638	50
35820	35820	69862	69862	55.98	58.05	56.67	55.05	57.48	56.23	55.67	58.35	56.88	55.57	57.96	56.59	1.90378714539	50
35870	35870	69812	69812	55.98	58.00	56.65	55.02	57.48	56.25	55.70	58.33	56.88	55.57	57.93	56.59	1.90374251061	50
35920	35920	69762	69762	55.98	58.02	56.70	54.95	57.48	56.25	55.65	58.38	56.88	55.52	57.96	56.61	1.90440553114	50
35970	35970	69712	69712	56.02	58.00	56.65	54.95	57.48	56.25	55.70	58.30	56.90	55.56	57.92	56.60	1.90424254695	50
36020	36020	69662	69662	56.00	58.08	56.67	54.98	57.50	56.23	55.65	58.25	56.80	55.54	57.94	56.57	1.90457690626	50
36070	36070	69612	69612	55.98	58.05	56.67	54.98	57.48	56.23	55.60	58.25	56.83	55.52	57.92	56.58	1.90477080259	50
36120	36120	69562	69562	56.00	58.05	56.62	54.95	57.42	56.20	55.58	58.25	56.80	55.51	57.91	56.54	1.90489505659	50
36170	36170	69512	69512	56.00	58.05	56.62	54.95	57.40	56.15	55.58	58.30	56.75	55.51	57.92	56.51	1.90504454691	50
36220	36220	69462	69462	55.92	58.05	56.58	54.92	57.40	56.08	55.58	58.27	56.75	55.48	57.91	56.47	1.90539306326	50
36270	36270	69412	69412	55.90	58.10	56.58	54.92	57.35	56.08	55.58	58.25	56.75	55.47	57.90	56.47	1.9051086758	50
36320	36320	69362	69362	55.88	58.08	56.58	54.90	57.35	56.08	55.50	58.23	56.75	55.42	57.88	56.47	1.90524556749	50
36370	36370	69312	69312	55.83	58.08	56.58	54.90	57.33	56.12	55.50	58.20	56.75	55.41	57.87	56.48	1.9057684035	50
36420	36420	69262	69262	55.77	58.08	56.55	54.90	57.35	56.12	55.52	58.20	56.73	55.40	57.88	56.47	1.90588585095	50
36470	36470	69212	69212	55.77	58.05	56.60	54.85	57.35	56.08	55.52	58.17	56.70	55.38	57.86	56.46	1.90621772893	50
36520	36520	69162	69162	55.77	58.05	56.55	54.85	57.33	56.12	55.52	58.23	56.70	55.38	57.87	56.46	1.90590745758	50
36570	36570	69112	69112	55.75	58.02	56.52	54.85	57.38	56.10	55.48	58.20	56.67	55.36	57.87	56.43	1.90635761554	50
36620	36620	69062	69062	55.75	58.02	56.52	54.75	57.35	56.02	55.48	58.17	56.67	55.33	57.85	56.41	1.90644752205	50
36670	36670	69012	69012	55.75	58.02	56.48	54.75	57.35	56.02	55.50	58.17	56.65	55.33	57.85	56.38	1.90699387945	50
36720	36720	68962	68962	55.77	58.05	56.42	54.70	57.33	55.95	55.50	58.12	56.67	55.33	57.83	56.35	1.9067117359	50
36770	36770	68912	68912	55.77	58.10	56.45	54.70	57.33	55.90	55.50	58.12	56.65	55.33	57.85	56.33	1.90692965492	50
36820	36820	68862	68862	55.75	58.05	56.45	54.70	57.33	55.90	55.48	58.10	56.67	55.31	57.83	56.34	1.9065692507	50
36870	36870	68812	68812	55.75	58.02	56.48	54.73	57.30	55.90	55.50	58.12	56.65	55.33	57.82	56.34	1.90728611643	50
36920	36920	68762	68762	55.75	57.98	56.40	54.65	57.30	55.90	55.48	58.15	56.67	55.29	57.81	56.33	1.90707347673	50
36970	36970	68712	68712	55.75	57.92	56.40	54.65	57.33	55.90	55.45	58.12	56.62	55.28	57.79	56.31	1.90673044951	50
37020	37020	68662	68662	55.73	57.92	56.38	54.65	57.30	55.90	55.42	58.15	56.55	55.27	57.79	56.27	1.90688353299	50
37070	37070	68612	68612	55.73	57.92	56.38	54.65	57.30	55.90	55.48	58.12	56.58	55.28	57.78	56.28	1.90697778425	50
37120	37120	68562	68562	55.70	57.90	56.38	54.67	57.25	55.90	55.45	58.20	56.52	55.27	57.78	56.27	1.90723450401	50
37170	37170	68512	68512	55.70	57.88	56.38	54.65	57.25	55.88	55.42	58.17	56.50	55.26	57.77	56.25	1.90751123416	50
37220	37220	68462	68462	55.70	57.85	56.38	54.65	57.25	55.88	55.45	58.15	56.45	55.27	57.75	56.23	1.90732717183	50
37270	37270	68412	68412	55.67	57.85	56.38	54.60	57.30	55.88	55.40	58.12	56.48	55.23	57.76	56.24	1.90749122046	50
37320	37320	68362	68362	55.67	57.88	56.35	54.60	57.25	55.88	55.35	58.12	56.45	55.21	57.75	56.23	1.90793243029	50
37370	37370	68312	68312	55.67	57.88	56.35	54.60	57.27	55.88	55.35	58.15	56.45	55.21	57.77	56.23	1.90746168263	50
37420	37420	68262	68262	55.62	57.88	56.35	54.60	57.27	55.88	55.35	58.12	56.50	55.19	57.76	56.24	1.90772548696	50
37470	37470	68212	68212	55.60	57.88	56.40	54.60	57.25	55.85	55.35	58.05	56.50	55.18	57.73	56.25	1.90806322819	50
37520	37520	68162	68162	55.60	57.90	56.35	54.60	57.17	55.83	55.35	58.02	56.48	55.18	57.70	56.22	1.90803209687	50
37570	37570	68112	68112	55.52	57.88	56.35	54.58	57.17	55.80	55.33	58.08	56.48	55.14	57.71	56.21	1.9081976422	50
37620	37620	68062	68062	55.52	57.83	56.33	54.58	57.20	55.75	55.33	58.08	56.45	55.14	57.70	56.17	1.90791807873	50
37670	37670	68012	68012	55.52	57.80	56.33	54.58	57.23	55.77	55.38	58.05	56.42	55.16	57.69	56.17	1.9081869341	50
37720	37720	67962	67962	55.52	57.88	56.33	54.58	57.23	55.75	55.35	58.08	56.40	55.15	57.73	56.16	1.90823637942	50
37770	37770	67912	67912	55.55	57.85	56.33	54.55	57.23	55.75	55.33	58.08	56.45	55.14	57.72	56.17	1.90806561751	50
37820	37820	67862	67862	55.58	57.83	56.33	54.55	57.23	55.75	55.33	58.02	56.38	55.15	57.69	56.15	1.90847183999	50
37870	37870	67812	67812	55.58	57.90	56.33	54.55	57.20	55.77	55.25	58.00	56.35	55.12	57.70	56.15	1.90885398876	50
37920	37920	67762	67762	55.55	57.83	56.30	54.60	57.20	55.73	55.27	57.98	56.38	55.14	57.67	56.13	1.90882326465	50
37970	37970	67712	67712	55.52	57.75	56.25	54.60	57.17	55.75	55.30	57.95	56.40	55.14	57.62	56.13	1.90850541698	50
38020	38020	67662	67662	55.48	57.73	56.25	54.58	57.17	55.75	55.27	57.95	56.40	55.11	57.62	56.13	1.90850832571	50
38070	38070	67612	67612	55.45	57.73	56.23	54.55	57.15	55.75	55.20	57.95	56.30	55.07	57.61	56.09	1.90869900989	50
38120	38120	67562	67562	55.45	57.73	56.23	54.55	57.12	55.75	55.23	57.90	56.33	55.08	57.58	56.10	1.90875384879	50
38170	38170	67512	67512	55.52	57.73	56.20	54.55	57.15	55.75	55.23	57.83	56.30	55.10	57.57	56.08	1.9093153985	50
38220	38220	67462	67462	55.48	57.73	56.17	54.52	57.15	55.70	55.23	57.85	56.30	55.08	57.58	56.06	1.90960320504	50
38270	38270	67412	67412	55.48	57.75	56.17	54.52	57.10	55.70	55.17	57.83	56.27	55.06	57.56	56.05	1.90980236557	50
38320	38320	67362	67362	55.42	57.75	56.15	54.52	57.10	55.67	55.27	57.90	56.27	55.08	57.58	56.03	1.9096490468	50
38370	38370	67312	67312	55.45	57.75	56.12	54.52	57.20	55.65	55.25	57.88	56.33	55.08	57.61	56.03	1.90955617193	50
38420	38420	67262	67262	55.48	57.75	56.12	54.50	57.17	55.65	55.23	57.88	56.33	55.07	57.60	56.03	1.90964011395	50
38470	38470	67212	67212	55.40	57.73	56.15	54.52	57.17	55.67	55.20	57.85	56.25	55.04	57.58	56.02	1.91038068375	50
38520	38520	67162	67162	55.45	57.73	56.20	54.50	57.15	55.67	55.17	57.85	56.25	55.04	57.58	56.04	1.91058866467	50
38570	38570	67112	67112	55.40	57.73	56.12	54.48	57.15	55.62	55.17	57.83	56.20	55.02	57.57	55.98	1.91055763832	50
38620	38620	67062	67062	55.38	57.67	56.12	54.48	57.12	55.62	55.17	57.80	56.17	55.01	57.53	55.98	1.91041708171	50
38670	38670	67012	67012	55.35	57.67	56.12	54.48	57.08	55.60	55.17	57.85	56.20	55.00	57.53	55.98	1.91010373669	50
38720	38720	66962	66962	55.35	57.67	56.10	54.48	57.10	55.62	55.20	57.80	56.20	55.01	57.52	55.98	1.91018392573	50
38770	38770	66912	66912	55.33	57.67	56.10	54.48	57.08	55.58	55.20	57.77	56.12	55.00	57.51	55.93	1.91040619139	50
38820	38820	66862	66862	55.35	57.65	56.12	54.42	57.10	55.55	55.17	57.80	56.12	54.98	57.52	55.93	1.91033448575	50
38870	38870	66812	66812	55.27	57.65	56.08	54.42	57.10	55.58	55.15	57.73	56.02	54.95	57.49	55.89	1.91034231353	50
38920	38920	66762	66762	55.25	57.62	56.10	54.45	57.08	55.60	55.15	57.77	56.02	54.95	57.49	55.91	1.91034263238	50
38970	38970	66712	66712	55.17	57.70	56.10	54.40	57.08	55.65	55.10	57.73	56.00	54.89	57.50	55.92	1.91076466325	50
39020	39020	66662	66662	55.20	57.67	56.10	54.40	57.08	55.62	55.12	57.73	56.00	54.91	57.49	55.91	1.91096577785	50
39070	39070	66612	66612	55.17	57.70	56.10	54.38	57.05	55.60	55.15	57.73	55.98	54.90	57.49	55.89	1.91133268212	50
39120	39120	66562	66562	55.17	57.67	56.10	54.35	57.02	55.58	55.10	57.70	55.98	54.88	57.47	55.88	1.91164325759	50
39170	39170	66512	66512	55.15	57.67	56.10	54.38	57.05	55.60	55.10	57.67	55.92	54.88	57.47	55.88	1.91145726585	50
39220	39220	66462	66462	55.12	57.65	56.12	54.38	57.02	55.52	55.08	57.73	55.90	54.86	57.47	55.85	1.91204273746	50
39270	39270	66412	66412	55.08	57.62	56.12	54.38	57.05	55.48	55.05	57.67	55.88	54.83	57.45	55.83	1.91241334439	50
39320	39320	66362	66362	55.08	57.62	56.12	54.33	57.08	55.45	55.05	57.67	55.90	54.82	57.46	55.83	1.91219731804	50
39370	39370	66312	66312	55.10	57.62	56.12	54.33	57.08	55.52	55.08	57.65	55.92	54.83	57.45	55.86	1.91223951161	50
39420	39420	66262	66262	55.10	57.60	56.12	54.35	57.08	55.58	55.10	57.67	55.92	54.85	57.45	55.88	1.91262444654	50
39470	39470	66212	66212	55.08	57.62	56.10	54.30	57.05	55.55	55.02	57.60	55.90	54.80	57.42	55.85	1.91282941176	50
39520	39520	66162	66162	55.00	57.60	56.15	54.35	57.02	55.52	55.08	57.62	55.85	54.81	57.42	55.84	1.9127414904	50
39570	39570	66112	66112	55.02	57.60	56.12	54.30	57.08	55.52	55.02	57.62	55.83	54.78	57.43	55.83	1.91288949513	50
39620	39620	66062	66062	55.05	57.60	56.12	54.27	57.05	55.52	54.95	57.60	55.83	54.76	57.42	55.83	1.91331904864	50
39670	39670	66012	66012	55.02	57.60	56.08	54.27	57.00	55.48	54.98	57.60	55.83	54.76	57.40	55.79	1.91372849257	50
39720	39720	65962	65962	55.02	57.50	56.02	54.25	57.00	55.45	54.92	57.58	55.80	54.73	57.36	55.76	1.91414310512	50
39770	39770	65912	65912	55.02	57.48	56.02	54.23	57.00	55.45	54.90	57.65	55.83	54.72	57.38	55.77	1.91455733281	50
39820	39820	65862	65862	55.02	57.45	56.02	54.20	56.98	55.45	54.95	57.62	55.75	54.73	57.35	55.74	1.91480260098	50
39870	39870	65812	65812	55.00	57.48	56.02	54.20	56.98	55.42	54.90	57.62	55.73	54.70	57.36	55.73	1.91486037607	50
39920	39920	65762	65762	54.98	57.48	56.00	54.23	56.95	55.38	54.90	57.65	55.73	54.70	57.36	55.70	1.91467798692	50
39970	39970	65712	65712	54.92	57.48	56.00	54.15	56.95	55.33	54.88	57.60	55.75	54.65	57.34	55.69	1.91438061967	50
40020	40020	65662	65662	54.92	57.42	56.00	54.12	56.95	55.38	54.85	57.60	55.73	54.63	57.33	55.70	1.91417439571	50
40070	40070	65612	65612	54.90	57.45	56.02	54.15	56.98	55.30	54.88	57.62	55.73	54.64	57.35	55.68	1.91467027601	50
40120	40120	65562	65562	54.90	57.48	56.00	54.12	56.95	55.33	54.85	57.62	55.73	54.62	57.35	55.68	1.91483752843	50
40170	40170	65512	65512	54.90	57.40	55.95	54.15	56.95	55.30	54.83	57.62	55.70	54.62	57.33	55.65	1.9144570119	50
40220	40220	65462	65462	54.90	57.38	55.92	54.12	56.92	55.30	54.77	57.62	55.70	54.60	57.31	55.64	1.91439843649	50
40270	40270	65412	65412	54.88	57.45	55.90	54.10	56.92	55.30	54.75	57.62	55.65	54.58	57.33	55.62	1.91447718079	50
40320	40320	65362	65362	54.85	57.40	55.88	54.10	56.90	55.30	54.77	57.58	55.65	54.58	57.29	55.61	1.91533253972	50
40370	40370	65312	65312	54.80	57.38	55.88	54.05	56.85	55.30	54.77	57.58	55.62	54.54	57.27	55.60	1.91557446724	50
40420	40420	65262	65262	54.80	57.42	55.88	54.05	56.85	55.35	54.77	57.60	55.60	54.54	57.29	55.61	1.91598749904	50
40470	40470	65212	65212	54.88	57.42	55.90	54.00	56.83	55.35	54.75	57.58	55.58	54.54	57.27	55.61	1.91635538259	50
40520	40520	65162	65162	54.85	57.40	55.88	54.10	56.85	55.30	54.75	57.58	55.55	54.57	57.27	55.58	1.91616226987	50
40570	40570	65112	65112	54.85	57.40	55.85	54.08	56.88	55.30	54.73	57.55	55.58	54.55	57.27	55.58	1.91588287256	50
40620	40620	65062	65062	54.80	57.40	55.80	54.05	56.88	55.25	54.65	57.48	55.50	54.50	57.25	55.52	1.91603830596	50
40670	40670	65012	65012	54.83	57.33	55.80	54.05	56.85	55.25	54.67	57.50	55.50	54.52	57.23	55.52	1.91671998098	50
40720	40720	64962	64962	54.83	57.27	55.77	54.08	56.90	55.27	54.65	57.45	55.50	54.52	57.21	55.52	1.91677609911	50
40770	40770	64912	64912	54.80	57.27	55.77	54.08	56.90	55.25	54.65	57.42	55.50	54.51	57.20	55.51	1.91704036252	50
40820	40820	64862	64862	54.80	57.27	55.77	54.10	56.88	55.27	54.67	57.42	55.50	54.52	57.19	55.52	1.91686834436	50
40870	40870	64812	64812	54.80	57.25	55.77	54.05	56.88	55.23	54.70	57.42	55.50	54.52	57.18	55.50	1.91739022981	50
40920	40920	64762	64762	54.77	57.25	55.77	54.02	56.85	55.17	54.70	57.40	55.52	54.50	57.17	55.49	1.9175187185	50
40970	40970	64712	64712	54.80	57.25	55.73	54.05	56.83	55.23	54.67	57.40	55.52	54.51	57.16	55.49	1.91738294814	50
41020	41020	64662	64662	54.83	57.25	55.73	54.02	56.88	55.23	54.67	57.40	55.50	54.51	57.17	55.48	1.91760241757	50
41070	41070	64612	64612	54.80	57.23	55.75	54.05	56.85	55.17	54.65	57.42	55.50	54.50	57.17	55.48	1.91782323164	50
41120	41120	64562	64562	54.80	57.27	55.73	53.98	56.83	55.17	54.60	57.42	55.42	54.46	57.17	55.44	1.91784510037	50
41170	41170	64512	64512	54.77	57.27	55.73	53.95	56.83	55.12	54.58	57.42	55.45	54.43	57.17	55.43	1.91837376063	50
41220	41220	64462	64462	54.77	57.25	55.67	53.98	56.83	55.12	54.60	57.50	55.48	54.45	57.19	55.42	1.91797361037	50
41270	41270	64412	64412	54.77	57.20	55.62	53.95	56.80	55.15	54.62	57.45	55.45	54.45	57.15	55.41	1.91806907985	50
41320	41320	64362	64362	54.77	57.17	55.65	53.88	56.83	55.15	54.62	57.40	55.42	54.42	57.13	55.41	1.91803657023	50
41370	41370	64312	64312	54.75	57.17	55.65	53.90	56.80	55.15	54.52	57.33	55.42	54.39	57.10	55.41	1.9184636744	50
41420	41420	64262	64262	54.73	57.20	55.65	53.90	56.80	55.15	54.50	57.35	55.42	54.38	57.12	55.41	1.91859743246	50
41470	41470	64212	64212	54.73	57.20	55.62	53.90	56.80	55.15	54.50	57.33	55.42	54.38	57.11	55.40	1.91824700201	50
41520	41520	64162	64162	54.73	57.20	55.62	53.88	56.77	55.17	54.48	57.27	55.42	54.36	57.08	55.41	1.91868469453	50
41570	41570	64112	64112	54.73	57.23	55.60	53.88	56.80	55.17	54.45	57.20	55.38	54.35	57.08	55.38	1.91840293949	50
41620	41620	64062	64062	54.73	57.20	55.65	53.85	56.77	55.17	54.42	57.20	55.33	54.33	57.06	55.38	1.91871786864	50
41670	41670	64012	64012	54.73	57.20	55.60	53.85	56.77	55.17	54.45	57.25	55.38	54.34	57.08	55.38	1.91901480388	50
41720	41720	63962	63962	54.73	57.20	55.60	53.85	56.75	55.17	54.40	57.25	55.35	54.33	57.07	55.38	1.91917559882	50
41770	41770	63912	63912	54.73	57.15	55.60	53.85	56.75	55.20	54.42	57.20	55.30	54.33	57.03	55.37	1.91949961051	50
41820	41820	63862	63862	54.73	57.10	55.55	53.85	56.73	55.12	54.40	57.15	55.33	54.33	56.99	55.33	1.91931387096	50
41870	41870	63812	63812	54.67	57.10	55.52	53.85	56.73	55.12	54.45	57.17	55.27	54.33	57.00	55.31	1.91993819635	50
41920	41920	63762	63762	54.62	57.05	55.52	53.83	56.73	55.12	54.45	57.12	55.30	54.30	56.97	55.32	1.91996786186	50
41970	41970	63712	63712	54.62	57.02	55.55	53.83	56.70	55.12	54.45	57.15	55.27	54.30	56.96	55.32	1.91995953474	50
42020	42020	63662	63662	54.58	57.02	55.55	53.83	56.62	55.15	54.42	57.12	55.27	54.27	56.92	55.33	1.92012490062	50
42070	42070	63612	63612	54.55	57.05	55.50	53.80	56.65	55.12	54.40	57.12	55.25	54.25	56.94	55.29	1.92008502546	50
42120	42120	63562	63562	54.55	57.02	55.48	53.80	56.65	55.12	54.40	57.15	55.27	54.25	56.94	55.29	1.92016699813	50
42170	42170	63512	63512	54.58	57.02	55.48	53.77	56.62	55.12	54.42	57.10	55.25	54.26	56.92	55.28	1.92070685341	50
42220	42220	63462	63462	54.52	57.02	55.50	53.77	56.60	55.10	54.42	57.10	55.25	54.24	56.91	55.28	1.9208656462	50
42270	42270	63412	63412	54.50	57.02	55.50	53.77	56.62	55.10	54.45	57.12	55.23	54.24	56.92	55.27	1.92110148623	50
42320	42320	63362	63362	54.50	57.05	55.45	53.80	56.58	55.10	54.42	57.12	55.23	54.24	56.92	55.26	1.92110965151	50
42370	42370	63312	63312	54.48	57.02	55.40	53.77	56.60	55.05	54.42	57.12	55.25	54.23	56.92	55.23	1.92094022618	50
42420	42420	63262	63262	54.48	57.02	55.40	53.80	56.60	55.05	54.42	57.12	55.25	54.23	56.92	55.23	1.92139630696	50
42470	42470	63212	63212	54.48	57.02	55.38	53.80	56.58	55.02	54.40	57.12	55.25	54.23	56.91	55.22	1.9218827431	50
42520	42520	63162	63162	54.50	57.05	55.33	53.77	56.60	55.00	54.35	57.12	55.20	54.21	56.92	55.17	1.92187458935	50
42570	42570	63112	63112	54.48	57.02	55.33	53.77	56.58	55.00	54.35	57.12	55.23	54.20	56.91	55.18	1.92210813611	50
42620	42620	63062	63062	54.48	57.02	55.33	53.77	56.60	54.98	54.33	57.12	55.17	54.19	56.92	55.16	1.92231478321	50
42670	42670	63012	63012	54.48	57.00	55.33	53.77	56.60	54.98	54.30	57.10	55.15	54.18	56.90	55.15	1.9223353431	50
42720	42720	62962	62962	54.48	56.95	55.33	53.75	56.58	54.98	54.30	57.10	55.15	54.17	56.88	55.15	1.92289797365	50
42770	42770	62912	62912	54.48	56.98	55.35	53.75	56.55	54.98	54.30	57.05	55.10	54.17	56.86	55.14	1.92280019845	50
42820	42820	62862	62862	54.48	56.95	55.38	53.75	56.55	54.98	54.30	57.10	55.12	54.17	56.87	55.16	1.92368785997	50
42870	42870	62812	62812	54.48	57.00	55.38	53.73	56.55	54.98	54.27	57.10	55.15	54.16	56.88	55.17	1.92345452049	50
42920	42920	62762	62762	54.48	56.95	55.35	53.67	56.55	54.95	54.27	57.10	55.12	54.14	56.87	55.14	1.92315685697	50
42970	42970	62712	62712	54.50	56.95	55.35	53.65	56.55	54.92	54.25	57.08	55.10	54.13	56.86	55.12	1.92353599075	50
43020	43020	62662	62662	54.42	56.90	55.33	53.62	56.58	54.90	54.25	57.10	55.10	54.10	56.86	55.11	1.92359803588	50
43070	43070	62612	62612	54.40	56.90	55.33	53.65	56.55	54.88	54.27	57.10	55.12	54.11	56.85	55.11	1.9232859021	50
43120	43120	62562	62562	54.40	56.85	55.33	53.62	56.58	54.85	54.23	57.05	55.12	54.08	56.83	55.10	1.923369256	50
43170	43170	62512	62512	54.45	56.83	55.33	53.65	56.58	54.85	54.23	57.08	55.12	54.11	56.83	55.10	1.92348458032	50
43220	43220	62462	62462	54.48	56.83	55.35	53.65	56.58	54.83	54.23	57.05	55.12	54.12	56.82	55.10	1.92372875322	50
43270	43270	62412	62412	54.48	56.80	55.33	53.65	56.58	54.83	54.25	57.08	55.10	54.12	56.82	55.08	1.9236828577	50
43320	43320	62362	62362	54.40	56.80	55.27	53.67	56.60	54.85	54.25	57.08	55.10	54.11	56.83	55.08	1.92408473399	50
43370	43370	62312	62312	54.38	56.77	55.27	53.60	56.55	54.88	54.17	57.05	55.10	54.05	56.79	55.08	1.92410099643	50
43420	43420	62262	62262	54.40	56.83	55.27	53.58	56.58	54.88	54.17	57.02	55.10	54.05	56.81	55.08	1.92404998642	50
43470	43470	62212	62212	54.40	56.77	55.25	53.55	56.60	54.88	54.17	57.00	55.12	54.04	56.79	55.08	1.92385192784	50
43520	43520	62162	62162	54.40	56.75	55.25	53.55	56.58	54.88	54.17	57.00	55.12	54.04	56.77	55.08	1.92426636222	50
43570	43570	62112	62112	54.33	56.75	55.25	53.55	56.58	54.88	54.12	56.95	55.10	54.00	56.76	55.08	1.92411133605	50
43620	43620	62062	62062	54.33	56.70	55.27	53.58	56.52	54.88	54.08	56.95	55.12	53.99	56.73	55.09	1.92427533224	50
43670	43670	62012	62012	54.38	56.73	55.27	53.58	56.50	54.88	54.08	56.98	55.10	54.01	56.73	55.08	1.92418908381	50
43720	43720	61962	61962	54.38	56.73	55.25	53.52	56.52	54.85	54.08	56.98	55.10	53.99	56.74	55.07	1.92448426495	42
43762	43762	61920	61920	54.35	56.70	55.23	53.52	56.50	54.85	54.10	57.00	55.10	53.99	56.73	55.06	1.92508867153	50
43812	43812	61870	61870	54.33	56.73	55.23	53.55	56.48	54.85	54.15	57.00	55.10	54.01	56.73	55.06	1.92521410604	50
43862	43862	61820	61820	54.33	56.73	55.23	53.52	56.42	54.83	54.10	56.95	55.10	53.98	56.70	55.05	1.92543671848	50
