12120	12120	94562	94562	75.05	77.75	79.85	74.58	77.62	79.25	75.30	78.53	79.88	74.97	77.97	79.66	2.98131504335
12120	12120	94412	94412	75.10	77.75	79.85	74.58	77.62	79.25	75.28	78.53	79.90	74.98	77.97	79.67	2.67679986934	100
12220	12220	94312	94312	74.75	78.10	79.65	73.97	77.25	78.92	74.35	78.78	79.70	74.36	78.04	79.42	2.15011045671	100
12320	12320	94212	94212	74.33	77.67	79.15	74.15	77.20	78.80	74.25	77.92	79.17	74.24	77.60	79.04	1.95419518272	100
12420	12420	94112	94112	74.47	77.65	78.67	74.00	77.40	78.72	74.80	78.33	79.00	74.42	77.79	78.80	1.86720471545	100
12520	12520	94012	94012	75.03	77.70	78.97	74.17	77.28	79.05	74.97	78.28	79.20	74.72	77.75	79.08	1.82952202732	100
12620	12620	93912	93912	75.20	77.78	79.58	74.72	77.25	79.15	75.25	78.33	79.38	75.06	77.78	79.37	1.80367879208	100
12720	12720	93812	93812	75.62	77.60	79.83	74.83	77.45	79.25	75.45	78.70	79.55	75.30	77.92	79.54	1.78266446498	100
12820	12820	93712	93712	75.85	77.78	80.00	74.67	77.85	79.28	75.60	78.72	79.78	75.38	78.12	79.68	1.76985489131	100
12920	12920	93612	93612	76.28	78.25	80.30	74.80	77.50	79.10	75.90	78.40	79.80	75.66	78.05	79.73	1.75987516907	100
13020	13020	93512	93512	76.30	78.20	79.95	75.00	77.35	78.90	76.30	78.17	79.80	75.87	77.91	79.55	1.7513639974	100
13120	13120	93412	93412	76.25	78.30	79.92	75.12	77.55	78.83	76.53	78.20	80.15	75.97	78.02	79.63	1.75327582385	100
13220	13220	93312	93312	76.33	78.55	80.12	75.17	77.33	78.75	76.45	78.53	80.33	75.98	78.13	79.73	1.75636142647	100
13320	13320	93212	93212	76.40	78.45	80.03	75.40	77.42	78.72	76.65	78.40	80.40	76.15	78.09	79.72	1.75311589975	100
13420	13420	93112	93112	76.33	78.55	79.83	75.08	76.97	78.70	76.67	78.65	80.12	76.03	78.06	79.55	1.75001329476	100
13520	13520	93012	93012	76.28	78.62	79.88	74.90	77.17	78.28	76.85	78.45	80.17	76.01	78.08	79.44	1.75101847842	100
13620	13620	92912	92912	76.20	78.62	79.90	74.83	76.75	78.03	76.90	78.15	79.88	75.97	77.84	79.27	1.74965526442	100
13720	13720	92812	92812	76.22	78.05	79.92	74.78	76.58	77.95	76.53	78.05	79.62	75.84	77.56	79.17	1.76256098995	100
13820	13820	92712	92712	76.05	77.88	79.85	74.33	76.20	77.78	76.85	77.88	79.45	75.74	77.32	79.03	1.76611731314	100
13920	13920	92612	92612	76.22	77.58	79.47	74.42	75.85	77.25	76.62	77.62	79.45	75.76	77.02	78.72	1.7684266994	100
14020	14020	92512	92512	76.15	77.40	79.72	74.42	75.45	76.88	76.65	77.17	79.30	75.74	76.67	78.63	1.7687690634	100
14120	14120	92412	92412	75.95	77.03	79.60	74.25	75.08	76.62	76.53	76.97	79.15	75.58	76.36	78.46	1.77289792866	100
14220	14220	92312	92312	76.25	76.70	79.40	74.25	75.03	76.67	76.55	76.72	78.80	75.68	76.15	78.29	1.77749200241	100
14320	14320	92212	92212	75.97	76.45	79.08	73.95	74.85	76.67	76.38	76.45	78.45	75.43	75.92	78.07	1.77932130631	100
14420	14420	92112	92112	75.92	76.28	78.75	73.42	74.88	76.47	76.05	76.20	78.03	75.13	75.78	77.75	1.78135431245	100
14520	14520	92012	92012	75.38	76.25	78.58	73.38	74.50	76.03	76.20	76.17	78.12	74.98	75.64	77.58	1.7840701037	100
14620	14620	91912	91912	75.28	75.95	77.97	73.45	74.03	76.03	75.78	75.97	77.85	74.83	75.32	77.28	1.78402589877	100
14720	14720	91812	91812	75.33	75.80	77.88	73.53	73.80	75.70	75.83	75.55	77.88	74.89	75.05	77.15	1.78683873218	100
14820	14820	91712	91712	75.05	75.38	77.40	73.33	73.50	75.50	75.60	75.28	77.65	74.66	74.72	76.85	1.78971805362	100
14920	14920	91612	91612	75.08	75.10	77.12	73.22	73.08	75.17	75.58	74.95	77.53	74.62	74.38	76.61	1.78911405375	100
15020	15020	91512	91512	74.90	74.83	76.70	73.12	73.05	74.80	75.60	74.85	77.10	74.54	74.24	76.20	1.79260239182	100
15120	15120	91412	91412	74.53	74.70	76.38	72.97	72.85	74.80	75.60	74.67	76.85	74.37	74.08	76.01	1.79403119798	100
15220	15220	91312	91312	74.40	74.40	76.17	72.92	72.45	74.53	75.42	74.55	76.55	74.25	73.80	75.75	1.79460528184	100
15320	15320	91212	91212	74.38	74.10	75.97	72.67	72.38	74.22	75.30	74.33	76.17	74.12	73.60	75.46	1.79373324317	100
15420	15420	91112	91112	74.20	73.95	75.78	72.40	72.40	74.03	75.12	74.10	76.17	73.91	73.48	75.33	1.7982147643	100
15520	15520	91012	91012	73.88	73.92	75.45	72.38	72.10	73.88	74.83	73.97	75.95	73.69	73.33	75.09	1.79852976455	100
15620	15620	90912	90912	73.65	73.67	75.33	72.33	72.03	73.90	74.47	73.78	75.90	73.48	73.16	75.04	1.80144881238	100
15720	15720	90812	90812	73.40	73.53	75.15	72.03	72.17	73.70	74.22	73.78	75.62	73.22	73.16	74.83	1.80299557708	100
15820	15820	90712	90712	73.28	73.35	75.08	71.90	72.12	73.45	74.22	73.67	75.42	73.13	73.05	74.65	1.80252796713	100
15920	15920	90612	90612	72.80	73.20	74.88	71.80	71.92	73.20	73.97	73.67	75.20	72.86	72.93	74.42	1.80637400306	100
16020	16020	90512	90512	72.72	73.25	74.62	71.78	71.55	73.08	73.83	73.42	74.95	72.78	72.74	74.22	1.80771979156	100
16120	16120	90412	90412	72.62	73.10	74.47	71.60	71.38	73.08	73.53	73.40	74.80	72.58	72.62	74.12	1.80823984231	100
16220	16220	90312	90312	72.40	72.88	74.15	71.38	71.38	72.72	73.25	73.38	74.72	72.34	72.54	73.87	1.81005601454	100
16320	16320	90212	90212	72.17	72.85	73.80	71.10	71.20	72.58	72.97	73.00	74.45	72.08	72.35	73.61	1.81241011265	100
16420	16420	90112	90112	71.95	72.45	73.62	70.80	70.95	72.45	72.85	72.95	74.47	71.87	72.12	73.52	1.81299167255	100
16520	16520	90012	90012	72.03	72.22	73.40	70.60	71.00	72.28	72.78	73.03	74.22	71.80	72.08	73.30	1.81492279911	100
16620	16620	89912	89912	71.95	72.10	73.30	70.60	70.80	71.97	72.42	72.83	73.92	71.66	71.91	73.07	1.81655485344	100
16720	16720	89812	89812	71.72	71.88	73.20	70.33	70.53	71.83	72.38	72.70	73.65	71.47	71.70	72.89	1.8204005333	100
16820	16820	89712	89712	71.75	71.83	73.08	70.33	70.47	71.60	72.10	72.55	73.75	71.39	71.62	72.81	1.8192216198	100
16920	16920	89612	89612	71.62	71.55	72.85	70.28	70.20	71.55	72.08	72.45	73.72	71.33	71.40	72.71	1.82183856474	100
17020	17020	89512	89512	71.58	71.45	72.85	70.00	70.15	71.28	71.88	72.22	73.58	71.15	71.28	72.57	1.82176493273	100
17120	17120	89412	89412	71.67	71.53	72.80	69.80	69.97	71.17	71.70	72.17	73.38	71.06	71.22	72.45	1.82231141606	100
17220	17220	89312	89312	71.53	71.35	72.75	69.90	69.72	71.03	71.70	72.15	73.30	71.04	71.08	72.36	1.82342700905	100
17320	17320	89212	89212	71.17	71.25	72.62	69.70	69.78	70.95	71.53	72.10	73.08	70.80	71.04	72.22	1.82425961422	100
17420	17420	89112	89112	71.12	71.15	72.55	69.45	69.72	70.72	71.40	72.03	72.80	70.66	70.97	72.03	1.82592966895	100
17520	17520	89012	89012	71.05	70.97	72.22	69.33	69.35	70.60	71.38	72.08	72.70	70.58	70.80	71.84	1.8268697804	100
17620	17620	88912	88912	70.85	70.85	72.17	69.17	69.30	70.45	71.25	71.97	72.60	70.42	70.71	71.74	1.82623389128	100
17720	17720	88812	88812	70.53	70.72	71.97	68.97	69.22	70.28	70.83	71.70	72.55	70.11	70.55	71.60	1.82737147833	100
17820	17820	88712	88712	70.45	70.55	71.75	68.78	69.03	70.15	70.60	71.47	72.38	69.94	70.35	71.42	1.82790922244	100
17920	17920	88612	88612	70.28	70.38	71.38	68.60	68.67	69.95	70.65	71.33	72.10	69.84	70.12	71.14	1.82828846787	100
18020	18020	88512	88512	69.88	70.25	71.12	68.53	68.53	69.58	70.47	71.15	71.90	69.62	69.97	70.87	1.82921469084	100
18120	18120	88412	88412	69.85	69.97	70.92	68.60	68.40	69.33	70.45	71.10	71.78	69.63	69.83	70.67	1.8303909706	100
18220	18220	88312	88312	69.67	69.92	70.65	68.53	68.12	69.00	70.45	70.75	71.72	69.55	69.60	70.46	1.83055459385	100
18320	18320	88212	88212	69.50	69.55	70.45	68.42	67.90	68.70	70.35	70.67	71.45	69.42	69.38	70.20	1.83042968652	100
18420	18420	88112	88112	69.10	69.17	70.22	68.20	67.78	68.40	70.17	70.35	71.15	69.16	69.10	69.92	1.83358266748	100
18520	18520	88012	88012	68.97	69.20	70.22	68.20	67.58	68.30	69.92	69.88	70.95	69.03	68.88	69.83	1.83651752589	100
18620	18620	87912	87912	68.80	68.92	70.08	68.03	67.45	68.25	69.88	69.67	70.70	68.90	68.68	69.67	1.83662464628	100
18720	18720	87812	87812	68.40	68.78	69.95	67.95	67.38	68.08	69.88	69.62	70.45	68.74	68.59	69.49	1.83619668459	100
18820	18820	87712	87712	68.30	68.67	69.67	67.72	67.17	67.85	69.72	69.35	70.25	68.58	68.40	69.26	1.83821174408	100
18920	18920	87612	87612	68.12	68.60	69.38	67.50	67.00	67.72	69.40	69.35	70.15	68.34	68.32	69.08	1.83926511848	100
19020	19020	87512	87512	68.00	68.47	69.17	67.40	66.90	67.47	69.33	69.05	69.78	68.24	68.14	68.81	1.83941466607	100
19120	19120	87412	87412	68.00	68.25	68.97	67.38	66.70	67.33	69.05	68.97	69.62	68.14	67.97	68.64	1.84074231498	100
19220	19220	87312	87312	67.85	68.08	68.70	67.15	66.85	67.17	68.92	68.80	69.47	67.97	67.91	68.45	1.84089496104	100
19320	19320	87212	87212	67.85	67.97	68.58	67.00	66.72	67.05	68.72	68.70	69.35	67.86	67.80	68.33	1.84123993141	100
19420	19420	87112	87112	67.70	67.78	68.47	66.97	66.70	66.88	68.65	68.65	69.15	67.78	67.71	68.17	1.83908175389	100
19520	19520	87012	87012	67.55	67.78	68.30	66.65	66.62	66.83	68.62	68.58	69.10	67.61	67.66	68.08	1.8395440241	100
19620	19620	86912	86912	67.33	67.62	68.17	66.50	66.65	66.88	68.58	68.40	69.08	67.47	67.56	68.04	1.84056572532	100
19720	19720	86812	86812	67.25	67.47	67.92	66.30	66.45	66.62	68.38	68.38	68.88	67.31	67.43	67.81	1.84122058987	100
19820	19820	86712	86712	67.17	67.38	67.78	66.15	66.42	66.58	68.28	68.20	68.72	67.20	67.33	67.69	1.84157826734	100
19920	19920	86612	86612	66.90	67.30	67.35	65.97	66.50	66.42	68.17	68.22	68.62	67.02	67.34	67.47	1.84166284472	100
20020	20020	86512	86512	66.75	67.20	67.22	65.95	66.35	66.35	67.95	67.97	68.60	66.88	67.17	67.39	1.84163766991	100
20120	20120	86412	86412	66.67	67.10	67.25	66.00	66.25	66.35	67.95	67.88	68.47	66.88	67.08	67.36	1.84232208259	100
20220	20220	86312	86312	66.75	67.12	67.10	65.90	66.15	66.33	68.00	67.75	68.33	66.88	67.01	67.25	1.84325722187	100
20320	20320	86212	86212	66.70	66.85	66.83	65.67	66.03	66.28	67.65	67.65	68.20	66.67	66.84	67.10	1.84431808684	100
20420	20420	86112	86112	66.53	66.50	66.67	65.75	66.00	66.10	67.53	67.42	67.88	66.60	66.64	66.88	1.84576127646	100
20520	20520	86012	86012	66.42	66.50	66.62	65.67	65.88	66.08	67.47	67.30	67.88	66.53	66.56	66.86	1.84514772998	100
20620	20620	85912	85912	66.15	66.35	66.53	65.42	66.00	65.92	67.42	67.22	67.78	66.33	66.53	66.74	1.84483880034	100
20720	20720	85812	85812	66.12	66.35	66.47	65.12	65.95	65.70	67.20	67.17	67.65	66.15	66.49	66.61	1.84534980965	100
20820	20820	85712	85712	66.10	66.38	66.38	65.05	65.83	65.62	67.20	67.10	67.53	66.12	66.43	66.51	1.84512816513	100
20920	20920	85612	85612	65.95	66.22	66.35	65.03	65.72	65.58	67.00	67.15	67.35	65.99	66.37	66.42	1.84655443301	100
21020	21020	85512	85512	65.88	66.12	66.22	65.03	65.53	65.47	67.05	66.90	67.28	65.98	66.18	66.33	1.84603073803	100
21120	21120	85412	85412	65.67	66.25	66.05	64.78	65.50	65.33	66.83	67.00	67.22	65.76	66.25	66.20	1.84545253309	100
21220	21220	85312	85312	65.62	65.95	66.03	64.67	65.60	65.10	66.72	66.88	67.17	65.67	66.14	66.10	1.84593804617	100
21320	21320	85212	85212	65.35	66.00	65.97	64.53	65.47	64.85	66.65	66.78	67.10	65.51	66.08	65.97	1.84613174591	100
21420	21420	85112	85112	65.03	65.80	65.92	64.53	65.45	64.78	66.67	66.80	67.10	65.41	66.02	65.93	1.84708096937	100
21520	21520	85012	85012	65.03	65.75	65.80	64.40	65.38	64.62	66.55	66.70	66.90	65.33	65.94	65.78	1.84693402904	100
21620	21620	84912	84912	64.80	65.65	65.67	64.28	65.38	64.58	66.30	66.60	66.65	65.12	65.88	65.63	1.8480428755	100
21720	21720	84812	84812	64.67	65.62	65.60	64.20	65.28	64.50	66.12	66.47	66.47	65.00	65.79	65.53	1.84962109909	100
21820	21820	84712	84712	64.58	65.47	65.45	64.03	65.00	64.40	66.05	66.38	66.42	64.88	65.62	65.42	1.84960341971	100
21920	21920	84612	84612	64.38	65.30	65.35	63.88	64.92	64.35	65.90	66.42	66.35	64.72	65.55	65.35	1.85048818402	100
22020	22020	84512	84512	64.33	65.17	65.25	63.73	64.90	64.30	65.75	66.08	66.17	64.60	65.38	65.24	1.85059864972	100
22120	22120	84412	84412	64.25	65.12	65.15	63.50	64.83	64.25	65.62	65.92	66.05	64.46	65.29	65.15	1.85183285054	100
22220	22220	84312	84312	64.15	65.15	65.03	63.45	64.78	64.12	65.65	65.83	65.95	64.42	65.25	65.03	1.85329754559	100
22320	22320	84212	84212	64.12	65.12	64.83	63.17	64.67	64.08	65.50	65.78	65.85	64.27	65.19	64.92	1.85390693353	100
22420	22420	84112	84112	63.95	65.03	64.80	63.08	64.58	63.90	65.30	65.67	65.72	64.11	65.09	64.81	1.85353413033	100
22520	22520	84012	84012	63.85	64.85	64.62	63.10	64.62	63.75	65.30	65.67	65.53	64.08	65.05	64.63	1.85358046899	100
22620	22620	83912	83912	63.83	64.67	64.35	62.77	64.47	63.67	65.03	65.53	65.47	63.88	64.89	64.50	1.85512114675	100
22720	22720	83812	83812	63.73	64.70	64.30	62.65	64.33	63.58	64.85	65.45	65.35	63.74	64.83	64.41	1.85416098558	100
22820	22820	83712	83712	63.65	64.70	64.22	62.60	64.28	63.48	64.78	65.22	65.33	63.67	64.73	64.34	1.85427468015	100
22920	22920	83612	83612	63.52	64.72	64.25	62.50	64.20	63.50	64.72	65.12	65.20	63.58	64.68	64.32	1.85486660563	100
23020	23020	83512	83512	63.35	64.65	64.25	62.30	64.05	63.42	64.58	65.08	65.08	63.41	64.59	64.25	1.85434109676	100
23120	23120	83412	83412	63.27	64.55	64.10	62.15	64.05	63.30	64.62	65.10	64.95	63.35	64.57	64.12	1.85469740296	100
23220	23220	83312	83312	63.25	64.50	64.12	62.08	63.90	63.20	64.50	65.15	64.85	63.27	64.52	64.06	1.8546968627	100
23320	23320	83212	83212	63.27	64.53	63.95	62.00	63.90	63.12	64.53	65.05	64.78	63.27	64.49	63.95	1.85585697494	100
23420	23420	83112	83112	63.27	64.40	63.88	61.92	63.85	63.12	64.45	64.97	64.78	63.22	64.41	63.92	1.85605596319	100
23520	23520	83012	83012	63.27	64.38	63.73	61.77	63.80	63.08	64.40	64.80	64.67	63.15	64.33	63.83	1.85745615646	100
23620	23620	82912	82912	63.17	64.30	63.65	61.75	63.77	63.05	64.30	64.78	64.65	63.08	64.28	63.78	1.85850638236	100
23720	23720	82812	82812	63.02	64.15	63.70	61.73	63.65	62.85	64.35	64.78	64.67	63.03	64.19	63.74	1.85965135963	100
23820	23820	82712	82712	62.92	64.10	63.62	61.75	63.55	62.77	64.17	64.70	64.50	62.95	64.12	63.63	1.85975279382	100
23920	23920	82612	82612	62.88	64.10	63.60	61.65	63.45	62.62	64.22	64.55	64.53	62.92	64.03	63.58	1.86130947575	100
24020	24020	82512	82512	62.73	64.05	63.45	61.62	63.35	62.58	64.28	64.58	64.30	62.88	63.99	63.44	1.86019936209	100
24120	24120	82412	82412	62.85	64.03	63.42	61.58	63.33	62.48	64.20	64.47	64.25	62.88	63.94	63.38	1.86120282003	100
24220	24220	82312	82312	62.77	63.95	63.35	61.65	63.25	62.48	64.03	64.42	64.15	62.82	63.88	63.33	1.86029377825	100
24320	24320	82212	82212	62.70	63.83	63.30	61.73	63.12	62.38	63.85	64.47	64.17	62.76	63.81	63.28	1.85956792848	100
24420	24420	82112	82112	62.73	63.83	63.17	61.55	63.20	62.23	63.75	64.45	64.08	62.67	63.83	63.16	1.85982367207	100
24520	24520	82012	82012	62.55	63.77	63.15	61.42	63.02	62.25	63.62	64.30	64.05	62.53	63.70	63.15	1.86084226218	100
24620	24620	81912	81912	62.35	63.60	62.98	61.33	62.95	62.17	63.67	64.30	63.88	62.45	63.62	63.01	1.86107127088	100
24720	24720	81812	81812	62.27	63.45	62.92	61.23	62.80	62.12	63.48	64.05	63.75	62.33	63.43	62.93	1.8607092653	100
24820	24820	81712	81712	62.20	63.40	62.88	61.23	62.75	62.02	63.35	64.05	63.67	62.26	63.40	62.86	1.86016174207	100
24920	24920	81612	81612	62.10	63.35	62.73	61.08	62.67	62.00	63.27	64.00	63.65	62.15	63.34	62.79	1.86021756759	100
25020	25020	81512	81512	62.02	63.25	62.73	61.00	62.52	61.92	63.23	63.95	63.52	62.08	63.24	62.73	1.86029657778	100
25120	25120	81412	81412	61.95	63.33	62.65	60.92	62.50	61.90	63.15	63.95	63.33	62.01	63.26	62.62	1.85963191446	100
25220	25220	81312	81312	61.92	63.15	62.45	60.95	62.48	61.70	62.98	63.73	63.30	61.95	63.12	62.48	1.86090173372	100
25320	25320	81212	81212	61.80	63.12	62.38	60.88	62.30	61.67	62.88	63.70	63.23	61.85	63.04	62.42	1.86107390801	100
25420	25420	81112	81112	61.67	63.00	62.25	60.85	62.27	61.60	62.83	63.55	63.15	61.78	62.94	62.33	1.86114859339	100
25520	25520	81012	81012	61.58	62.88	62.20	60.77	62.20	61.58	62.55	63.58	63.00	61.63	62.88	62.26	1.86106609093	100
25620	25620	80912	80912	61.52	62.83	61.98	60.67	62.17	61.50	62.45	63.42	63.00	61.55	62.81	62.16	1.85985508831	100
25720	25720	80812	80812	61.50	62.77	61.88	60.62	62.08	61.42	62.40	63.30	62.95	61.51	62.72	62.08	1.86049717418	100
25820	25820	80712	80712	61.30	62.83	61.88	60.40	62.02	61.35	62.35	63.33	62.80	61.35	62.73	62.01	1.86134616693	100
25920	25920	80612	80612	61.25	62.55	61.70	60.50	61.95	61.30	62.25	63.30	62.83	61.33	62.60	61.94	1.86226207198	100
26020	26020	80512	80512	61.23	62.55	61.67	60.45	61.95	61.25	62.23	63.15	62.83	61.30	62.55	61.92	1.86267512113	100
26120	26120	80412	80412	61.10	62.50	61.50	60.45	62.00	61.23	62.15	63.08	62.75	61.23	62.52	61.83	1.86240761036	100
26220	26220	80312	80312	61.05	62.42	61.50	60.40	62.00	61.20	62.10	63.10	62.62	61.18	62.51	61.77	1.86286726619	100
26320	26320	80212	80212	61.05	62.40	61.38	60.38	61.95	61.17	62.02	63.08	62.55	61.15	62.48	61.70	1.86264876636	100
26420	26420	80112	80112	61.02	62.33	61.30	60.30	61.80	61.10	61.98	62.90	62.40	61.10	62.34	61.60	1.86279972449	100
26520	26520	80012	80012	60.90	62.25	61.17	60.33	61.85	61.02	61.95	62.70	62.30	61.06	62.27	61.50	1.86265232605	100
26620	26620	79912	79912	60.80	62.23	61.12	60.23	61.77	60.98	61.92	62.85	62.15	60.98	62.28	61.42	1.86310859584	100
26720	26720	79812	79812	60.75	62.17	61.05	60.20	61.90	61.00	61.88	62.70	62.00	60.94	62.26	61.35	1.8637504128	100
26820	26820	79712	79712	60.70	62.10	60.92	60.00	61.77	60.98	61.75	62.70	62.00	60.82	62.19	61.30	1.86344151242	100
26920	26920	79612	79612	60.75	61.95	60.95	59.98	61.65	60.85	61.73	62.62	62.02	60.82	62.08	61.27	1.86351572197	100
27020	27020	79512	79512	60.65	61.85	60.92	59.88	61.62	60.75	61.67	62.65	61.95	60.73	62.04	61.21	1.86351512344	100
27120	27120	79412	79412	60.60	61.88	60.83	59.83	61.52	60.58	61.48	62.52	61.92	60.63	61.98	61.11	1.86450711937	100
27220	27220	79312	79312	60.33	61.95	60.73	59.65	61.55	60.55	61.30	62.52	61.73	60.42	62.01	61.00	1.86535185516	100
27320	27320	79212	79212	60.30	61.75	60.58	59.52	61.55	60.40	61.20	62.33	61.62	60.34	61.88	60.87	1.86581158544	100
27420	27420	79112	79112	60.27	61.62	60.45	59.42	61.45	60.30	61.15	62.20	61.58	60.28	61.76	60.77	1.86550028512	100
27520	27520	79012	79012	60.12	61.65	60.42	59.40	61.45	60.20	61.02	62.08	61.52	60.18	61.73	60.72	1.86598285762	100
27620	27620	78912	78912	60.12	61.62	60.33	59.38	61.48	60.17	60.88	62.15	61.45	60.12	61.75	60.65	1.86680207612	100
27720	27720	78812	78812	60.10	61.48	60.20	59.35	61.25	60.10	60.65	62.00	61.27	60.03	61.58	60.52	1.86770834412	100
27820	27820	78712	78712	60.08	61.30	60.17	59.25	61.15	60.10	60.65	61.88	61.23	59.99	61.44	60.50	1.8683141884	100
27920	27920	78612	78612	60.02	61.23	60.05	59.17	61.10	59.95	60.60	61.70	61.12	59.93	61.34	60.38	1.86793815498	100
28020	28020	78512	78512	60.05	61.15	60.00	59.17	61.00	59.92	60.58	61.73	61.05	59.93	61.29	60.33	1.86804869377	100
28120	28120	78412	78412	59.95	61.00	59.88	59.15	60.83	59.85	60.48	61.48	60.90	59.86	61.10	60.21	1.86899986737	100
28220	28220	78312	78312	59.75	61.10	59.80	59.17	60.70	59.85	60.30	61.42	60.83	59.74	61.08	60.16	1.87034330409	100
28320	28320	78212	78212	59.60	61.00	59.80	59.20	60.58	59.60	60.25	61.35	60.67	59.68	60.98	60.02	1.8695992758	100
28420	28420	78112	78112	59.58	60.80	59.65	59.17	60.42	59.42	60.27	61.42	60.62	59.67	60.88	59.90	1.87037322319	100
28520	28520	78012	78012	59.58	60.73	59.65	59.10	60.35	59.35	60.25	61.30	60.55	59.64	60.79	59.85	1.87079877608	100
28620	28620	77912	77912	59.48	60.77	59.58	59.02	60.23	59.33	60.23	61.25	60.45	59.58	60.75	59.78	1.87091948312	100
28720	28720	77812	77812	59.48	60.65	59.55	59.00	60.17	59.23	60.02	61.15	60.35	59.50	60.66	59.71	1.8705555964	100
28820	28820	77712	77712	59.35	60.58	59.40	58.92	60.17	59.05	59.98	61.17	60.25	59.42	60.64	59.57	1.87054577501	100
28920	28920	77612	77612	59.35	60.58	59.30	58.83	60.12	58.92	59.80	61.08	60.17	59.33	60.59	59.47	1.87183178438	100
29020	29020	77512	77512	59.25	60.52	59.27	58.70	60.02	58.98	59.73	61.10	60.05	59.23	60.55	59.43	1.87228654483	100
29120	29120	77412	77412	59.17	60.60	59.17	58.62	60.10	59.02	59.67	61.12	59.92	59.16	60.61	59.38	1.87234006923	100
29220	29220	77312	77312	59.12	60.62	59.17	58.70	60.05	59.00	59.62	61.05	59.83	59.15	60.58	59.33	1.87255985491	100
29320	29320	77212	77212	59.10	60.62	59.08	58.52	60.02	58.92	59.58	61.02	59.75	59.07	60.56	59.25	1.87276937287	100
29420	29420	77112	77112	59.10	60.62	59.10	58.42	59.90	58.85	59.40	61.08	59.67	58.98	60.53	59.21	1.87356082149	100
29520	29520	77012	77012	59.10	60.58	59.05	58.33	59.77	58.83	59.45	61.02	59.55	58.96	60.46	59.14	1.87379195541	100
29620	29620	76912	76912	59.05	60.45	59.02	58.25	59.77	58.80	59.42	60.98	59.48	58.91	60.40	59.10	1.87519784086	100
29720	29720	76812	76812	58.98	60.38	58.98	58.25	59.80	58.75	59.42	60.98	59.35	58.88	60.38	59.02	1.87554824235	100
29820	29820	76712	76712	58.95	60.25	58.98	58.20	59.88	58.73	59.35	60.95	59.33	58.83	60.36	59.01	1.87627791783	100
29920	29920	76612	76612	58.90	60.30	58.85	58.17	59.83	58.65	59.30	60.85	59.33	58.79	60.33	58.94	1.87673160501	100
30020	30020	76512	76512	58.88	60.05	58.77	58.20	59.83	58.65	59.35	60.83	59.30	58.81	60.23	58.91	1.87743092255	100
30120	30120	76412	76412	58.83	60.05	58.67	58.17	59.73	58.55	59.12	60.73	59.27	58.71	60.17	58.83	1.87807433005	100
30220	30220	76312	76312	58.80	59.92	58.62	58.25	59.70	58.60	59.15	60.70	59.23	58.73	60.11	58.82	1.87837684031	100
30320	30320	76212	76212	58.80	59.85	58.60	58.12	59.62	58.48	59.02	60.58	59.23	58.65	60.02	58.77	1.87883906994	100
30420	30420	76112	76112	58.73	59.80	58.65	58.02	59.60	58.42	59.02	60.62	59.15	58.59	60.01	58.74	1.87994604194	100
30520	30520	76012	76012	58.67	59.77	58.62	57.95	59.55	58.27	58.92	60.58	59.12	58.52	59.97	58.67	1.87968508522	100
30620	30620	75912	75912	58.60	59.73	58.55	57.90	59.55	58.25	58.90	60.58	59.05	58.47	59.95	58.62	1.87949578843	100
30720	30720	75812	75812	58.55	59.65	58.58	57.77	59.45	58.20	58.85	60.45	59.05	58.39	59.85	58.61	1.88032768708	100
30820	30820	75712	75712	58.52	59.62	58.52	57.67	59.35	58.10	58.80	60.40	58.98	58.33	59.79	58.53	1.88072861507	100
30920	30920	75612	75612	58.50	59.50	58.45	57.60	59.30	58.12	58.80	60.35	58.95	58.30	59.72	58.51	1.88103951506	100
31020	31020	75512	75512	58.45	59.55	58.33	57.55	59.20	58.05	58.75	60.40	58.83	58.25	59.72	58.40	1.88178135749	100
31120	31120	75412	75412	58.35	59.48	58.27	57.42	59.23	57.92	58.73	60.33	58.70	58.17	59.67	58.30	1.88292458692	100
31220	31220	75312	75312	58.35	59.50	58.25	57.40	59.15	57.85	58.67	60.23	58.70	58.14	59.62	58.27	1.88399466681	100
31320	31320	75212	75212	58.35	59.50	58.23	57.40	59.15	57.90	58.62	60.17	58.62	58.12	59.61	58.25	1.88442439862	100
31420	31420	75112	75112	58.33	59.45	58.17	57.40	59.02	57.85	58.60	60.23	58.62	58.11	59.57	58.22	1.88511621301	100
31520	31520	75012	75012	58.27	59.33	58.23	57.38	59.00	57.83	58.65	60.10	58.58	58.10	59.48	58.21	1.88585944531	100
31620	31620	74912	74912	58.15	59.25	58.17	57.33	59.00	57.85	58.62	59.98	58.50	58.03	59.41	58.17	1.88616739426	100
31720	31720	74812	74812	58.12	59.12	58.23	57.25	58.95	57.80	58.48	59.98	58.50	57.95	59.35	58.17	1.88752180979	100
31820	31820	74712	74712	58.08	59.12	58.20	57.23	58.83	57.77	58.48	59.88	58.48	57.92	59.27	58.15	1.88732052328	100
31920	31920	74612	74612	57.98	59.10	58.17	57.23	58.88	57.73	58.35	59.77	58.38	57.85	59.25	58.09	1.88829596053	100
32020	32020	74512	74512	57.90	59.08	58.17	57.23	58.77	57.58	58.27	59.77	58.30	57.80	59.21	58.02	1.88875957487	100
32120	32120	74412	74412	57.95	59.02	58.10	57.17	58.75	57.50	58.25	59.77	58.27	57.79	59.18	57.96	1.88915472741	100
32220	32220	74312	74312	57.98	59.05	58.10	57.08	58.73	57.48	58.12	59.80	58.15	57.73	59.19	57.91	1.89036649927	100
32320	32320	74212	74212	57.85	59.05	58.10	57.00	58.67	57.45	57.98	59.73	58.05	57.61	59.15	57.87	1.89079755783	100
32420	32420	74112	74112	57.88	59.02	58.05	57.05	58.60	57.45	58.00	59.77	58.00	57.64	59.13	57.83	1.89196452357	100
32520	32520	74012	74012	57.80	59.00	57.98	56.98	58.58	57.45	57.98	59.85	58.08	57.58	59.14	57.83	1.89309861812	100
32620	32620	73912	73912	57.77	58.98	57.92	56.98	58.50	57.48	57.83	59.85	58.02	57.52	59.11	57.81	1.89378746172	100
32720	32720	73812	73812	57.75	58.92	57.88	56.88	58.52	57.40	57.88	59.90	57.95	57.50	59.12	57.74	1.89408227445	100
32820	32820	73712	73712	57.67	58.85	57.85	56.80	58.50	57.38	57.80	59.85	57.88	57.42	59.07	57.70	1.89482600628	100
32920	32920	73612	73612	57.67	58.92	57.88	56.83	58.52	57.30	57.80	59.83	57.92	57.43	59.09	57.70	1.89585073624	100
33020	33020	73512	73512	57.70	58.95	57.83	56.83	58.52	57.27	57.80	59.90	57.92	57.44	59.12	57.67	1.89592180979	100
33120	33120	73412	73412	57.52	58.88	57.83	56.77	58.50	57.25	57.70	59.85	57.85	57.33	59.08	57.64	1.89675276442	100
33220	33220	73312	73312	57.52	58.83	57.83	56.73	58.38	57.30	57.65	59.85	57.85	57.30	59.02	57.66	1.89709519696	100
33320	33320	73212	73212	57.50	58.83	57.83	56.73	58.42	57.30	57.55	59.80	57.85	57.26	59.02	57.66	1.89798438924	100
33420	33420	73112	73112	57.45	58.75	57.80	56.73	58.42	57.30	57.52	59.80	57.83	57.23	58.99	57.64	1.89860361165	100
33520	33520	73012	73012	57.42	58.75	57.80	56.70	58.42	57.25	57.48	59.80	57.83	57.20	58.99	57.62	1.90000764196	100
33620	33620	72912	72912	57.38	58.75	57.77	56.73	58.35	57.25	57.50	59.67	57.83	57.20	58.92	57.62	1.90038268832	100
33720	33720	72812	72812	57.35	58.75	57.73	56.70	58.27	57.20	57.48	59.73	57.75	57.17	58.92	57.56	1.90044926068	100
33820	33820	72712	72712	57.35	58.75	57.73	56.70	58.35	57.12	57.48	59.65	57.70	57.17	58.92	57.52	1.90117185395	100
33920	33920	72612	72612	57.35	58.75	57.70	56.65	58.35	57.15	57.42	59.62	57.75	57.14	58.91	57.53	1.90100285523	100
34020	34020	72512	72512	57.27	58.73	57.73	56.58	58.33	57.15	57.38	59.60	57.70	57.08	58.88	57.52	1.9013575197	100
34120	34120	72412	72412	57.17	58.62	57.70	56.52	58.30	57.12	57.30	59.52	57.70	57.00	58.82	57.51	1.90282599324	100
34220	34220	72312	72312	57.15	58.62	57.67	56.50	58.30	57.05	57.30	59.50	57.67	56.98	58.81	57.47	1.90353508549	100
34320	34320	72212	72212	57.05	58.70	57.67	56.50	58.23	57.05	57.25	59.50	57.73	56.93	58.81	57.48	1.9042635362	100
34420	34420	72112	72112	57.05	58.73	57.67	56.45	58.20	57.00	57.23	59.55	57.73	56.91	58.83	57.47	1.90465219782	100
34520	34520	72012	72012	57.05	58.65	57.65	56.42	58.20	56.95	57.15	59.55	57.70	56.88	58.80	57.43	1.90513299506	100
34620	34620	71912	71912	57.00	58.65	57.65	56.42	58.12	57.00	57.17	59.55	57.65	56.87	58.77	57.43	1.90552566001	100
34720	34720	71812	71812	56.98	58.60	57.58	56.42	58.17	57.00	57.05	59.50	57.65	56.82	58.76	57.41	1.90521563165	100
34820	34820	71712	71712	56.98	58.58	57.58	56.45	58.10	56.98	57.02	59.60	57.67	56.82	58.76	57.41	1.90597314683	100
34920	34920	71612	71612	56.90	58.52	57.58	56.38	58.05	56.90	57.02	59.55	57.65	56.77	58.71	57.38	1.90558898322	100
35020	35020	71512	71512	56.95	58.40	57.55	56.33	58.05	56.85	56.98	59.58	57.60	56.75	58.67	57.33	1.90625927804	100
35120	35120	71412	71412	56.92	58.42	57.52	56.35	57.90	56.83	56.92	59.52	57.58	56.73	58.62	57.31	1.90658638486	100
35220	35220	71312	71312	56.92	58.33	57.52	56.30	58.00	56.85	56.90	59.42	57.50	56.71	58.58	57.29	1.90657369593	100
35320	35320	71212	71212	56.92	58.38	57.52	56.33	57.95	56.88	56.88	59.45	57.52	56.71	58.59	57.31	1.90634521837	100
35420	35420	71112	71112	56.85	58.33	57.45	56.27	57.92	56.85	56.80	59.42	57.50	56.64	58.56	57.27	1.90677286511	100
35520	35520	71012	71012	56.75	58.35	57.45	56.20	57.92	56.85	56.65	59.52	57.50	56.53	58.60	57.27	1.90752599244	100
35620	35620	70912	70912	56.75	58.33	57.42	56.10	57.80	56.85	56.55	59.42	57.50	56.47	58.52	57.26	1.90882034448	100
35720	35720	70812	70812	56.77	58.25	57.42	56.12	57.80	56.80	56.65	59.38	57.42	56.52	58.48	57.22	1.90885143624	100
35820	35820	70712	70712	56.75	58.33	57.38	56.15	57.77	56.75	56.60	59.33	57.42	56.50	58.48	57.18	1.90926088464	100
35920	35920	70612	70612	56.70	58.27	57.35	56.12	57.80	56.73	56.55	59.35	57.42	56.46	58.48	57.17	1.90903744116	100
36020	36020	70512	70512	56.70	58.30	57.33	56.08	57.80	56.67	56.55	59.33	57.40	56.44	58.48	57.13	1.909581206	100
36120	36120	70412	70412	56.62	58.25	57.30	56.02	57.77	56.65	56.50	59.33	57.35	56.38	58.45	57.10	1.90977439926	100
36220	36220	70312	70312	56.62	58.25	57.25	55.98	57.77	56.65	56.42	59.27	57.30	56.34	58.43	57.07	1.91012709897	100
36320	36320	70212	70212	56.58	58.25	57.12	55.92	57.73	56.65	56.38	59.25	57.33	56.29	58.41	57.03	1.90986520894	100
36420	36420	70112	70112	56.50	58.20	57.12	55.85	57.67	56.65	56.40	59.20	57.30	56.25	58.36	57.02	1.91006904204	100
36520	36520	70012	70012	56.48	58.23	57.08	55.85	57.67	56.62	56.35	59.20	57.35	56.23	58.37	57.02	1.90991822152	100
36620	36620	69912	69912	56.45	58.20	57.08	55.77	57.70	56.60	56.38	59.17	57.38	56.20	58.36	57.02	1.90998436206	100
36720	36720	69812	69812	56.48	58.23	57.00	55.73	57.70	56.58	56.35	59.15	57.35	56.18	58.36	56.98	1.91004048109	100
36820	36820	69712	69712	56.52	58.15	56.98	55.70	57.73	56.62	56.25	59.10	57.33	56.16	58.33	56.98	1.9101769823	100
36920	36920	69612	69612	56.55	58.15	57.02	55.70	57.73	56.60	56.35	59.02	57.25	56.20	58.30	56.96	1.91007488988	100
37020	37020	69512	69512	56.52	58.15	57.02	55.65	57.73	56.58	56.40	58.98	57.20	56.19	58.28	56.93	1.91052078022	100
37120	37120	69412	69412	56.58	58.12	57.08	55.60	57.70	56.55	56.38	59.00	57.17	56.18	58.27	56.93	1.9104787585	100
37220	37220	69312	69312	56.52	58.05	57.05	55.60	57.70	56.55	56.38	58.92	57.17	56.17	58.23	56.92	1.9105919068	100
37320	37320	69212	69212	56.52	58.00	57.02	55.58	57.70	56.50	56.30	59.00	57.12	56.13	58.23	56.88	1.91106327165	100
37420	37420	69112	69112	56.52	58.00	56.98	55.55	57.67	56.48	56.20	58.90	57.20	56.09	58.19	56.88	1.9115726561	100
37520	37520	69012	69012	56.50	58.05	56.98	55.58	57.65	56.48	56.20	58.90	57.20	56.09	58.20	56.88	1.91167138691	100
37620	37620	68912	68912	56.48	58.02	56.95	55.52	57.62	56.52	56.23	58.88	57.08	56.08	58.17	56.85	1.91131060442	100
37720	37720	68812	68812	56.40	57.98	56.88	55.50	57.62	56.50	56.25	58.83	57.02	56.05	58.14	56.80	1.9110170686	100
37820	37820	68712	68712	56.38	57.95	56.92	55.52	57.58	56.48	56.17	58.77	57.08	56.02	58.10	56.83	1.9117460842	100
37920	37920	68612	68612	56.33	57.95	56.95	55.52	57.65	56.45	56.17	58.77	57.08	56.01	58.12	56.83	1.91207811312	100
38020	38020	68512	68512	56.27	57.98	56.90	55.48	57.58	56.45	56.15	58.73	57.10	55.97	58.09	56.82	1.91200799494	100
38120	38120	68412	68412	56.20	57.95	56.88	55.40	57.58	56.45	56.10	58.70	57.10	55.90	58.08	56.81	1.91199915694	100
38220	38220	68312	68312	56.23	57.92	56.83	55.30	57.50	56.45	56.15	58.70	57.12	55.89	58.04	56.80	1.91222862616	100
38320	38320	68212	68212	56.15	57.92	56.85	55.35	57.45	56.45	56.10	58.75	57.08	55.87	58.04	56.79	1.91190263765	100
38420	38420	68112	68112	56.12	57.95	56.83	55.30	57.42	56.42	56.05	58.70	57.02	55.83	58.02	56.76	1.91295331871	100
38520	38520	68012	68012	56.15	57.92	56.85	55.25	57.50	56.40	56.08	58.73	57.05	55.83	58.05	56.77	1.91296480094	100
38620	38620	67912	67912	56.15	57.88	56.77	55.17	57.42	56.40	56.08	58.75	57.05	55.80	58.02	56.74	1.91291010007	100
38720	38720	67812	67812	56.15	57.90	56.70	55.17	57.38	56.42	56.10	58.70	57.05	55.81	57.99	56.73	1.91325440359	100
38820	38820	67712	67712	56.08	57.90	56.73	55.15	57.38	56.38	56.02	58.67	57.05	55.75	57.98	56.72	1.91334114211	100
38920	38920	67612	67612	56.12	57.88	56.75	55.12	57.30	56.33	56.00	58.65	56.98	55.75	57.94	56.68	1.91371746253	100
39020	39020	67512	67512	56.00	57.88	56.73	55.12	57.35	56.33	55.95	58.60	56.95	55.69	57.94	56.67	1.91375269131	100
39120	39120	67412	67412	56.05	57.88	56.67	55.08	57.35	56.27	55.98	58.65	56.88	55.70	57.96	56.61	1.9137137098	100
39220	39220	67312	67312	55.98	57.88	56.67	55.05	57.30	56.23	55.95	58.60	56.88	55.66	57.92	56.59	1.91388323188	100
39320	39320	67212	67212	55.95	57.85	56.62	55.00	57.30	56.23	56.00	58.65	56.88	55.65	57.93	56.58	1.91389538533	100
39420	39420	67112	67112	55.92	57.80	56.70	55.00	57.33	56.20	55.98	58.67	56.85	55.63	57.93	56.58	1.91397772882	100
39520	39520	67012	67012	55.92	57.83	56.73	55.00	57.33	56.15	55.92	58.62	56.85	55.62	57.92	56.58	1.91438524395	100
39620	39620	66912	66912	55.85	57.77	56.65	54.95	57.33	56.10	55.85	58.58	56.85	55.55	57.89	56.53	1.91478553574	100
39720	39720	66812	66812	55.83	57.80	56.62	54.88	57.33	56.10	55.83	58.55	56.83	55.51	57.89	56.52	1.91499896181	100
39820	39820	66712	66712	55.73	57.80	56.62	54.88	57.33	56.12	55.75	58.62	56.83	55.45	57.92	56.52	1.91492447702	100
39920	39920	66612	66612	55.67	57.77	56.58	54.85	57.25	56.05	55.80	58.60	56.85	55.44	57.88	56.49	1.91487922954	100
40020	40020	66512	66512	55.73	57.73	56.58	54.75	57.30	56.05	55.80	58.60	56.75	55.42	57.88	56.46	1.91529451327	100
40120	40120	66412	66412	55.65	57.75	56.58	54.80	57.27	55.98	55.80	58.58	56.75	55.42	57.87	56.43	1.91526518391	100
40220	40220	66312	66312	55.67	57.77	56.58	54.77	57.27	55.98	55.80	58.55	56.67	55.42	57.87	56.41	1.91583714463	100
40320	40320	66212	66212	55.70	57.67	56.52	54.70	57.25	55.98	55.77	58.38	56.65	55.39	57.77	56.38	1.91579609255	100
40420	40420	66112	66112	55.70	57.70	56.52	54.65	57.25	55.92	55.67	58.48	56.65	55.34	57.81	56.37	1.91609577573	100
40520	40520	66012	66012	55.58	57.67	56.50	54.65	57.27	55.85	55.62	58.40	56.62	55.28	57.78	56.33	1.91619959673	100
40620	40620	65912	65912	55.55	57.70	56.42	54.62	57.25	55.85	55.58	58.40	56.48	55.25	57.78	56.25	1.91654810934	100
40720	40720	65812	65812	55.48	57.70	56.42	54.60	57.27	55.88	55.55	58.42	56.42	55.21	57.80	56.24	1.91716366606	100
40820	40820	65712	65712	55.45	57.62	56.42	54.60	57.27	55.83	55.50	58.38	56.40	55.18	57.76	56.22	1.91749653164	100
40920	40920	65612	65612	55.48	57.65	56.42	54.60	57.27	55.83	55.45	58.30	56.38	55.17	57.74	56.21	1.91741251794	100
41020	41020	65512	65512	55.40	57.67	56.42	54.60	57.30	55.75	55.45	58.25	56.33	55.15	57.74	56.17	1.91700075957	100
41120	41120	65412	65412	55.42	57.67	56.40	54.62	57.25	55.80	55.40	58.23	56.30	55.15	57.72	56.17	1.91707622231	100
41220	41220	65312	65312	55.40	57.62	56.42	54.60	57.25	55.67	55.40	58.23	56.27	55.13	57.70	56.12	1.91741255721	100
41320	41320	65212	65212	55.33	57.62	56.35	54.62	57.20	55.70	55.42	58.25	56.23	55.12	57.69	56.09	1.91818619583	100
41420	41420	65112	65112	55.33	57.55	56.33	54.55	57.25	55.67	55.42	58.23	56.23	55.10	57.67	56.08	1.91783037172	100
41520	41520	65012	65012	55.30	57.52	56.27	54.40	57.23	55.55	55.35	58.15	56.17	55.02	57.63	56.00	1.91843339884	100
41620	41620	64912	64912	55.25	57.45	56.30	54.40	57.23	55.58	55.33	58.12	56.17	54.99	57.60	56.02	1.91808700831	100
41720	41720	64812	64812	55.23	57.48	56.25	54.38	57.25	55.58	55.33	58.08	56.15	54.98	57.60	55.99	1.91813440846	100
41820	41820	64712	64712	55.20	57.45	56.23	54.35	57.17	55.52	55.27	58.08	56.12	54.94	57.57	55.96	1.91874152578	100
41920	41920	64612	64612	55.27	57.42	56.20	54.35	57.15	55.52	55.23	58.10	56.10	54.95	57.56	55.94	1.91874339288	100
42020	42020	64512	64512	55.25	57.40	56.20	54.33	57.15	55.55	55.20	58.08	56.02	54.92	57.54	55.92	1.91969246699	100
42120	42120	64412	64412	55.23	57.42	56.12	54.25	57.17	55.55	55.15	58.05	55.98	54.88	57.55	55.88	1.91968801876	100
42220	42220	64312	64312	55.17	57.38	56.15	54.23	57.17	55.55	55.15	58.00	55.92	54.85	57.52	55.88	1.91998342912	100
42320	42320	64212	64212	55.05	57.38	56.05	54.23	57.15	55.52	55.15	58.00	55.85	54.81	57.51	55.81	1.92057363419	100
42420	42420	64112	64112	55.08	57.35	56.08	54.17	57.12	55.42	55.08	57.95	55.83	54.77	57.48	55.77	1.92066533259	100
42520	42520	64012	64012	55.10	57.33	56.08	54.17	57.10	55.38	54.92	57.92	55.77	54.73	57.45	55.74	1.92105777029	100
42620	42620	63912	63912	55.10	57.35	56.08	54.15	57.10	55.40	54.90	57.90	55.75	54.72	57.45	55.74	1.92131614049	100
42720	42720	63812	63812	55.08	57.35	56.08	54.10	57.08	55.40	54.90	57.90	55.80	54.69	57.44	55.76	1.92157288267	100
42820	42820	63712	63712	55.05	57.38	56.05	54.05	57.05	55.40	54.88	57.85	55.75	54.66	57.42	55.73	1.92100700716	100
42920	42920	63612	63612	54.98	57.35	56.02	54.08	57.02	55.40	54.85	57.85	55.75	54.63	57.41	55.73	1.92098698372	100
43020	43020	63512	63512	54.95	57.38	56.00	54.05	57.00	55.35	54.80	57.80	55.75	54.60	57.39	55.70	1.92120005581	100
43120	43120	63412	63412	54.90	57.40	56.00	54.05	57.02	55.33	54.80	57.77	55.70	54.58	57.40	55.67	1.92196285923	100
43220	43220	63312	63312	54.92	57.38	56.00	54.05	57.08	55.27	54.80	57.77	55.70	54.59	57.41	55.66	1.92230072429	100
43320	43320	63212	63212	54.85	57.38	55.98	54.02	57.08	55.23	54.70	57.70	55.65	54.52	57.38	55.62	1.92264188269	100
43420	43420	63112	63112	54.88	57.35	55.92	54.00	57.08	55.17	54.73	57.73	55.65	54.53	57.38	55.58	1.92296540217	100
43520	43520	63012	63012	54.88	57.33	55.90	54.05	57.10	55.23	54.75	57.67	55.60	54.56	57.37	55.58	1.92369475824	100
43620	43620	62912	62912	54.85	57.30	55.90	54.02	57.08	55.23	54.80	57.67	55.55	54.56	57.35	55.56	1.92533077323	100
43720	43720	62812	62812	54.83	57.27	55.85	54.00	57.02	55.23	54.73	57.65	55.50	54.52	57.32	55.52	1.9251449401	100
43820	43820	62712	62712	54.77	57.27	55.85	53.98	57.00	55.20	54.70	57.70	55.52	54.48	57.33	55.52	1.92569595156	100
43920	43920	62612	62612	54.77	57.27	55.77	53.95	57.00	55.20	54.67	57.67	55.48	54.47	57.32	55.48	1.92590860533	100
44020	44020	62512	62512	54.80	57.30	55.80	53.90	57.02	55.20	54.65	57.62	55.45	54.45	57.32	55.48	1.92702830959	100
44120	44120	62412	62412	54.77	57.27	55.80	53.90	56.98	55.17	54.60	57.65	55.45	54.42	57.30	55.48	1.92703653976	100
44220	44220	62312	62312	54.73	57.25	55.80	53.88	57.00	55.10	54.58	57.62	55.40	54.39	57.29	55.43	1.92729907984	100
44320	44320	62212	62212	54.67	57.30	55.73	53.85	56.95	55.10	54.58	57.62	55.35	54.37	57.29	55.39	1.92747983173	100
44420	44420	62112	62112	54.65	57.23	55.73	53.85	56.90	55.10	54.60	57.62	55.30	54.37	57.25	55.38	1.92763734026	100
44520	44520	62012	62012	54.67	57.20	55.73	53.83	56.90	55.10	54.52	57.58	55.30	54.34	57.23	55.38	1.92782785211	100
44620	44620	61912	61912	54.65	57.20	55.77	53.83	56.90	55.10	54.50	57.55	55.30	54.33	57.22	55.39	1.92786662893	100
44720	44720	61812	61812	54.65	57.20	55.75	53.77	56.85	55.05	54.45	57.55	55.33	54.29	57.20	55.38	1.92803294208	100
44820	44820	61712	61712	54.67	57.20	55.73	53.77	56.88	55.00	54.45	57.58	55.30	54.30	57.22	55.34	1.92830230835	100
44920	44920	61612	61612	54.73	57.20	55.67	53.80	56.83	55.00	54.48	57.55	55.27	54.33	57.19	55.32	1.92852903289	100
45020	45020	61512	61512	54.70	57.12	55.65	53.75	56.83	54.98	54.50	57.50	55.23	54.32	57.15	55.28	1.92855792101	100
45120	45120	61412	61412	54.70	57.12	55.65	53.70	56.85	54.98	54.50	57.55	55.23	54.30	57.17	55.28	1.92860343468	100
45220	45220	61312	61312	54.67	57.12	55.67	53.70	56.77	54.95	54.50	57.55	55.23	54.29	57.15	55.28	1.92910111427	100
45320	45320	61212	61212	54.67	57.12	55.67	53.70	56.80	54.92	54.52	57.55	55.23	54.30	57.16	55.27	1.92894316653	100
45420	45420	61112	61112	54.73	57.08	55.67	53.67	56.83	54.90	54.48	57.55	55.23	54.29	57.15	55.27	1.92998690888	100
45520	45520	61012	61012	54.70	57.08	55.62	53.65	56.85	54.88	54.48	57.52	55.23	54.27	57.15	55.24	1.92977687941	100
45620	45620	60912	60912	54.70	57.05	55.60	53.65	56.83	54.85	54.45	57.55	55.23	54.27	57.14	55.23	1.92987089526	100
45720	45720	60812	60812	54.67	57.02	55.62	53.62	56.80	54.83	54.42	57.52	55.23	54.24	57.12	55.23	1.92989349166	100
45820	45820	60712	60712	54.67	57.05	55.62	53.65	56.85	54.80	54.45	57.55	55.17	54.26	57.15	55.20	1.9298588074	100
45920	45920	60612	60612	54.67	57.02	55.62	53.60	56.77	54.77	54.45	57.50	55.12	54.24	57.10	55.17	1.9299125073	100
46020	46020	60512	60512	54.67	57.05	55.62	53.65	56.77	54.75	54.40	57.45	55.15	54.24	57.09	55.17	1.92999699091	100
46120	46120	60412	60412	54.62	57.05	55.60	53.62	56.75	54.80	54.40	57.48	55.12	54.22	57.09	55.17	1.93028279539	100
46220	46220	60312	60312	54.62	57.12	55.62	53.60	56.65	54.77	54.35	57.42	55.12	54.19	57.07	55.17	1.9305568969	100
46320	46320	60212	60212	54.65	57.08	55.60	53.58	56.65	54.80	54.38	57.45	55.00	54.20	57.06	55.13	1.93040602392	100
46420	46420	60112	60112	54.62	57.05	55.60	53.58	56.73	54.80	54.33	57.38	55.00	54.17	57.05	55.13	1.93015499878	100
46520	46520	60012	60012	54.62	57.02	55.58	53.52	56.75	54.80	54.33	57.35	55.00	54.16	57.04	55.12	1.93052200303	100
46620	46620	59912	59912	54.62	56.95	55.55	53.48	56.75	54.80	54.27	57.35	55.05	54.12	57.02	55.13	1.93075948247	100
46720	46720	59812	59812	54.62	56.95	55.58	53.45	56.73	54.80	54.30	57.35	55.08	54.12	57.01	55.15	1.93079716923	100
46820	46820	59712	59712	54.62	56.88	55.48	53.45	56.70	54.77	54.35	57.40	55.08	54.14	56.99	55.11	1.93047880034	100
46920	46920	59612	59612	54.62	56.88	55.45	53.45	56.65	54.77	54.38	57.35	55.02	54.15	56.96	55.08	1.93040724812	100
47020	47020	59512	59512	54.62	56.90	55.42	53.42	56.65	54.75	54.38	57.38	55.05	54.14	56.98	55.08	1.93057559286	100
47120	47120	59412	59412	54.58	56.85	55.42	53.45	56.62	54.73	54.38	57.40	55.05	54.13	56.96	55.07	1.93103799185	100
47220	47220	59312	59312	54.55	56.83	55.38	53.50	56.62	54.70	54.40	57.40	55.05	54.15	56.95	55.04	1.93134382555	100
47320	47320	59212	59212	54.52	56.83	55.38	53.42	56.65	54.67	54.35	57.40	55.05	54.10	56.96	55.03	1.93166353751	100
47420	47420	59112	59112	54.52	56.77	55.38	53.40	56.65	54.70	54.35	57.35	55.05	54.09	56.92	55.04	1.93192958451	100
47520	47520	59012	59012	54.55	56.83	55.38	53.42	56.65	54.70	54.40	57.35	55.08	54.12	56.94	55.05	1.9316842054	100
47620	47620	58912	58912	54.52	56.83	55.38	53.42	56.60	54.67	54.40	57.30	55.08	54.12	56.91	55.04	1.93171431484	100
47720	47720	58812	58812	54.52	56.80	55.35	53.45	56.62	54.67	54.40	57.27	55.08	54.12	56.90	55.03	1.93235468559	100
47820	47820	58712	58712	54.52	56.83	55.33	53.45	56.60	54.65	54.40	57.25	55.08	54.12	56.89	55.02	1.93237008349	100
47920	47920	58612	58612	54.50	56.77	55.33	53.45	56.60	54.67	54.38	57.25	55.08	54.11	56.88	55.02	1.9327902756	100
48020	48020	58512	58512	54.50	56.75	55.33	53.42	56.52	54.65	54.33	57.23	55.08	54.08	56.83	55.02	1.93227881213	100
48120	48120	58412	58412	54.50	56.75	55.33	53.40	56.48	54.62	54.33	57.15	55.02	54.08	56.79	54.99	1.93217738737	100
48220	48220	58312	58312	54.48	56.75	55.30	53.40	56.42	54.65	54.35	57.20	55.02	54.08	56.79	54.99	1.93209383069	100
48320	48320	58212	58212	54.48	56.75	55.27	53.40	56.42	54.65	54.35	57.15	55.02	54.08	56.77	54.98	1.93246124959	100
48420	48420	58112	58112	54.52	56.75	55.27	53.40	56.40	54.62	54.35	57.15	55.02	54.09	56.77	54.98	1.93253103088	100
48520	48520	58012	58012	54.55	56.75	55.27	53.40	56.38	54.62	54.38	57.15	55.02	54.11	56.76	54.98	1.93285447354	100
48620	48620	57912	57912	54.52	56.70	55.25	53.40	56.42	54.65	54.40	57.10	55.02	54.11	56.74	54.98	1.93347094169	100
48720	48720	57812	57812	54.48	56.70	55.25	53.38	56.35	54.67	54.38	57.12	55.00	54.08	56.73	54.98	1.9339572471	100
48820	48820	57712	57712	54.48	56.67	55.25	53.38	56.35	54.67	54.38	57.12	55.00	54.08	56.72	54.98	1.93388479338	100
48920	48920	57612	57612	54.50	56.58	55.23	53.40	56.30	54.67	54.35	57.00	55.00	54.08	56.62	54.97	1.93403266018	100
49020	49020	57512	57512	54.45	56.58	55.23	53.38	56.30	54.67	54.33	56.92	54.98	54.05	56.60	54.96	1.93430154621	100
49120	49120	57412	57412	54.45	56.58	55.23	53.38	56.27	54.67	54.30	56.90	54.98	54.04	56.58	54.96	1.9346959737	100
49220	49220	57312	57312	54.48	56.58	55.23	53.35	56.25	54.65	54.27	56.92	54.98	54.03	56.58	54.95	1.93464249166	100
49320	49320	57212	57212	54.48	56.58	55.23	53.38	56.20	54.62	54.25	56.88	54.98	54.03	56.55	54.94	1.93444793799	100
49420	49420	57112	57112	54.48	56.52	55.23	53.38	56.17	54.65	54.25	56.88	54.95	54.03	56.52	54.94	1.93468085312	100
49520	49520	57012	57012	54.48	56.50	55.25	53.42	56.17	54.62	54.25	56.85	54.92	54.05	56.51	54.93	1.93469705926	100
49620	49620	56912	56912	54.48	56.48	55.25	53.42	56.15	54.60	54.27	56.85	54.90	54.06	56.49	54.92	1.9345947244	100
49720	49720	56812	56812	54.50	56.45	55.25	53.40	56.15	54.60	54.27	56.85	54.90	54.06	56.48	54.92	1.93497680744	100
49820	49820	56712	56712	54.45	56.45	55.23	53.42	56.15	54.58	54.25	56.90	54.90	54.04	56.50	54.90	1.93500046337	100
49920	49920	56612	56612	54.48	56.42	55.23	53.40	56.10	54.55	54.23	56.83	54.88	54.03	56.45	54.88	1.93513356547	100
50020	50020	56512	56512	54.50	56.42	55.20	53.38	56.12	54.60	54.23	56.85	54.85	54.03	56.47	54.88	1.93531312888	100
50120	50120	56412	56412	54.48	56.42	55.20	53.38	56.12	54.60	54.25	56.88	54.88	54.03	56.48	54.89	1.93538341507	100
50220	50220	56312	56312	54.48	56.35	55.23	53.40	56.15	54.58	54.30	56.85	54.88	54.06	56.45	54.89	1.93633902768	100
50320	50320	56212	56212	54.42	56.35	55.17	53.35	56.17	54.58	54.30	56.85	54.88	54.02	56.46	54.88	1.93702754258	100
50420	50420	56112	56112	54.42	56.35	55.17	53.35	56.20	54.55	54.27	56.80	54.90	54.02	56.45	54.88	1.93840526236	100
50520	50520	56012	56012	54.40	56.35	55.17	53.35	56.15	54.55	54.30	56.80	54.90	54.02	56.43	54.88	1.93908681841	100
50620	50620	55912	55912	54.40	56.33	55.15	53.40	56.12	54.52	54.33	56.75	54.88	54.04	56.40	54.85	1.94058789447	100
50720	50720	55812	55812	54.40	56.27	55.12	53.42	56.10	54.52	54.33	56.70	54.88	54.05	56.36	54.84	1.94139113386	100
50820	50820	55712	55712	54.38	56.27	55.08	53.42	56.08	54.52	54.27	56.70	54.90	54.02	56.35	54.83	1.94336791814	100
50920	50920	55612	55612	54.35	56.23	55.02	53.40	56.08	54.50	54.27	56.70	54.88	54.01	56.33	54.80	1.94519754775	100
51020	51020	55512	55512	54.35	56.23	55.05	53.40	56.10	54.48	54.27	56.70	54.88	54.01	56.34	54.80	1.94635824742	100
51120	51120	55412	55412	54.33	56.23	55.05	53.38	56.05	54.45	54.30	56.73	54.88	54.00	56.33	54.79	1.946547698	100
51220	51220	55312	55312	54.35	56.20	55.05	53.38	56.10	54.45	54.30	56.62	54.85	54.01	56.31	54.78	1.94714197943	100
51320	51320	55212	55212	54.30	56.15	55.05	53.35	56.12	54.45	54.30	56.62	54.80	53.98	56.30	54.77	1.94739676699	100
51420	51420	55112	55112	54.30	56.10	55.00	53.35	56.12	54.45	54.27	56.58	54.80	53.98	56.27	54.75	1.94839996231	100
51520	51520	55012	55012	54.35	56.08	55.00	53.35	56.10	54.48	54.27	56.60	54.75	53.99	56.26	54.74	1.94887645026	100
51620	51620	54912	54912	54.35	56.10	55.00	53.35	56.10	54.45	54.27	56.60	54.77	53.99	56.27	54.74	1.94961969678	100
51720	51720	54812	54812	54.33	56.10	55.00	53.38	56.12	54.45	54.30	56.62	54.77	54.00	56.28	54.74	1.94988480772	100
51820	51820	54712	54712	54.38	56.08	55.00	53.38	56.08	54.50	54.30	56.58	54.77	54.02	56.24	54.76	1.95013446612	100
51920	51920	54612	54612	54.38	56.05	55.00	53.38	56.02	54.50	54.30	56.60	54.75	54.02	56.23	54.75	1.95124793377	100
52020	52020	54512	54512	54.35	56.08	55.02	53.38	56.02	54.48	54.30	56.52	54.77	54.01	56.21	54.76	1.95194626925	100
52120	52120	54412	54412	54.35	56.10	54.98	53.38	56.02	54.50	54.27	56.52	54.75	54.00	56.22	54.74	1.95139436856	100
52220	52220	54312	54312	54.33	56.05	54.95	53.35	56.02	54.45	54.25	56.50	54.73	53.98	56.19	54.71	1.95102988708	100
52320	52320	54212	54212	54.33	56.02	54.98	53.35	56.02	54.45	54.25	56.48	54.70	53.98	56.17	54.71	1.95080189513	100
52420	52420	54112	54112	54.30	56.02	54.98	53.35	56.00	54.45	54.23	56.45	54.73	53.96	56.16	54.72	1.95065184686	100
52520	52520	54012	54012	54.23	56.05	54.98	53.33	55.95	54.45	54.23	56.45	54.67	53.92	56.15	54.70	1.95066621753	100
52620	52620	53912	53912	54.23	56.05	54.95	53.33	55.95	54.45	54.23	56.42	54.67	53.92	56.14	54.69	1.95076068018	100
52720	52720	53812	53812	54.20	56.05	54.92	53.38	55.92	54.42	54.23	56.40	54.67	53.93	56.12	54.67	1.949993788	100
52820	52820	53712	53712	54.20	56.02	54.92	53.35	55.98	54.45	54.23	56.48	54.65	53.92	56.16	54.67	1.9495431535	100
52920	52920	53612	53612	54.23	56.00	54.92	53.38	55.98	54.45	54.23	56.42	54.67	53.94	56.13	54.68	1.94907527029	100
53020	53020	53512	53512	54.20	56.05	54.95	53.33	55.98	54.45	54.23	56.40	54.65	53.92	56.14	54.68	1.94877940315	100
53120	53120	53412	53412	54.20	56.02	54.98	53.35	55.98	54.45	54.23	56.38	54.65	53.92	56.12	54.69	1.94810056585	100
53220	53220	53312	53312	54.15	56.02	54.98	53.38	56.00	54.48	54.23	56.38	54.65	53.92	56.13	54.70	1.9478864559	100
53320	53320	53212	53212	54.15	56.02	54.95	53.38	56.02	54.48	54.25	56.40	54.65	53.92	56.15	54.69	1.94758703955	100
53420	53420	53112	53112	54.15	56.02	54.95	53.40	56.00	54.45	54.25	56.38	54.65	53.93	56.13	54.68	1.94705228932	100
53520	53520	53012	53012	54.15	56.00	54.95	53.38	55.98	54.45	54.23	56.38	54.67	53.92	56.12	54.69	1.94696233312	100
53620	53620	52912	52912	54.17	56.05	54.95	53.40	55.98	54.48	54.30	56.38	54.67	53.96	56.13	54.70	1.94695927607	100
53720	53720	52812	52812	54.15	56.02	54.92	53.38	55.98	54.45	54.27	56.38	54.62	53.93	56.12	54.67	1.9466872859	100
53820	53820	52712	52712	54.12	56.02	54.92	53.40	55.98	54.45	54.23	56.40	54.65	53.92	56.13	54.67	1.9468366667	100
53920	53920	52612	52612	54.12	55.98	54.95	53.42	56.02	54.48	54.23	56.45	54.62	53.92	56.15	54.68	1.94667982064	100
54020	54020	52512	52512	54.10	55.98	54.95	53.38	56.05	54.48	54.23	56.50	54.62	53.90	56.17	54.68	1.94653726442	100
54120	54120	52412	52412	54.10	56.00	54.95	53.38	56.08	54.52	54.25	56.42	54.58	53.91	56.17	54.68	1.94650861154	100
54220	54220	52312	52312	54.10	56.00	54.95	53.40	56.08	54.52	54.25	56.40	54.58	53.92	56.16	54.68	1.94628418915	100
54320	54320	52212	52212	54.10	55.98	54.90	53.38	56.15	54.52	54.25	56.40	54.58	53.91	56.17	54.67	1.94649614728	100
54420	54420	52112	52112	54.12	55.95	54.90	53.42	56.12	54.50	54.25	56.35	54.58	53.93	56.14	54.66	1.94630019112	100
54520	54520	52012	52012	54.12	55.98	54.98	53.40	56.10	54.50	54.25	56.35	54.58	53.92	56.14	54.68	1.94676423398	100
54620	54620	51912	51912	54.08	55.98	54.95	53.33	56.10	54.55	54.27	56.33	54.58	53.89	56.13	54.69	1.94692655254	100
54720	54720	51812	51812	54.08	55.98	54.95	53.30	56.08	54.55	54.23	56.33	54.60	53.87	56.12	54.70	1.94714791798	100
54820	54820	51712	51712	54.05	56.02	54.95	53.33	56.10	54.58	54.27	56.30	54.65	53.88	56.14	54.73	1.94694545736	100
54920	54920	51612	51612	54.05	56.00	54.95	53.30	56.08	54.58	54.23	56.27	54.58	53.86	56.12	54.70	1.94690334098	100
55020	55020	51512	51512	54.05	56.00	54.95	53.30	56.08	54.58	54.17	56.27	54.55	53.84	56.12	54.69	1.94697722137	100
55120	55120	51412	51412	54.05	55.98	54.88	53.30	56.08	54.55	54.17	56.25	54.58	53.84	56.10	54.67	1.94700023481	100
55220	55220	51312	51312	54.05	55.98	54.90	53.30	56.08	54.55	54.17	56.25	54.58	53.84	56.10	54.67	1.94687831185	100
55320	55320	51212	51212	54.05	55.98	54.90	53.25	56.10	54.55	54.17	56.25	54.55	53.83	56.11	54.67	1.94705139092	100
55420	55420	51112	51112	54.00	55.95	54.90	53.25	56.08	54.55	54.15	56.25	54.55	53.80	56.09	54.67	1.94686282517	100
55520	55520	51012	51012	54.00	55.95	54.90	53.25	56.10	54.55	54.17	56.25	54.55	53.81	56.10	54.67	1.94599901836	100
55620	55620	50912	50912	54.02	55.98	54.88	53.25	56.10	54.55	54.20	56.25	54.58	53.83	56.11	54.67	1.94594722897	100
55720	55720	50812	50812	54.00	55.98	54.90	53.25	56.08	54.55	54.17	56.23	54.58	53.81	56.09	54.67	1.945634794	100
55820	55820	50712	50712	54.02	55.98	54.90	53.25	56.05	54.55	54.17	56.23	54.58	53.82	56.08	54.67	1.94525885061	100
55920	55920	50612	50612	54.02	55.98	54.90	53.25	56.10	54.60	54.20	56.20	54.58	53.83	56.09	54.69	1.94501232653	100
56020	56020	50512	50512	54.00	55.95	54.90	53.27	56.10	54.60	54.23	56.23	54.58	53.83	56.09	54.69	1.94474200114	100
56120	56120	50412	50412	54.00	55.95	54.90	53.30	56.10	54.62	54.23	56.23	54.58	53.84	56.09	54.70	1.94447831365	100
56220	56220	50312	50312	54.00	55.92	54.92	53.30	56.08	54.62	54.23	56.23	54.58	53.84	56.08	54.71	1.94448837087	100
56320	56320	50212	50212	54.02	56.00	54.95	53.30	56.10	54.62	54.20	56.25	54.58	53.84	56.12	54.72	1.94476974482	100
56420	56420	50112	50112	54.02	55.95	54.95	53.33	56.10	54.60	54.20	56.25	54.60	53.85	56.10	54.72	1.94472938479	100
56520	56520	50012	50012	54.05	55.98	54.92	53.33	56.12	54.58	54.20	56.25	54.58	53.86	56.12	54.69	1.94476343282	100
56620	56620	49912	49912	54.05	55.92	54.92	53.33	56.15	54.58	54.17	56.23	54.58	53.85	56.10	54.69	1.94472972188	100
56720	56720	49812	49812	54.10	55.95	54.92	53.33	56.10	54.55	54.23	56.23	54.60	53.88	56.09	54.69	1.94488761535	100
56820	56820	49712	49712	54.10	55.98	54.90	53.40	56.10	54.58	54.23	56.20	54.58	53.91	56.09	54.68	1.94440769091	100
56920	56920	49612	49612	54.10	56.00	54.88	53.42	56.02	54.60	54.23	56.15	54.58	53.92	56.06	54.68	1.94414113812	100
57020	57020	49512	49512	54.10	56.02	54.85	53.42	56.05	54.58	54.17	56.20	54.55	53.90	56.09	54.66	1.94379750159	100
57120	57120	49412	49412	54.12	56.00	54.83	53.42	56.08	54.58	54.15	56.20	54.55	53.90	56.09	54.65	1.94387138606	100
57220	57220	49312	49312	54.12	56.00	54.83	53.42	56.10	54.55	54.17	56.15	54.55	53.91	56.08	54.64	1.94379986045	100
57320	57320	49212	49212	54.12	56.00	54.88	53.40	56.12	54.58	54.23	56.20	54.55	53.92	56.11	54.67	1.94394344505	100
57420	57420	49112	49112	54.10	56.02	54.88	53.40	56.15	54.62	54.23	56.20	54.50	53.91	56.12	54.67	1.94374908828	100
57520	57520	49012	49012	54.10	56.00	54.88	53.45	56.10	54.60	54.25	56.20	54.55	53.93	56.10	54.67	1.94350957453	100
57620	57620	48912	48912	54.12	56.02	54.88	53.45	56.12	54.58	54.25	56.17	54.55	53.94	56.11	54.67	1.94311774753	100
57720	57720	48812	48812	54.15	56.02	54.90	53.45	56.12	54.58	54.25	56.20	54.52	53.95	56.12	54.67	1.9430049401	100
57820	57820	48712	48712	54.15	56.00	54.88	53.45	56.12	54.60	54.25	56.17	54.52	53.95	56.10	54.67	1.94259062842	100
57920	57920	48612	48612	54.17	55.98	54.88	53.45	56.15	54.60	54.20	56.17	54.52	53.94	56.10	54.67	1.94306544097	100
58020	58020	48512	48512	54.17	55.98	54.90	53.45	56.15	54.60	54.20	56.15	54.50	53.94	56.09	54.67	1.94285947374	100
