12120	12120	94562	94562	75.03	77.75	79.88	74.58	77.65	79.25	75.30	78.53	79.90	74.97	77.97	79.67	6.50994153571
12120	12120	94562	94562	75.05	77.75	79.85	74.53	77.65	79.25	75.30	78.53	79.88	74.96	77.97	79.66	4.80345611635	16
12136	12136	94546	94546	75.15	77.88	79.53	74.38	77.42	79.22	74.80	78.75	79.72	74.78	78.02	79.49	3.48573749478	15
12151	12151	94531	94531	74.75	77.80	79.50	74.12	77.42	79.03	74.42	78.90	79.45	74.43	78.04	79.33	2.9906771556	16
12167	12167	94515	94515	74.38	77.53	79.30	73.65	77.30	78.83	74.05	78.60	79.33	74.03	77.81	79.15	2.69573754479	16
12183	12183	94499	94499	74.12	77.50	78.83	73.47	77.40	78.33	73.75	78.50	79.22	73.78	77.80	78.79	2.52242333165	16
12199	12199	94483	94483	73.80	77.58	78.80	73.47	77.10	78.25	73.40	78.40	79.15	73.56	77.69	78.73	2.38467141722	16
12215	12215	94467	94467	73.53	77.47	78.67	73.47	76.90	77.97	73.30	78.25	78.95	73.43	77.54	78.53	2.30741441836	16
12231	12231	94451	94451	73.42	77.28	78.55	73.30	76.78	77.83	73.42	77.97	78.85	73.38	77.34	78.41	2.22217389962	16
12247	12247	94435	94435	73.28	77.15	78.47	73.30	76.45	77.75	73.40	77.65	78.53	73.33	77.08	78.25	2.1512841964	16
12263	12263	94419	94419	73.30	77.22	78.28	73.20	76.45	77.75	73.38	77.42	78.47	73.29	77.03	78.17	2.10332759128	16
12279	12279	94403	94403	73.22	77.15	78.30	73.03	76.33	77.78	73.45	77.58	78.30	73.23	77.02	78.12	2.06978831776	16
12295	12295	94387	94387	73.40	77.12	78.35	73.05	76.45	77.75	73.47	77.62	78.28	73.31	77.07	78.12	2.02879716959	16
12311	12311	94371	94371	73.55	76.88	78.20	73.25	76.20	77.80	73.62	77.40	78.20	73.47	76.83	78.07	1.99887583434	16
12327	12327	94355	94355	73.70	76.80	78.20	73.15	76.50	77.72	73.65	77.35	78.17	73.50	76.88	78.03	1.96884832417	16
12343	12343	94339	94339	73.75	76.97	78.05	73.42	76.53	77.85	73.70	77.30	78.12	73.62	76.93	78.01	1.94472165581	16
12359	12359	94323	94323	73.78	77.17	78.30	73.45	76.53	77.88	74.08	77.22	78.20	73.77	76.97	78.12	1.9258258271	16
12375	12375	94307	94307	73.85	77.25	78.28	73.25	76.62	77.90	73.78	77.38	78.30	73.62	77.08	78.16	1.91322174315	16
12391	12391	94291	94291	74.05	77.30	78.25	73.33	76.72	77.90	73.92	77.50	78.40	73.77	77.17	78.18	1.89255104079	16
12407	12407	94275	94275	73.92	77.33	78.45	73.40	76.70	78.05	73.90	77.62	78.55	73.74	77.22	78.35	1.88048507819	16
12423	12423	94259	94259	73.90	77.55	78.30	73.35	76.67	78.10	74.00	77.67	78.53	73.75	77.30	78.31	1.87187770261	16
12439	12439	94243	94243	74.10	77.60	78.40	73.50	76.75	78.00	74.28	77.62	78.65	73.96	77.33	78.35	1.85318603802	16
12455	12455	94227	94227	74.35	77.45	78.47	73.60	76.75	78.08	74.50	77.67	78.72	74.15	77.29	78.42	1.84581433484	16
12471	12471	94211	94211	74.50	77.58	78.62	73.65	76.78	78.22	74.65	77.62	78.78	74.27	77.33	78.54	1.83958077111	16
12487	12487	94195	94195	74.55	77.72	78.83	73.72	76.78	78.25	74.78	77.83	78.88	74.35	77.44	78.65	1.83855254045	16
12503	12503	94179	94179	74.78	77.70	79.10	73.85	77.00	78.22	74.72	77.95	78.78	74.45	77.55	78.70	1.82581655913	16
12519	12519	94163	94163	74.95	77.53	79.15	73.78	76.97	78.30	75.05	78.08	79.08	74.59	77.53	78.84	1.82417282539	16
12535	12535	94147	94147	75.10	77.45	79.22	73.85	77.03	78.42	75.10	78.17	79.10	74.68	77.55	78.92	1.82175221921	16
12551	12551	94131	94131	75.25	77.50	79.45	74.00	77.28	78.38	75.12	78.05	79.05	74.79	77.61	78.96	1.81641749435	16
12567	12567	94115	94115	75.20	77.60	79.42	74.10	77.08	78.40	74.97	78.17	79.10	74.76	77.62	78.97	1.81083271191	16
12583	12583	94099	94099	75.30	77.67	79.53	74.20	77.17	78.38	75.10	78.12	79.12	74.87	77.66	79.01	1.8055015512	16
12599	12599	94083	94083	75.30	77.72	79.42	74.10	77.10	78.33	75.12	78.28	79.25	74.84	77.70	79.00	1.80075480224	16
12615	12615	94067	94067	75.25	77.60	79.53	74.22	77.15	78.60	75.22	78.30	79.17	74.90	77.68	79.10	1.79008956565	16
12631	12631	94051	94051	75.33	77.65	79.60	74.35	77.28	78.75	75.35	78.25	79.40	75.01	77.72	79.25	1.78574495879	16
12647	12647	94035	94035	75.47	77.50	79.47	74.55	77.22	78.72	75.50	78.50	79.40	75.17	77.74	79.20	1.78341088935	16
12663	12663	94019	94019	75.70	77.72	79.50	74.62	77.25	78.62	75.38	78.33	79.22	75.23	77.77	79.12	1.7848567775	16
12679	12679	94003	94003	75.55	77.62	79.38	74.65	77.25	78.55	75.45	78.38	79.38	75.22	77.75	79.10	1.77709132292	16
12695	12695	93987	93987	75.60	77.70	79.47	74.72	77.20	78.60	75.45	78.47	79.40	75.26	77.79	79.16	1.77517470172	16
12711	12711	93971	93971	75.60	77.90	79.62	74.83	77.28	78.65	75.60	78.53	79.42	75.34	77.90	79.23	1.77709254134	16
12727	12727	93955	93955	75.70	77.75	79.80	74.90	77.42	78.62	75.67	78.62	79.65	75.42	77.93	79.36	1.77215904259	16
12743	12743	93939	93939	75.60	77.83	79.78	74.97	77.42	78.72	75.62	78.53	79.65	75.40	77.92	79.38	1.77076019161	16
12759	12759	93923	93923	75.72	77.88	79.80	75.10	77.60	78.80	75.75	78.78	79.75	75.53	78.08	79.45	1.76761690004	16
12775	12775	93907	93907	75.85	77.92	79.90	75.05	77.40	78.90	75.90	78.85	79.75	75.60	78.06	79.52	1.76799937306	16
12791	12791	93891	93891	75.72	77.80	79.92	75.08	77.50	78.83	75.88	78.92	79.78	75.56	78.08	79.51	1.76558230819	16
12807	12807	93875	93875	75.80	77.70	79.92	75.03	77.47	78.83	75.92	78.72	79.88	75.58	77.97	79.54	1.76544210672	16
12823	12823	93859	93859	75.83	77.67	79.95	74.95	77.38	78.80	75.97	78.70	79.72	75.58	77.92	79.49	1.76232291855	16
12839	12839	93843	93843	75.85	77.60	79.88	75.17	77.30	78.85	76.08	78.72	79.75	75.70	77.88	79.49	1.75808425713	16
12855	12855	93827	93827	75.88	77.58	79.97	75.03	77.33	78.80	76.00	78.72	79.83	75.63	77.88	79.53	1.76235451101	16
12871	12871	93811	93811	75.95	77.65	79.97	75.12	77.33	78.83	76.15	78.65	79.75	75.74	77.88	79.52	1.75936011137	16
12887	12887	93795	93795	75.83	77.75	79.83	75.12	77.22	78.78	76.12	78.62	79.90	75.69	77.87	79.50	1.76379014258	16
12903	12903	93779	93779	75.85	77.92	79.95	75.00	77.20	78.58	76.08	78.70	79.95	75.64	77.94	79.49	1.76533457297	16
12919	12919	93763	93763	75.78	77.95	80.00	75.15	77.17	78.75	76.12	78.62	80.08	75.68	77.92	79.61	1.76720201536	16
12935	12935	93747	93747	75.92	77.78	80.00	75.08	77.15	78.62	76.12	78.55	80.15	75.71	77.83	79.59	1.76869009677	16
12951	12951	93731	93731	76.03	77.90	80.10	75.08	77.20	78.78	76.17	78.47	80.22	75.76	77.86	79.70	1.76358512059	16
12967	12967	93715	93715	75.97	77.85	80.40	75.17	77.35	78.83	76.22	78.45	80.15	75.79	77.88	79.79	1.76445684106	16
12983	12983	93699	93699	76.15	78.15	80.42	75.15	77.30	78.95	76.22	78.45	80.28	75.84	77.97	79.88	1.76442797685	16
12999	12999	93683	93683	76.15	78.12	80.35	75.17	77.22	78.92	76.33	78.35	80.28	75.88	77.90	79.85	1.76471668467	16
13015	13015	93667	93667	76.22	77.88	80.35	75.17	77.12	78.95	76.30	78.38	80.20	75.90	77.79	79.83	1.76674249845	16
13031	13031	93651	93651	76.20	77.85	80.38	75.25	77.00	78.80	76.22	78.28	80.20	75.89	77.71	79.79	1.77344974115	16
13047	13047	93635	93635	76.33	77.78	80.25	75.08	76.90	78.75	76.47	78.22	80.10	75.96	77.63	79.70	1.77323452613	16
13063	13063	93619	93619	76.22	77.53	80.12	75.03	76.65	78.65	76.42	77.97	80.08	75.89	77.38	79.62	1.77657977152	16
13079	13079	93603	93603	76.17	77.58	80.15	75.12	76.55	78.65	76.47	78.12	80.05	75.92	77.42	79.62	1.77234866682	16
13095	13095	93587	93587	76.10	77.62	79.95	74.95	76.53	78.60	76.45	78.08	80.03	75.83	77.41	79.53	1.77775592211	16
13111	13111	93571	93571	76.17	77.72	80.05	75.10	76.67	78.53	76.50	78.03	79.97	75.92	77.47	79.52	1.7740533883	16
13127	13127	93555	93555	76.47	77.92	80.03	75.05	76.62	78.58	76.47	78.05	80.03	76.00	77.53	79.54	1.77472965336	16
13143	13143	93539	93539	76.42	77.88	80.00	75.00	76.58	78.53	76.62	77.88	79.95	76.02	77.44	79.49	1.77088686318	16
13159	13159	93523	93523	76.22	77.95	79.92	75.00	76.40	78.42	76.67	77.90	80.08	75.97	77.42	79.47	1.77152730208	16
13175	13175	93507	93507	76.20	77.97	79.83	75.10	76.53	78.38	76.62	78.05	79.97	75.97	77.52	79.39	1.77195658079	16
13191	13191	93491	93491	76.17	77.95	79.88	75.10	76.35	78.45	76.60	78.03	79.97	75.96	77.44	79.43	1.77281829421	16
13207	13207	93475	93475	76.28	78.00	79.78	75.20	76.33	78.40	76.58	77.92	79.95	76.02	77.42	79.38	1.77312248832	16
13223	13223	93459	93459	76.22	77.95	79.83	74.95	76.22	78.45	76.85	77.80	80.00	76.01	77.33	79.42	1.77153247738	16
13239	13239	93443	93443	76.25	77.67	79.85	75.03	76.15	78.38	76.80	77.72	79.95	76.03	77.18	79.39	1.77965878526	16
13255	13255	93427	93427	76.28	77.90	79.90	74.97	76.20	78.50	76.78	77.88	79.90	76.01	77.33	79.43	1.77724504538	16
13271	13271	93411	93411	76.17	77.97	80.00	74.78	76.10	78.30	76.72	77.85	79.95	75.89	77.31	79.42	1.77860374005	16
13287	13287	93395	93395	76.17	78.12	80.08	74.67	76.05	78.33	76.80	77.85	79.95	75.88	77.34	79.45	1.77900761084	16
13303	13303	93379	93379	76.17	78.10	80.05	74.47	76.05	78.22	76.70	77.60	79.83	75.78	77.25	79.37	1.77792553658	16
13319	13319	93363	93363	76.15	78.05	80.10	74.40	75.88	78.15	76.75	77.50	79.83	75.77	77.14	79.36	1.77721980674	16
13335	13335	93347	93347	76.15	78.12	80.12	74.30	75.80	78.00	76.60	77.42	79.75	75.68	77.12	79.29	1.77410294794	16
13351	13351	93331	93331	76.15	78.10	80.10	74.35	75.70	77.88	76.50	77.55	79.85	75.67	77.12	79.28	1.77924325518	16
13367	13367	93315	93315	76.12	78.28	80.12	74.42	75.75	77.88	76.58	77.53	79.95	75.71	77.18	79.32	1.77972343757	16
13383	13383	93299	93299	76.28	78.17	80.12	74.40	75.80	77.97	76.60	77.47	79.78	75.76	77.15	79.29	1.77970019398	16
13399	13399	93283	93283	76.22	78.00	80.15	74.30	75.92	77.95	76.47	77.60	79.78	75.67	77.17	79.29	1.7792094591	16
13415	13415	93267	93267	76.33	78.03	80.30	74.28	75.83	77.92	76.45	77.65	79.70	75.68	77.17	79.31	1.78306375113	16
13431	13431	93251	93251	76.25	78.17	80.30	74.35	75.80	77.75	76.50	77.65	79.65	75.70	77.21	79.23	1.78089519324	16
13447	13447	93235	93235	76.08	78.20	80.25	74.33	75.80	77.55	76.53	77.55	79.58	75.64	77.18	79.12	1.7825959105	16
13463	13463	93219	93219	76.03	78.22	80.28	74.28	75.70	77.45	76.53	77.62	79.62	75.61	77.18	79.12	1.78007415392	16
13479	13479	93203	93203	76.03	78.33	80.20	74.17	75.50	77.47	76.53	77.65	79.58	75.58	77.16	79.08	1.78771178448	16
13495	13495	93187	93187	76.03	78.33	80.12	74.28	75.55	77.33	76.62	77.72	79.58	75.64	77.20	79.01	1.78709648545	16
13511	13511	93171	93171	76.03	78.28	80.10	74.00	75.38	77.22	76.58	77.62	79.45	75.53	77.09	78.92	1.7871561441	16
13527	13527	93155	93155	75.88	78.28	80.05	73.90	75.17	77.15	76.60	77.58	79.53	75.46	77.01	78.91	1.78504272441	16
13543	13543	93139	93139	75.75	78.42	79.88	73.90	75.28	77.17	76.62	77.50	79.58	75.42	77.07	78.88	1.78236505001	16
13559	13559	93123	93123	75.80	78.22	80.10	73.80	75.17	77.05	76.60	77.58	79.60	75.40	76.99	78.92	1.78572239656	16
13575	13575	93107	93107	75.72	78.22	80.10	73.88	75.25	77.03	76.55	77.55	79.67	75.38	77.01	78.93	1.78543604663	16
13591	13591	93091	93091	75.67	78.38	80.15	73.78	75.03	76.95	76.65	77.47	79.58	75.37	76.96	78.89	1.78555770074	16
13607	13607	93075	93075	75.80	78.28	80.22	73.90	75.20	76.90	76.65	77.30	79.65	75.45	76.92	78.92	1.78546170803	16
13623	13623	93059	93059	75.80	78.15	80.10	73.85	75.22	76.88	76.55	77.30	79.65	75.40	76.89	78.88	1.78365258211	16
13639	13639	93043	93043	75.88	78.25	80.17	73.80	75.22	76.92	76.50	77.28	79.55	75.39	76.92	78.88	1.7843158298	16
13655	13655	93027	93027	75.85	78.15	80.20	73.78	75.05	76.72	76.62	77.40	79.60	75.42	76.87	78.84	1.78461850942	16
13671	13671	93011	93011	75.70	78.17	80.00	73.80	75.03	76.72	76.53	77.30	79.53	75.34	76.83	78.75	1.78564383229	16
13687	13687	92995	92995	75.70	78.00	79.97	73.92	75.00	76.60	76.65	77.20	79.35	75.42	76.73	78.64	1.78428634406	16
13703	13703	92979	92979	75.70	77.95	79.97	73.88	74.92	76.65	76.62	77.22	79.40	75.40	76.70	78.67	1.78774642195	16
13719	13719	92963	92963	75.72	77.78	80.00	73.85	74.85	76.53	76.75	77.17	79.30	75.44	76.60	78.61	1.78750658832	16
13735	13735	92947	92947	75.55	77.75	79.88	73.92	74.72	76.58	76.85	77.10	79.20	75.44	76.53	78.55	1.78542164885	16
13751	13751	92931	92931	75.70	77.80	79.83	74.03	74.78	76.50	76.72	76.95	79.22	75.48	76.51	78.52	1.78724980689	16
13767	13767	92915	92915	75.78	77.75	79.80	73.97	74.70	76.47	76.85	76.95	79.15	75.53	76.47	78.47	1.78919871668	16
13783	13783	92899	92899	75.65	77.62	79.75	73.95	74.65	76.45	76.72	76.97	79.05	75.44	76.42	78.42	1.78965634156	16
13799	13799	92883	92883	75.60	77.70	79.70	74.00	74.80	76.35	76.78	76.95	79.00	75.46	76.48	78.35	1.78998950915	16
13815	13815	92867	92867	75.60	77.65	79.65	74.00	74.65	76.38	76.85	76.90	79.03	75.48	76.40	78.35	1.79076233704	16
13831	13831	92851	92851	75.45	77.67	79.67	74.03	74.62	76.30	76.75	76.85	78.88	75.41	76.38	78.28	1.79122822943	16
13847	13847	92835	92835	75.58	77.65	79.58	74.05	74.65	76.25	76.62	76.97	78.92	75.42	76.42	78.25	1.79104537228	16
13863	13863	92819	92819	75.50	77.50	79.55	74.00	74.80	76.20	76.53	76.92	78.88	75.34	76.41	78.21	1.79345210478	16
13879	13879	92803	92803	75.70	77.40	79.50	74.00	74.55	76.20	76.47	76.80	78.88	75.39	76.25	78.19	1.79543713639	16
13895	13895	92787	92787	75.60	77.28	79.42	74.03	74.58	76.25	76.45	76.70	78.83	75.36	76.18	78.17	1.79884241328	16
13911	13911	92771	92771	75.53	77.45	79.28	74.05	74.55	76.15	76.40	76.70	78.83	75.33	76.23	78.08	1.79731891442	16
13927	13927	92755	92755	75.58	77.35	79.22	74.08	74.53	76.08	76.53	76.60	78.88	75.39	76.16	78.06	1.79579743596	16
13943	13943	92739	92739	75.45	77.33	79.25	74.08	74.47	76.00	76.50	76.53	78.75	75.34	76.11	78.00	1.79839112911	16
13959	13959	92723	92723	75.40	77.28	79.22	74.05	74.47	76.12	76.55	76.75	78.83	75.33	76.17	78.06	1.79621114416	16
13975	13975	92707	92707	75.45	77.05	79.10	74.12	74.42	76.08	76.55	76.70	78.78	75.38	76.06	77.98	1.80300149179	16
13991	13991	92691	92691	75.35	77.05	79.00	74.08	74.38	76.10	76.62	76.67	78.60	75.35	76.03	77.90	1.7960955451	16
14007	14007	92675	92675	75.45	76.92	78.95	74.05	74.35	75.95	76.65	76.72	78.55	75.38	76.00	77.82	1.79503441645	16
14023	14023	92659	92659	75.38	76.95	78.85	74.10	74.33	75.95	76.42	76.67	78.53	75.30	75.98	77.78	1.79623811257	16
14039	14039	92643	92643	75.33	76.80	78.72	74.05	74.40	75.95	76.42	76.60	78.42	75.27	75.93	77.70	1.80040940978	16
14055	14055	92627	92627	75.47	76.60	78.65	74.03	74.28	75.92	76.42	76.67	78.47	75.31	75.85	77.68	1.80282272213	16
14071	14071	92611	92611	75.45	76.55	78.72	74.08	74.30	76.03	76.50	76.60	78.50	75.34	75.82	77.75	1.79998542135	16
14087	14087	92595	92595	75.47	76.58	78.67	74.00	74.28	75.92	76.53	76.75	78.50	75.33	75.87	77.70	1.80132700666	16
14103	14103	92579	92579	75.47	76.40	78.62	74.10	74.33	75.95	76.50	76.62	78.45	75.36	75.78	77.67	1.80157508565	16
14119	14119	92563	92563	75.47	76.40	78.53	73.97	74.28	75.92	76.40	76.55	78.35	75.28	75.74	77.60	1.80523617327	16
14135	14135	92547	92547	75.55	76.55	78.53	73.90	74.35	75.85	76.35	76.47	78.30	75.27	75.79	77.56	1.80412547547	16
14151	14151	92531	92531	75.47	76.45	78.35	73.97	74.25	75.78	76.35	76.53	78.25	75.27	75.74	77.46	1.80486427956	16
14167	14167	92515	92515	75.45	76.35	78.30	74.10	74.15	75.75	76.35	76.33	78.22	75.30	75.61	77.42	1.80700988489	16
14183	14183	92499	92499	75.45	76.38	78.17	74.12	74.10	75.83	76.42	76.20	78.30	75.33	75.56	77.43	1.80106900911	16
14199	14199	92483	92483	75.53	76.42	78.10	73.88	74.00	75.83	76.42	76.20	78.22	75.28	75.54	77.38	1.79939570843	16
14215	14215	92467	92467	75.35	76.33	78.17	73.95	74.05	75.83	76.58	76.17	78.22	75.29	75.52	77.41	1.8020735891	16
14231	14231	92451	92451	75.42	76.30	78.17	73.90	73.90	75.83	76.65	76.08	78.17	75.33	75.42	77.39	1.79972772182	16
14247	14247	92435	92435	75.42	76.25	78.17	73.80	73.78	75.85	76.55	76.15	78.15	75.26	75.39	77.39	1.79771953726	16
14263	14263	92419	92419	75.53	76.22	78.15	73.80	73.80	75.62	76.55	75.95	78.15	75.29	75.33	77.31	1.79922729387	16
14279	14279	92403	92403	75.42	76.12	78.12	73.85	73.83	75.75	76.53	76.05	78.10	75.27	75.33	77.33	1.79830360203	16
14295	14295	92387	92387	75.42	76.28	78.15	73.83	73.88	75.67	76.42	76.00	78.17	75.22	75.38	77.33	1.79826570299	16
14311	14311	92371	92371	75.62	76.10	78.12	73.88	73.83	75.55	76.33	76.08	78.08	75.28	75.33	77.25	1.80044994279	16
14327	14327	92355	92355	75.67	76.25	78.05	73.90	73.65	75.60	76.25	75.95	78.08	75.28	75.28	77.24	1.79819118025	16
14343	14343	92339	92339	75.60	76.12	78.08	73.95	73.83	75.55	76.15	75.90	77.97	75.23	75.28	77.20	1.80029936627	16
14359	14359	92323	92323	75.65	76.08	77.97	73.78	73.60	75.47	76.15	75.88	77.90	75.19	75.18	77.12	1.80313185781	16
14375	14375	92307	92307	75.55	76.05	77.92	73.65	73.60	75.40	76.22	75.78	77.90	75.14	75.14	77.08	1.8037600612	16
14391	14391	92291	92291	75.53	76.08	77.85	73.67	73.53	75.35	76.28	75.90	78.05	75.16	75.17	77.08	1.80164831792	16
14407	14407	92275	92275	75.53	75.88	77.85	73.58	73.42	75.38	76.20	75.92	77.95	75.10	75.08	77.06	1.80220131951	16
14423	14423	92259	92259	75.55	75.95	77.83	73.42	73.45	75.40	76.22	75.92	77.97	75.07	75.11	77.07	1.80078997688	16
14439	14439	92243	92243	75.65	75.90	77.75	73.42	73.35	75.33	76.15	75.80	77.97	75.08	75.02	77.02	1.80495922781	16
14455	14455	92227	92227	75.60	75.90	77.88	73.35	73.33	75.38	76.10	75.70	77.85	75.02	74.97	77.03	1.80328734949	16
