12120	12120	94562	94562	75.08	77.75	79.85	74.55	77.62	79.25	75.30	78.53	79.90	74.97	77.97	79.67	2.98128842791
12120	12120	94412	94412	75.10	77.75	79.85	74.58	77.65	79.25	75.28	78.53	79.90	74.98	77.97	79.67	2.49268404437	200
12320	12320	94212	94212	74.28	78.08	79.33	74.15	77.35	79.00	74.03	78.30	79.38	74.15	77.91	79.23	1.90171941426	200
12520	12520	94012	94012	75.05	77.90	78.97	74.40	77.33	79.15	75.12	78.42	79.20	74.86	77.88	79.11	1.78500236088	200
12720	12720	93812	93812	75.97	77.75	79.62	75.05	77.53	79.20	75.47	78.40	79.75	75.50	77.89	79.53	1.75057066456	200
12920	12920	93612	93612	76.53	78.08	80.17	74.90	77.70	79.28	76.22	78.50	79.85	75.88	78.09	79.77	1.72995497775	200
13120	13120	93412	93412	76.47	78.53	80.05	75.15	77.50	79.03	76.65	78.35	80.08	76.09	78.12	79.72	1.72529824947	200
13320	13320	93212	93212	76.60	78.42	79.90	75.42	77.25	78.92	76.75	78.58	80.15	76.26	78.08	79.66	1.72697995442	200
13520	13520	93012	93012	76.55	78.70	79.85	74.83	77.08	78.45	76.85	78.40	80.45	76.08	78.06	79.58	1.7305658605	200
13720	13720	92812	92812	76.15	78.50	79.92	74.55	76.83	78.08	76.80	78.17	79.90	75.83	77.83	79.30	1.73895810169	200
13920	13920	92612	92612	76.00	77.42	79.70	74.33	75.97	77.38	77.08	77.45	79.28	75.80	76.95	78.78	1.7474204528	200
14120	14120	92412	92412	76.28	77.22	79.75	74.28	75.35	76.65	76.67	77.03	79.12	75.74	76.53	78.51	1.7540034359	200
14320	14320	92212	92212	76.15	76.53	79.20	74.42	74.65	76.30	76.45	76.30	78.65	75.67	75.83	78.05	1.75881653251	200
14520	14520	92012	92012	75.50	75.92	78.72	73.97	74.28	76.20	76.10	75.83	78.33	75.19	75.34	77.75	1.76468438117	200
14720	14720	91812	91812	75.30	75.60	78.05	73.20	73.60	75.72	75.95	75.17	77.78	74.82	74.79	77.18	1.77458407578	200
14920	14920	91612	91612	75.47	75.20	77.47	73.15	73.55	75.10	75.58	75.12	77.38	74.73	74.62	76.65	1.77706982217	200
15120	15120	91412	91412	74.55	75.08	76.75	72.83	73.12	74.55	75.17	74.83	76.70	74.18	74.34	76.00	1.78099115954	200
15320	15320	91212	91212	74.10	74.33	76.00	72.75	72.65	74.38	75.10	74.62	76.35	73.98	73.87	75.58	1.78165899795	200
15520	15520	91012	91012	73.88	73.80	75.65	72.42	72.58	74.05	74.90	74.53	76.25	73.73	73.63	75.32	1.78994195783	200
15720	15720	90812	90812	73.33	73.67	75.22	72.12	72.42	73.47	74.17	74.25	75.72	73.21	73.45	74.81	1.79455803395	200
15920	15920	90612	90612	72.75	73.58	74.83	71.58	71.78	73.00	73.72	73.70	75.10	72.68	73.02	74.31	1.79647605089	200
16120	16120	90412	90412	72.20	73.22	74.45	71.12	71.65	72.60	73.38	73.40	74.62	72.23	72.76	73.89	1.79959981701	200
16320	16320	90212	90212	71.95	72.90	73.95	71.05	71.22	72.25	72.88	73.12	74.30	71.96	72.42	73.50	1.80510127156	200
16520	16520	90012	90012	71.78	72.50	73.47	70.72	70.72	72.08	72.55	72.83	74.15	71.68	72.02	73.23	1.81018261752	200
16720	16720	89812	89812	71.60	71.85	73.17	70.47	70.40	71.65	72.30	72.75	73.60	71.46	71.67	72.81	1.81370766162	200
16920	16920	89612	89612	71.53	71.70	72.95	70.30	70.03	71.38	71.65	72.45	73.50	71.16	71.39	72.61	1.81516010293	200
17120	17120	89412	89412	71.38	71.72	72.78	70.22	69.67	71.03	71.55	72.42	73.33	71.05	71.28	72.38	1.81685814694	200
17320	17320	89212	89212	71.33	71.53	72.55	69.78	69.83	70.97	71.47	72.10	73.03	70.86	71.15	72.18	1.8206375766	200
17520	17520	89012	89012	70.88	71.30	72.20	69.25	69.38	70.30	71.25	71.83	72.67	70.46	70.83	71.72	1.82199724343	200
17720	17720	88812	88812	70.65	70.92	72.12	69.03	69.05	69.97	70.88	71.50	72.28	70.18	70.49	71.46	1.82001025491	200
17920	17920	88612	88612	70.08	70.55	71.62	68.65	68.55	69.62	70.47	71.25	71.83	69.73	70.12	71.03	1.82347360188	200
18120	18120	88412	88412	69.80	70.25	71.20	68.42	68.50	69.28	70.35	71.05	71.50	69.53	69.93	70.66	1.82394940927	200
18320	18320	88212	88212	69.20	70.03	70.83	68.15	68.25	68.70	70.08	70.65	71.22	69.14	69.64	70.25	1.82519472175	200
18520	18520	88012	88012	68.62	69.53	70.42	67.80	67.88	68.53	69.90	70.30	70.70	68.78	69.23	69.88	1.82629547217	200
18720	18720	87812	87812	68.35	69.35	70.00	67.70	67.53	68.12	69.55	69.95	70.20	68.53	68.94	69.44	1.82980781437	200
18920	18920	87612	87612	68.10	69.05	69.53	67.33	67.10	67.75	69.35	69.78	70.08	68.26	68.64	69.12	1.83151020206	200
19120	19120	87412	87412	67.95	68.80	69.15	67.20	66.92	67.62	69.00	69.58	69.78	68.05	68.43	68.85	1.83323150288	200
19320	19320	87212	87212	67.67	68.35	68.80	66.83	66.75	67.22	68.85	68.95	69.58	67.78	68.02	68.53	1.83340639857	200
19520	19520	87012	87012	67.25	68.15	68.38	66.42	66.72	66.97	68.67	68.72	69.55	67.45	67.87	68.30	1.83509367291	200
19720	19720	86812	86812	66.92	67.65	68.12	66.10	66.75	66.70	68.45	68.53	69.15	67.16	67.64	67.99	1.83529223092	200
19920	19920	86612	86612	66.92	67.35	67.80	65.83	66.53	66.53	68.22	68.22	68.80	66.99	67.37	67.71	1.83683662345	200
20120	20120	86412	86412	66.65	67.05	67.47	65.65	66.47	66.25	68.05	68.12	68.55	66.78	67.22	67.42	1.83861654105	200
20320	20320	86212	86212	66.40	66.95	67.10	65.45	66.22	66.03	67.78	67.83	68.45	66.54	67.00	67.19	1.84035623252	200
20520	20520	86012	86012	66.05	66.85	66.85	65.22	66.22	65.85	67.58	67.67	68.28	66.28	66.92	66.99	1.84117897436	200
20720	20720	85812	85812	65.80	66.58	66.62	64.90	66.08	65.67	67.25	67.47	67.85	65.98	66.71	66.72	1.84031542175	200
20920	20920	85612	85612	65.70	66.40	66.47	64.55	66.03	65.40	66.90	67.25	67.55	65.72	66.56	66.47	1.84100910868	200
21120	21120	85412	85412	65.33	66.22	66.33	64.33	65.62	65.20	66.92	67.00	67.30	65.53	66.28	66.28	1.84181134835	200
21320	21320	85212	85212	65.10	65.90	66.00	64.05	65.47	64.97	66.88	66.90	67.20	65.34	66.09	66.06	1.84199113251	200
21520	21520	85012	85012	64.88	65.95	65.83	64.10	65.38	64.75	66.55	66.47	67.00	65.17	65.93	65.86	1.84368738335	200
21720	21720	84812	84812	64.58	65.72	65.58	63.83	65.25	64.47	66.35	66.30	66.70	64.92	65.76	65.58	1.84408499761	200
21920	21920	84612	84612	64.55	65.50	65.40	63.60	65.05	64.38	66.30	65.95	66.35	64.82	65.50	65.38	1.8456905012	200
22120	22120	84412	84412	64.50	65.25	65.25	63.48	64.95	64.17	65.85	65.90	66.17	64.61	65.37	65.20	1.84729887844	200
22320	22320	84212	84212	64.42	65.20	64.95	63.33	64.95	64.05	65.62	65.80	66.05	64.46	65.32	65.02	1.84888808573	200
22520	22520	84012	84012	64.17	64.97	64.88	63.20	64.58	63.88	65.40	65.62	65.72	64.26	65.06	64.83	1.84934685669	200
22720	22720	83812	83812	63.85	64.75	64.62	62.80	64.47	63.65	65.05	65.42	65.47	63.90	64.88	64.58	1.84995209653	200
22920	22920	83612	83612	63.65	64.65	64.35	62.48	64.30	63.40	64.62	65.22	65.38	63.58	64.72	64.38	1.85096032377	200
23120	23120	83412	83412	63.55	64.67	64.30	62.30	64.05	63.25	64.72	64.95	65.20	63.52	64.56	64.25	1.85204876441	200
23320	23320	83212	83212	63.15	64.50	64.05	61.95	63.98	63.23	64.65	64.83	64.97	63.25	64.43	64.08	1.8526249011	200
23520	23520	83012	83012	62.98	64.40	63.92	61.95	63.80	63.12	64.45	64.72	64.80	63.12	64.31	63.95	1.85374872508	200
23720	23720	82812	82812	62.98	64.30	63.80	61.70	63.67	63.00	64.22	64.70	64.80	62.97	64.22	63.87	1.85528171564	200
23920	23920	82612	82612	62.92	64.17	63.58	61.70	63.40	62.90	64.17	64.60	64.62	62.93	64.06	63.70	1.85515726324	200
24120	24120	82412	82412	62.77	63.92	63.48	61.70	63.20	62.62	64.00	64.55	64.40	62.83	63.89	63.50	1.85591821109	200
24320	24320	82212	82212	62.62	63.60	63.42	61.67	63.17	62.48	63.88	64.50	64.40	62.73	63.76	63.43	1.85588458037	200
24520	24520	82012	82012	62.42	63.52	63.27	61.45	63.00	62.15	63.70	64.38	64.12	62.52	63.63	63.18	1.85604277186	200
24720	24720	81812	81812	62.15	63.25	63.05	61.38	62.85	62.10	63.52	64.25	63.92	62.35	63.45	63.02	1.85605912583	200
24920	24920	81612	81612	62.02	63.15	62.85	61.15	62.62	61.92	63.27	64.00	63.83	62.15	63.26	62.87	1.85714930187	200
25120	25120	81412	81412	61.92	62.90	62.60	61.02	62.33	61.77	63.15	63.83	63.60	62.03	63.02	62.66	1.85719895636	200
25320	25320	81212	81212	61.77	62.90	62.23	60.92	62.25	61.52	62.85	63.73	63.60	61.85	62.96	62.45	1.85709781919	200
25520	25520	81012	81012	61.48	62.67	62.02	60.77	62.08	61.55	62.85	63.58	63.20	61.70	62.77	62.26	1.8570406648	200
25720	25720	80812	80812	61.40	62.65	61.88	60.60	61.92	61.38	62.50	63.45	62.92	61.50	62.67	62.06	1.85665711674	200
25920	25920	80612	80612	61.27	62.55	61.73	60.55	61.80	61.12	62.38	63.25	62.75	61.40	62.53	61.87	1.85808497862	200
26120	26120	80412	80412	61.12	62.45	61.52	60.52	61.77	60.92	62.27	63.27	62.60	61.31	62.50	61.68	1.85816548687	200
26320	26320	80212	80212	61.10	62.38	61.45	60.40	61.50	60.70	62.17	63.20	62.50	61.23	62.36	61.55	1.85896715501	200
26520	26520	80012	80012	61.00	62.17	61.25	60.35	61.40	60.60	62.15	63.00	62.23	61.17	62.19	61.36	1.85938794735	200
26720	26720	79812	79812	60.73	62.17	61.00	60.10	61.35	60.35	61.88	62.85	62.05	60.90	62.12	61.13	1.85973034158	200
26920	26920	79612	79612	60.50	62.10	60.67	59.73	61.27	60.20	61.55	62.50	61.80	60.59	61.96	60.89	1.8609439128	200
27120	27120	79412	79412	60.45	61.85	60.52	59.60	61.20	60.10	61.20	62.48	61.65	60.42	61.84	60.76	1.86158776864	200
27320	27320	79212	79212	60.27	61.50	60.38	59.55	61.08	59.88	61.05	62.17	61.52	60.29	61.58	60.59	1.86300873002	200
27520	27520	79012	79012	60.10	61.38	60.25	59.42	60.98	59.77	61.10	62.15	61.27	60.21	61.50	60.43	1.8645935143	200
27720	27720	78812	78812	59.90	61.35	60.10	59.33	60.80	59.60	60.88	61.98	61.23	60.03	61.38	60.31	1.86548804695	200
27920	27920	78612	78612	59.88	61.12	59.92	59.30	60.75	59.58	60.75	61.83	61.10	59.98	61.23	60.20	1.86633921187	200
28120	28120	78412	78412	59.80	61.23	59.90	59.12	60.73	59.58	60.60	61.60	60.90	59.84	61.18	60.12	1.86689244075	200
28320	28320	78212	78212	59.60	61.15	59.67	59.05	60.58	59.40	60.48	61.48	60.83	59.71	61.07	59.97	1.86822617715	200
28520	28520	78012	78012	59.52	61.00	59.60	58.77	60.48	59.20	60.33	61.33	60.73	59.54	60.93	59.84	1.86802973709	200
28720	28720	77812	77812	59.48	60.75	59.48	58.73	60.30	59.10	60.20	61.25	60.60	59.47	60.77	59.73	1.86847453382	200
28920	28920	77612	77612	59.30	60.70	59.35	58.70	60.10	58.95	59.98	61.20	60.40	59.33	60.67	59.57	1.8693914543	200
29120	29120	77412	77412	59.30	60.60	59.30	58.58	59.98	58.75	59.77	61.20	60.10	59.22	60.59	59.38	1.86883022879	200
29320	29320	77212	77212	59.12	60.42	59.12	58.45	59.98	58.67	59.75	61.17	59.95	59.11	60.52	59.25	1.86970671448	200
29520	29520	77012	77012	58.88	60.27	59.08	58.35	59.90	58.52	59.40	61.00	59.73	58.88	60.39	59.11	1.87078071941	200
29720	29720	76812	76812	58.75	60.25	58.92	58.30	59.90	58.48	59.23	61.08	59.60	58.76	60.41	59.00	1.87112422872	200
29920	29920	76612	76612	58.70	60.27	58.88	58.10	59.88	58.45	59.10	60.95	59.42	58.63	60.37	58.92	1.87151406077	200
30120	30120	76412	76412	58.58	60.12	58.65	58.05	59.80	58.35	59.00	60.95	59.27	58.54	60.29	58.76	1.87260480181	200
30320	30320	76212	76212	58.60	60.02	58.62	57.90	59.67	58.35	58.77	60.77	59.08	58.42	60.16	58.68	1.87396530954	200
30520	30520	76012	76012	58.42	59.80	58.55	57.70	59.52	58.17	58.73	60.60	58.98	58.28	59.98	58.57	1.87457267352	200
30720	30720	75812	75812	58.30	59.62	58.40	57.52	59.35	58.08	58.62	60.52	58.83	58.15	59.83	58.43	1.87512565946	200
30920	30920	75612	75612	58.30	59.38	58.38	57.40	59.20	58.05	58.60	60.45	58.77	58.10	59.67	58.40	1.87685391007	200
31120	31120	75412	75412	58.25	59.27	58.40	57.35	59.10	58.02	58.52	60.40	58.73	58.04	59.59	58.38	1.87714422476	200
31320	31320	75212	75212	58.12	59.23	58.38	57.38	58.98	57.88	58.50	60.27	58.62	58.00	59.49	58.29	1.87861701105	200
31520	31520	75012	75012	58.00	59.17	58.30	57.25	58.80	57.75	58.42	60.15	58.42	57.89	59.38	58.16	1.88053214645	200
31720	31720	74812	74812	58.02	59.08	58.17	57.17	58.75	57.70	58.42	60.10	58.38	57.88	59.31	58.08	1.88230860651	200
31920	31920	74612	74612	57.92	59.17	58.12	57.15	58.75	57.65	58.17	60.00	58.33	57.75	59.31	58.03	1.88302326858	200
32120	32120	74412	74412	57.77	59.05	58.02	57.10	58.67	57.60	58.10	59.95	58.30	57.66	59.23	57.98	1.88476588808	200
32320	32320	74212	74212	57.73	59.02	58.00	57.10	58.62	57.55	58.05	59.90	58.27	57.62	59.18	57.94	1.88768043111	200
32520	32520	74012	74012	57.67	59.10	57.90	56.98	58.52	57.52	57.88	59.90	58.17	57.51	59.17	57.87	1.88825830848	200
32720	32720	73812	73812	57.67	59.05	57.85	56.92	58.48	57.50	57.85	59.85	58.12	57.48	59.12	57.83	1.88938538239	200
32920	32920	73612	73612	57.58	58.95	57.75	56.80	58.45	57.38	57.65	59.83	58.05	57.34	59.08	57.73	1.89169667506	200
33120	33120	73412	73412	57.38	58.88	57.73	56.75	58.45	57.30	57.48	59.83	58.10	57.20	59.05	57.71	1.89374800877	200
33320	33320	73212	73212	57.25	58.80	57.65	56.65	58.40	57.25	57.35	59.73	57.88	57.08	58.98	57.59	1.8944990446	200
33520	33520	73012	73012	57.27	58.88	57.65	56.62	58.45	57.23	57.20	59.65	57.75	57.03	58.99	57.54	1.89573355602	200
33720	33720	72812	72812	57.23	58.90	57.73	56.62	58.35	57.12	57.12	59.65	57.75	56.99	58.97	57.53	1.89675062849	200
33920	33920	72612	72612	57.12	58.88	57.62	56.65	58.38	57.12	57.15	59.52	57.65	56.98	58.92	57.47	1.89798835406	200
34120	34120	72412	72412	57.08	58.77	57.55	56.55	58.25	56.98	57.05	59.65	57.65	56.89	58.89	57.39	1.90005703792	200
34320	34320	72212	72212	57.00	58.77	57.55	56.48	58.23	56.98	57.05	59.60	57.70	56.84	58.87	57.41	1.90075299435	200
34520	34520	72012	72012	56.92	58.70	57.58	56.45	58.23	56.92	57.05	59.52	57.60	56.81	58.82	57.37	1.90182609787	200
34720	34720	71812	71812	56.88	58.67	57.60	56.38	58.23	56.92	56.90	59.58	57.60	56.72	58.83	57.38	1.90374298331	200
34920	34920	71612	71612	56.92	58.62	57.52	56.23	58.08	56.80	56.85	59.45	57.55	56.67	58.72	57.29	1.90506646458	200
35120	35120	71412	71412	56.95	58.65	57.50	56.23	58.15	56.77	56.83	59.48	57.55	56.67	58.76	57.27	1.90587998106	200
35320	35320	71212	71212	56.90	58.55	57.50	56.17	58.05	56.75	56.77	59.45	57.52	56.62	58.68	57.26	1.90663040231	200
35520	35520	71012	71012	56.83	58.50	57.48	56.10	58.05	56.70	56.67	59.38	57.48	56.53	58.64	57.22	1.90730431482	200
35720	35720	70812	70812	56.80	58.50	57.40	56.05	57.88	56.70	56.52	59.40	57.42	56.46	58.59	57.17	1.90777478745	200
35920	35920	70612	70612	56.70	58.42	57.38	56.00	57.90	56.73	56.50	59.27	57.38	56.40	58.53	57.16	1.90824380163	200
36120	36120	70412	70412	56.67	58.40	57.38	55.95	57.85	56.73	56.52	59.25	57.30	56.38	58.50	57.13	1.90860011886	200
36320	36320	70212	70212	56.55	58.35	57.25	55.85	57.80	56.60	56.50	59.08	57.33	56.30	58.41	57.06	1.90951631964	200
36520	36520	70012	70012	56.58	58.23	57.08	55.75	57.77	56.60	56.42	59.15	57.30	56.25	58.38	56.99	1.90985845975	200
36720	36720	69812	69812	56.50	58.17	57.05	55.67	57.80	56.50	56.40	59.15	57.33	56.19	58.38	56.96	1.90940186976	200
36920	36920	69612	69612	56.45	58.20	57.08	55.62	57.73	56.52	56.40	59.02	57.23	56.16	58.32	56.94	1.90937322272	200
37120	37120	69412	69412	56.45	58.17	56.98	55.58	57.70	56.50	56.40	58.95	57.15	56.14	58.27	56.88	1.90989371064	200
37320	37320	69212	69212	56.45	58.10	56.95	55.50	57.67	56.45	56.38	58.77	57.17	56.11	58.18	56.86	1.91031800153	200
37520	37520	69012	69012	56.45	58.08	56.95	55.40	57.62	56.48	56.35	58.85	57.15	56.07	58.18	56.86	1.91025125891	200
37720	37720	68812	68812	56.38	58.02	56.92	55.40	57.65	56.40	56.38	58.83	57.12	56.05	58.17	56.82	1.91093779412	200
37920	37920	68612	68612	56.30	57.95	56.88	55.35	57.60	56.35	56.38	58.83	57.02	56.01	58.12	56.75	1.91121577889	200
38120	38120	68412	68412	56.27	58.02	56.83	55.30	57.48	56.30	56.27	58.80	57.02	55.95	58.10	56.72	1.91151090641	200
38320	38320	68212	68212	56.25	57.95	56.83	55.27	57.52	56.27	56.15	58.83	56.95	55.89	58.10	56.68	1.91206831277	200
38520	38520	68012	68012	56.20	57.95	56.77	55.20	57.55	56.25	56.17	58.75	56.90	55.86	58.08	56.64	1.91201218449	200
38720	38720	67812	67812	56.15	57.88	56.80	55.17	57.50	56.25	56.17	58.70	56.92	55.83	58.02	56.66	1.91259593481	200
38920	38920	67612	67612	56.10	57.83	56.80	55.08	57.58	56.27	56.10	58.60	56.92	55.76	58.00	56.67	1.91272742159	200
39120	39120	67412	67412	56.00	57.83	56.75	55.05	57.45	56.23	56.12	58.58	56.88	55.73	57.95	56.62	1.91329593461	200
39320	39320	67212	67212	55.90	57.83	56.75	55.05	57.40	56.15	56.10	58.60	56.77	55.68	57.94	56.56	1.91392988387	200
39520	39520	67012	67012	55.92	57.80	56.73	54.98	57.33	56.10	55.98	58.48	56.77	55.62	57.87	56.53	1.91452461197	200
39720	39720	66812	66812	55.83	57.77	56.65	54.95	57.27	56.02	55.88	58.40	56.70	55.55	57.82	56.46	1.91421090398	200
39920	39920	66612	66612	55.88	57.75	56.62	54.80	57.33	56.05	55.88	58.42	56.67	55.52	57.83	56.45	1.91436329481	200
40120	40120	66412	66412	55.73	57.70	56.60	54.70	57.25	55.95	55.75	58.42	56.55	55.39	57.79	56.37	1.91495646948	200
40320	40320	66212	66212	55.60	57.65	56.52	54.65	57.25	55.92	55.60	58.27	56.45	55.28	57.73	56.30	1.91559033513	200
40520	40520	66012	66012	55.60	57.65	56.50	54.55	57.25	55.85	55.45	58.25	56.35	55.20	57.72	56.23	1.91536712746	200
40720	40720	65812	65812	55.62	57.62	56.45	54.55	57.20	55.83	55.40	58.23	56.27	55.19	57.68	56.18	1.91600261155	200
40920	40920	65612	65612	55.55	57.55	56.40	54.55	57.23	55.77	55.33	58.23	56.25	55.14	57.67	56.14	1.91576566313	200
41120	41120	65412	65412	55.50	57.50	56.35	54.48	57.23	55.70	55.35	58.23	56.17	55.11	57.65	56.08	1.91631571386	200
41320	41320	65212	65212	55.42	57.52	56.38	54.42	57.23	55.65	55.33	58.15	56.10	55.06	57.63	56.04	1.91745305608	200
41520	41520	65012	65012	55.40	57.62	56.35	54.42	57.17	55.62	55.38	58.10	56.08	55.07	57.63	56.02	1.91857843827	200
41720	41720	64812	64812	55.30	57.58	56.33	54.40	57.17	55.62	55.27	58.05	56.10	54.99	57.60	56.02	1.9190743947	200
41920	41920	64612	64612	55.27	57.48	56.27	54.33	57.12	55.60	55.20	57.98	56.02	54.93	57.52	55.97	1.91872133545	200
42120	42120	64412	64412	55.15	57.45	56.27	54.30	57.12	55.52	55.23	57.95	56.00	54.89	57.51	55.93	1.91868036821	200
42320	42320	64212	64212	55.08	57.48	56.20	54.17	57.05	55.50	55.12	57.95	55.83	54.79	57.49	55.84	1.91956119373	200
42520	42520	64012	64012	55.00	57.45	56.10	54.08	57.08	55.40	54.95	57.90	55.75	54.67	57.48	55.75	1.91995647703	200
42720	42720	63812	63812	54.95	57.40	56.12	54.08	57.02	55.33	54.88	57.88	55.73	54.63	57.43	55.73	1.92056496119	200
42920	42920	63612	63612	54.90	57.40	56.08	54.05	56.98	55.27	54.83	57.83	55.65	54.59	57.40	55.67	1.92055646306	200
43120	43120	63412	63412	54.90	57.42	56.02	54.08	57.02	55.25	54.77	57.77	55.62	54.58	57.41	55.63	1.92182857462	200
43320	43320	63212	63212	54.90	57.40	55.95	54.08	57.02	55.17	54.80	57.73	55.55	54.59	57.38	55.56	1.92283329812	200
43520	43520	63012	63012	54.88	57.30	55.90	54.05	57.00	55.20	54.80	57.65	55.58	54.58	57.32	55.56	1.9235750417	200
43720	43720	62812	62812	54.83	57.30	55.92	54.05	56.98	55.23	54.80	57.70	55.55	54.56	57.33	55.57	1.92423064662	200
43920	43920	62612	62612	54.83	57.33	55.85	54.02	56.95	55.23	54.70	57.67	55.50	54.52	57.32	55.52	1.92475212633	200
44120	44120	62412	62412	54.80	57.30	55.85	53.92	56.88	55.12	54.65	57.70	55.42	54.46	57.29	55.47	1.92506644342	200
44320	44320	62212	62212	54.67	57.30	55.83	53.95	56.83	55.10	54.58	57.65	55.40	54.40	57.26	55.44	1.92600652114	200
44520	44520	62012	62012	54.70	57.30	55.80	53.90	56.83	55.08	54.58	57.60	55.35	54.39	57.24	55.41	1.92597118804	200
44720	44720	61812	61812	54.67	57.25	55.83	53.92	56.88	55.08	54.55	57.60	55.35	54.38	57.24	55.42	1.92589858099	200
44920	44920	61612	61612	54.62	57.15	55.67	53.85	56.83	55.08	54.55	57.50	55.35	54.34	57.16	55.37	1.92637183269	200
45120	45120	61412	61412	54.65	57.10	55.67	53.88	56.83	55.05	54.50	57.52	55.30	54.34	57.15	55.34	1.92710357011	200
45320	45320	61212	61212	54.70	57.02	55.67	53.83	56.83	55.00	54.42	57.52	55.27	54.32	57.12	55.32	1.92743939776	200
45520	45520	61012	61012	54.70	57.00	55.65	53.83	56.88	54.95	54.38	57.50	55.17	54.30	57.12	55.26	1.92805678485	200
45720	45720	60812	60812	54.73	56.98	55.60	53.83	56.88	54.92	54.40	57.48	55.23	54.32	57.11	55.25	1.92776816782	200
45920	45920	60612	60612	54.67	56.88	55.65	53.83	56.90	54.92	54.42	57.45	55.17	54.31	57.08	55.25	1.92805468728	200
46120	46120	60412	60412	54.67	56.88	55.60	53.73	56.88	54.92	54.42	57.42	55.20	54.27	57.06	55.24	1.9286380659	200
46320	46320	60212	60212	54.58	56.92	55.62	53.70	56.88	54.90	54.48	57.42	55.15	54.25	57.08	55.23	1.92888934919	200
46520	46520	60012	60012	54.65	56.90	55.55	53.65	56.83	54.92	54.45	57.40	55.15	54.25	57.04	55.21	1.92920999572	200
46720	46720	59812	59812	54.62	56.92	55.52	53.60	56.75	54.95	54.42	57.38	55.10	54.22	57.02	55.19	1.92928517177	200
46920	46920	59612	59612	54.67	56.88	55.50	53.55	56.77	54.92	54.40	57.38	55.08	54.21	57.01	55.17	1.92951860898	200
47120	47120	59412	59412	54.65	56.85	55.50	53.48	56.70	54.85	54.40	57.35	55.05	54.17	56.97	55.13	1.93045175238	200
47320	47320	59212	59212	54.62	56.83	55.42	53.42	56.65	54.85	54.35	57.23	55.00	54.13	56.90	55.09	1.9309063502	200
47520	47520	59012	59012	54.58	56.85	55.45	53.45	56.67	54.85	54.38	57.23	55.02	54.13	56.92	55.11	1.93061287044	200
47720	47720	58812	58812	54.58	56.83	55.38	53.42	56.65	54.75	54.35	57.23	55.02	54.12	56.90	55.05	1.93097143376	200
47920	47920	58612	58612	54.55	56.80	55.33	53.45	56.62	54.73	54.35	57.27	55.02	54.12	56.90	55.02	1.93132540474	200
48120	48120	58412	58412	54.60	56.80	55.35	53.48	56.60	54.70	54.35	57.20	55.02	54.14	56.87	55.02	1.93108156393	200
48320	48320	58212	58212	54.60	56.80	55.33	53.40	56.52	54.70	54.35	57.10	55.02	54.12	56.81	55.02	1.93159677599	200
48520	48520	58012	58012	54.52	56.80	55.30	53.38	56.45	54.70	54.33	57.12	55.00	54.08	56.79	55.00	1.93218582749	200
48720	48720	57812	57812	54.58	56.75	55.23	53.40	56.33	54.73	54.30	57.17	55.00	54.09	56.75	54.98	1.93245132487	200
48920	48920	57612	57612	54.52	56.70	55.23	53.40	56.27	54.62	54.33	57.08	54.98	54.08	56.68	54.94	1.93237568176	200
49120	49120	57412	57412	54.52	56.67	55.15	53.40	56.27	54.62	54.33	57.00	54.95	54.08	56.65	54.91	1.93261835227	200
49320	49320	57212	57212	54.50	56.73	55.17	53.42	56.27	54.65	54.33	56.95	54.92	54.08	56.65	54.92	1.93232829251	200
49520	49520	57012	57012	54.42	56.60	55.17	53.40	56.23	54.62	54.33	56.92	54.92	54.05	56.58	54.91	1.93295361113	200
49720	49720	56812	56812	54.45	56.60	55.17	53.33	56.17	54.58	54.35	56.88	54.88	54.04	56.55	54.88	1.93311758016	200
49920	49920	56612	56612	54.45	56.50	55.20	53.38	56.15	54.58	54.33	56.83	54.85	54.05	56.49	54.88	1.93412223616	200
50120	50120	56412	56412	54.40	56.48	55.20	53.38	56.12	54.58	54.35	56.85	54.85	54.04	56.48	54.88	1.93448323958	200
50320	50320	56212	56212	54.38	56.42	55.20	53.40	56.12	54.55	54.33	56.85	54.88	54.03	56.47	54.88	1.93614980795	200
50520	50520	56012	56012	54.35	56.38	55.17	53.40	56.15	54.52	54.30	56.85	54.85	54.02	56.46	54.85	1.93640379971	200
50720	50720	55812	55812	54.38	56.35	55.15	53.42	56.15	54.52	54.33	56.88	54.85	54.04	56.46	54.84	1.93726382959	200
50920	50920	55612	55612	54.35	56.35	55.15	53.42	56.17	54.55	54.33	56.75	54.85	54.03	56.42	54.85	1.93880049224	200
51120	51120	55412	55412	54.30	56.30	55.10	53.40	56.17	54.50	54.30	56.73	54.83	54.00	56.40	54.81	1.94093603134	200
51320	51320	55212	55212	54.30	56.20	55.12	53.42	56.20	54.42	54.27	56.70	54.77	54.00	56.37	54.77	1.94327066772	200
51520	51520	55012	55012	54.30	56.12	55.10	53.40	56.17	54.42	54.33	56.60	54.77	54.01	56.30	54.77	1.94533934288	200
51720	51720	54812	54812	54.33	56.10	55.02	53.42	56.12	54.42	54.30	56.58	54.75	54.02	56.27	54.73	1.94624343236	200
51920	51920	54612	54612	54.30	56.05	55.00	53.45	56.12	54.45	54.33	56.50	54.75	54.02	56.23	54.73	1.94774660907	200
52120	52120	54412	54412	54.27	56.02	55.00	53.48	56.12	54.45	54.33	56.48	54.73	54.02	56.21	54.73	1.9486089151	200
52320	52320	54212	54212	54.25	56.08	54.95	53.48	56.12	54.42	54.30	56.45	54.73	54.01	56.22	54.70	1.94922894409	200
52520	52520	54012	54012	54.25	56.05	54.98	53.50	56.05	54.42	54.30	56.48	54.70	54.02	56.19	54.70	1.94905318147	200
52720	52720	53812	53812	54.25	55.98	55.00	53.50	56.10	54.42	54.30	56.52	54.70	54.02	56.20	54.71	1.94806970811	200
52920	52920	53612	53612	54.25	55.98	54.95	53.45	56.10	54.42	54.27	56.40	54.70	53.99	56.16	54.69	1.94744200957	200
53120	53120	53412	53412	54.23	56.00	54.95	53.48	56.10	54.45	54.30	56.42	54.67	54.00	56.17	54.69	1.94682155306	200
53320	53320	53212	53212	54.20	56.05	54.95	53.50	56.10	54.42	54.27	56.40	54.65	53.99	56.18	54.67	1.94680185867	200
53520	53520	53012	53012	54.25	56.02	54.95	53.48	56.15	54.45	54.27	56.35	54.65	54.00	56.17	54.68	1.94604078265	200
53720	53720	52812	52812	54.23	56.02	54.92	53.55	56.15	54.45	54.25	56.33	54.65	54.01	56.17	54.67	1.94608010625	200
53920	53920	52612	52612	54.20	56.10	54.95	53.52	56.23	54.48	54.25	56.30	54.65	53.99	56.21	54.69	1.9453108119	200
54120	54120	52412	52412	54.17	56.12	54.95	53.50	56.20	54.48	54.25	56.30	54.65	53.98	56.21	54.69	1.94555533345	200
54320	54320	52212	52212	54.20	56.12	54.98	53.45	56.20	54.48	54.25	56.27	54.60	53.97	56.20	54.68	1.94540264932	200
54520	54520	52012	52012	54.17	56.10	55.00	53.42	56.17	54.52	54.23	56.27	54.60	53.94	56.18	54.71	1.94499678845	200
54720	54720	51812	51812	54.12	56.05	55.02	53.45	56.20	54.50	54.23	56.27	54.62	53.93	56.17	54.72	1.94528399639	200
54920	54920	51612	51612	54.15	56.02	55.02	53.38	56.12	54.52	54.23	56.30	54.62	53.92	56.15	54.73	1.94517514517	200
55120	55120	51412	51412	54.15	56.02	55.05	53.33	56.10	54.50	54.23	56.33	54.60	53.90	56.15	54.72	1.94539395379	200
55320	55320	51212	51212	54.08	55.98	55.02	53.30	56.08	54.50	54.25	56.30	54.60	53.88	56.12	54.71	1.94528478134	200
55520	55520	51012	51012	54.08	56.00	55.05	53.30	56.10	54.52	54.20	56.35	54.60	53.86	56.15	54.73	1.945220864	200
55720	55720	50812	50812	54.08	56.05	55.05	53.27	56.10	54.55	54.27	56.33	54.58	53.88	56.16	54.73	1.94514530538	200
55920	55920	50612	50612	54.05	56.05	55.02	53.27	56.12	54.58	54.23	56.27	54.58	53.85	56.15	54.73	1.94512696178	200
56120	56120	50412	50412	54.08	56.02	54.98	53.33	56.20	54.60	54.27	56.30	54.60	53.89	56.17	54.73	1.94493953481	200
56320	56320	50212	50212	54.10	56.02	54.95	53.33	56.15	54.60	54.20	56.33	54.58	53.88	56.17	54.71	1.94489066399	200
56520	56520	50012	50012	54.12	56.05	54.98	53.30	56.15	54.60	54.17	56.35	54.58	53.87	56.18	54.72	1.94497521844	200
56720	56720	49812	49812	54.15	56.02	54.98	53.30	56.12	54.58	54.20	56.33	54.58	53.88	56.16	54.71	1.94418723801	200
56920	56920	49612	49612	54.15	56.08	54.92	53.30	56.10	54.58	54.15	56.27	54.58	53.87	56.15	54.69	1.94365558263	200
57120	57120	49412	49412	54.12	56.08	54.92	53.40	56.15	54.58	54.17	56.25	54.55	53.90	56.16	54.68	1.94327784557	200
57320	57320	49212	49212	54.15	56.05	54.92	53.38	56.15	54.58	54.10	56.27	54.60	53.88	56.16	54.70	1.94267989616	200
57520	57520	49012	49012	54.15	56.02	54.92	53.38	56.15	54.58	54.10	56.25	54.55	53.88	56.14	54.68	1.94235969275	200
57720	57720	48812	48812	54.15	56.02	54.92	53.38	56.20	54.62	54.10	56.17	54.62	53.88	56.13	54.73	1.94158421295	200
57920	57920	48612	48612	54.12	56.00	54.90	53.40	56.23	54.67	54.10	56.17	54.65	53.88	56.13	54.74	1.94097332145	200
58120	58120	48412	48412	54.10	56.02	54.90	53.40	56.25	54.65	54.10	56.25	54.65	53.87	56.17	54.73	1.94057842131	200
58320	58320	48212	48212	54.15	56.05	54.90	53.38	56.20	54.70	54.15	56.23	54.65	53.89	56.16	54.75	1.94068722509	200
58520	58520	48012	48012	54.12	56.05	54.92	53.42	56.17	54.70	54.17	56.20	54.60	53.91	56.14	54.74	1.94005169725	200
58720	58720	47812	47812	54.15	56.02	54.92	53.42	56.20	54.67	54.12	56.23	54.60	53.90	56.15	54.73	1.93956279984	200
58920	58920	47612	47612	54.15	56.02	54.98	53.42	56.17	54.67	54.15	56.17	54.58	53.91	56.12	54.74	1.93890980659	200
59120	59120	47412	47412	54.15	55.98	55.00	53.45	56.10	54.65	54.20	56.15	54.58	53.93	56.08	54.74	1.93863820235	200
59320	59320	47212	47212	54.20	55.92	54.98	53.40	56.10	54.62	54.20	56.20	54.52	53.93	56.08	54.71	1.93782697365	200
59520	59520	47012	47012	54.20	55.98	54.98	53.40	56.08	54.60	54.17	56.20	54.50	53.92	56.08	54.69	1.93773344374	200
59720	59720	46812	46812	54.20	55.92	55.00	53.40	56.02	54.62	54.20	56.20	54.48	53.93	56.05	54.70	1.93833683758	200
59920	59920	46612	46612	54.20	55.95	55.02	53.40	56.02	54.62	54.17	56.27	54.45	53.92	56.08	54.70	1.93869254801	200
60120	60120	46412	46412	54.17	55.95	55.02	53.40	56.08	54.62	54.15	56.25	54.45	53.91	56.09	54.70	1.93726521175	200
60320	60320	46212	46212	54.20	55.92	55.02	53.40	56.08	54.60	54.17	56.25	54.50	53.92	56.08	54.71	1.94029522109	200
60520	60520	46012	46012	54.20	55.88	55.02	53.40	56.05	54.65	54.20	56.20	54.52	53.93	56.04	54.73	1.9360562494	200
60720	60720	45812	45812	54.25	55.98	55.00	53.48	56.08	54.73	54.23	56.25	54.58	53.98	56.10	54.77	1.93375992521	200
60920	60920	45612	45612	54.25	56.02	55.02	53.52	56.02	54.75	54.25	56.23	54.60	54.01	56.09	54.79	1.93225687068	200
61120	61120	45412	45412	54.23	56.02	55.00	53.52	56.05	54.75	54.25	56.27	54.58	54.00	56.12	54.77	1.93127390901	200
61320	61320	45212	45212	54.20	56.08	55.05	53.50	55.98	54.77	54.30	56.15	54.58	54.00	56.07	54.80	1.93000907817	200
61520	61520	45012	45012	54.23	56.08	55.05	53.50	55.92	54.77	54.25	56.15	54.60	53.99	56.05	54.81	1.92891105053	200
61720	61720	44812	44812	54.20	56.05	55.02	53.55	55.92	54.83	54.30	56.15	54.62	54.02	56.04	54.83	1.92828615354	200
61920	61920	44612	44612	54.20	56.05	55.00	53.55	55.95	54.83	54.27	56.17	54.62	54.01	56.06	54.82	1.92943169889	200
62120	62120	44412	44412	54.20	56.10	55.00	53.55	55.90	54.83	54.30	56.23	54.62	54.02	56.08	54.82	1.92908769461	200
62320	62320	44212	44212	54.20	56.12	55.00	53.55	55.98	54.83	54.30	56.20	54.58	54.02	56.10	54.80	1.9291932813	200
62520	62520	44012	44012	54.23	56.05	55.02	53.55	55.92	54.95	54.30	56.20	54.55	54.02	56.06	54.84	1.93702437407	200
62720	62720	43812	43812	54.23	56.05	55.02	53.55	55.95	54.95	54.30	56.17	54.55	54.02	56.06	54.84	1.95399455633	200
62920	62920	43612	43612	54.23	56.08	55.05	53.55	55.98	54.95	54.30	56.20	54.52	54.02	56.08	54.84	1.96474000288	200
63120	63120	43412	43412	54.23	56.10	55.05	53.58	55.95	54.92	54.27	56.20	54.55	54.02	56.08	54.84	1.97230472031	200
63320	63320	43212	43212	54.23	56.08	55.05	53.58	55.90	54.92	54.27	56.17	54.58	54.02	56.05	54.85	1.97627467832	200
63520	63520	43012	43012	54.23	56.10	55.08	53.58	55.90	54.92	54.30	56.15	54.60	54.03	56.05	54.87	1.97630392616	200
63720	63720	42812	42812	54.23	56.10	55.08	53.58	55.90	54.95	54.25	56.12	54.60	54.02	56.04	54.88	1.97106274066	200
63920	63920	42612	42612	54.23	56.12	55.08	53.58	55.92	54.95	54.30	56.15	54.60	54.03	56.07	54.88	1.95798691625	200
64120	64120	42412	42412	54.20	56.15	55.08	53.58	55.95	54.92	54.27	56.15	54.58	54.02	56.08	54.86	1.94199539801	200
64320	64320	42212	42212	54.20	56.12	55.08	53.58	55.85	54.92	54.30	56.15	54.60	54.02	56.04	54.87	1.93390386323	200
64520	64520	42012	42012	54.27	56.08	55.12	53.58	55.83	54.88	54.30	56.15	54.58	54.05	56.02	54.86	1.93140292305	200
64720	64720	41812	41812	54.23	56.02	55.12	53.60	55.80	54.88	54.30	56.08	54.55	54.04	55.97	54.85	1.9296296246	200
64920	64920	41612	41612	54.27	56.12	55.12	53.62	55.80	54.88	54.30	56.12	54.55	54.07	56.02	54.85	1.92922405765	200
65120	65120	41412	41412	54.27	56.15	55.12	53.60	55.80	54.88	54.30	56.00	54.52	54.06	55.98	54.84	1.94405013875	200
65320	65320	41212	41212	54.25	56.20	55.15	53.60	55.80	54.88	54.25	56.08	54.52	54.03	56.02	54.85	1.93131901436	200
65520	65520	41012	41012	54.25	56.15	55.15	53.60	55.85	54.90	54.25	56.12	54.55	54.03	56.04	54.87	1.92561206947	200
65720	65720	40812	40812	54.25	56.30	55.17	53.60	55.85	54.90	54.27	56.08	54.55	54.04	56.08	54.88	1.92275543122	200
65920	65920	40612	40612	54.27	56.30	55.15	53.60	55.85	54.92	54.33	56.15	54.55	54.07	56.10	54.88	1.92876450132	200
66120	66120	40412	40412	54.30	56.30	55.12	53.60	55.83	54.92	54.33	56.12	54.60	54.08	56.08	54.88	1.9283481074	200
66320	66320	40212	40212	54.25	56.23	55.15	53.60	55.83	54.95	54.35	56.15	54.62	54.07	56.07	54.91	1.92037136614	200
66520	66520	40012	40012	54.27	56.23	55.15	53.60	55.88	54.98	54.33	56.15	54.62	54.07	56.08	54.92	1.91769139427	200
66720	66720	39812	39812	54.25	56.27	55.17	53.60	55.90	54.98	54.33	56.17	54.62	54.06	56.12	54.92	1.91545493506	200
66920	66920	39612	39612	54.27	56.35	55.20	53.60	55.92	54.98	54.35	56.20	54.60	54.08	56.16	54.92	1.91241415538	200
67120	67120	39412	39412	54.30	56.35	55.17	53.62	55.88	54.98	54.30	56.20	54.52	54.08	56.14	54.89	1.91001798444	200
67320	67320	39212	39212	54.33	56.35	55.20	53.62	55.92	55.08	54.30	56.15	54.52	54.08	56.14	54.93	1.9100040419	200
67520	67520	39012	39012	54.25	56.23	55.17	53.60	56.00	55.08	54.33	56.12	54.48	54.06	56.12	54.91	1.92826852013	200
67720	67720	38812	38812	54.23	56.25	55.10	53.60	55.98	55.08	54.33	56.12	54.42	54.05	56.12	54.87	1.90840490938	200
67920	67920	38612	38612	54.17	56.23	55.12	53.55	55.95	55.08	54.30	56.10	54.45	54.01	56.09	54.88	1.90678024836	200
68120	68120	38412	38412	54.20	56.23	55.12	53.55	56.00	55.08	54.27	56.10	54.45	54.01	56.11	54.88	1.90764626091	200
68320	68320	38212	38212	54.15	56.20	55.12	53.55	56.00	55.08	54.27	56.12	54.45	53.99	56.11	54.88	1.90327234326	200
68520	68520	38012	38012	54.20	56.20	55.15	53.55	56.00	55.08	54.27	56.12	54.45	54.01	56.11	54.89	1.90519662111	200
68720	68720	37812	37812	54.17	56.23	55.12	53.55	56.05	55.10	54.33	56.12	54.48	54.02	56.13	54.90	1.8967403742	200
68920	68920	37612	37612	54.17	56.20	55.15	53.60	56.08	55.10	54.30	56.12	54.42	54.02	56.13	54.89	1.89216596377	200
69120	69120	37412	37412	54.17	56.20	55.15	53.62	56.02	55.08	54.38	56.10	54.48	54.06	56.11	54.90	1.89182212925	200
69320	69320	37212	37212	54.27	56.15	55.17	53.67	56.05	55.08	54.35	56.10	54.50	54.10	56.10	54.92	1.89279813422	200
69520	69520	37012	37012	54.35	56.15	55.17	53.67	56.05	55.10	54.33	56.10	54.50	54.12	56.10	54.92	1.88624868682	200
69720	69720	36812	36812	54.38	56.17	55.17	53.73	56.08	55.10	54.33	56.10	54.45	54.14	56.12	54.91	1.87973865981	200
69920	69920	36612	36612	54.35	56.23	55.20	53.73	56.02	55.10	54.30	56.15	54.40	54.12	56.13	54.90	1.88771766661	200
70120	70120	36412	36412	54.35	56.17	55.20	53.73	56.00	55.12	54.33	56.12	54.35	54.13	56.10	54.89	1.87552018805	200
70320	70320	36212	36212	54.33	56.20	55.17	53.70	56.02	55.10	54.33	56.12	54.42	54.12	56.12	54.90	1.88613667791	200
70520	70520	36012	36012	54.40	56.23	55.27	53.85	56.00	55.05	54.35	56.15	54.42	54.20	56.12	54.92	1.95258077655	200
70720	70720	35812	35812	54.67	56.23	55.27	54.38	56.00	55.02	54.55	56.15	54.42	54.53	56.12	54.91	1.93513409479	200
70920	70920	35612	35612	54.65	56.23	55.27	54.38	56.02	55.02	54.58	56.15	54.42	54.53	56.13	54.91	1.86973049181	200
71120	71120	35412	35412	54.67	56.20	55.25	54.42	56.02	55.00	54.58	56.12	54.40	54.56	56.12	54.88	1.86038138469	200
71320	71320	35212	35212	54.58	56.23	55.25	54.30	56.10	55.02	54.45	56.10	54.42	54.44	56.14	54.90	1.85729500399	200
71520	71520	35012	35012	54.42	56.27	55.15	54.20	56.08	55.08	54.45	56.10	54.38	54.36	56.15	54.87	1.90764831253	200
71720	71720	34812	34812	54.38	56.27	55.05	54.08	56.10	55.08	54.33	56.08	54.35	54.26	56.15	54.83	1.97284400693	200
71920	71920	34612	34612	54.38	56.27	54.98	54.08	56.10	55.05	54.27	56.08	54.35	54.24	56.15	54.79	1.99464755121	200
72120	72120	34412	34412	54.35	56.30	54.98	54.05	56.10	55.02	54.27	56.08	54.35	54.23	56.16	54.78	2.00031455193	200
72320	72320	34212	34212	54.35	56.27	54.98	54.05	56.10	55.02	54.27	56.08	54.35	54.23	56.15	54.78	2.0000921393	200
72520	72520	34012	34012	54.35	56.27	54.98	54.05	56.10	55.02	54.27	56.05	54.35	54.23	56.14	54.78	1.99933161901	200
72720	72720	33812	33812	54.35	56.27	54.98	54.05	56.10	55.02	54.27	56.08	54.35	54.23	56.15	54.78	1.99910298	200
72920	72920	33612	33612	54.35	56.27	54.98	54.05	56.10	55.02	54.27	56.08	54.35	54.23	56.15	54.78	1.99832729785	200
73120	73120	33412	33412	54.35	56.27	54.98	54.05	56.10	55.02	54.27	56.05	54.35	54.23	56.14	54.78	1.99711670318	200
73320	73320	33212	33212	54.35	56.27	54.98	54.05	56.10	55.02	54.27	56.05	54.38	54.23	56.14	54.79	1.99510911632	200
73520	73520	33012	33012	54.35	56.27	54.98	54.05	56.10	55.02	54.27	56.05	54.35	54.23	56.14	54.78	1.99142425113	200
73720	73720	32812	32812	54.35	56.27	54.95	54.08	56.10	55.02	54.27	56.05	54.35	54.23	56.14	54.77	1.98246753548	200
73920	73920	32612	32612	54.35	56.27	54.95	54.08	56.10	55.00	54.27	56.08	54.35	54.23	56.15	54.77	1.97118327683	200
74120	74120	32412	32412	54.35	56.25	54.95	54.08	56.10	55.00	54.27	56.02	54.35	54.23	56.12	54.77	1.95685293402	200
74320	74320	32212	32212	54.35	56.25	54.98	54.08	56.10	55.00	54.27	56.00	54.38	54.23	56.12	54.78	1.8699976129	200
74520	74520	32012	32012	54.38	56.25	55.02	54.05	56.10	55.00	54.27	56.02	54.40	54.23	56.12	54.81	1.85507144638	200
74720	74720	31812	31812	54.42	56.25	55.05	54.02	56.10	55.02	54.25	56.08	54.40	54.23	56.14	54.83	1.84990299411	200
74920	74920	31612	31612	54.52	56.15	55.00	54.05	56.08	55.00	54.20	56.10	54.40	54.26	56.11	54.80	1.84637202136	200
75120	75120	31412	31412	54.52	56.12	55.02	54.05	56.10	54.98	54.20	56.12	54.40	54.26	56.12	54.80	1.84332145091	200
75320	75320	31212	31212	54.52	56.12	55.02	54.10	56.12	54.98	54.23	56.08	54.42	54.28	56.11	54.81	1.83381605753	200
75520	75520	31012	31012	54.52	56.20	55.00	54.05	56.10	54.98	54.25	56.05	54.40	54.27	56.12	54.79	1.82347351073	200
75720	75720	30812	30812	54.50	56.27	55.05	54.10	56.12	55.02	54.27	56.08	54.38	54.29	56.16	54.82	1.82214424589	200
75920	75920	30612	30612	54.52	56.27	54.98	54.10	56.05	55.00	54.30	56.02	54.30	54.31	56.12	54.76	1.83542030768	200
76120	76120	30412	30412	54.55	56.25	55.02	54.12	55.92	54.98	54.27	55.88	54.48	54.32	56.02	54.83	1.87700049116	200
76320	76320	30212	30212	54.55	56.35	55.08	54.10	55.88	54.98	54.30	55.83	54.45	54.32	56.02	54.83	1.90915808309	200
76520	76520	30012	30012	54.52	56.35	55.02	54.10	55.75	54.90	54.30	55.70	54.42	54.31	55.93	54.78	1.93203916267	200
76720	76720	29812	29812	54.52	56.35	55.08	54.10	55.80	54.90	54.30	55.67	54.38	54.31	55.94	54.78	1.94480373111	200
76920	76920	29612	29612	54.52	56.27	55.08	54.10	55.73	54.90	54.30	55.62	54.40	54.31	55.88	54.79	1.95477995197	200
77120	77120	29412	29412	54.55	56.30	55.05	54.10	55.70	54.90	54.33	55.55	54.42	54.33	55.85	54.79	1.96256723824	200
77320	77320	29212	29212	54.55	56.25	55.08	54.10	55.67	54.88	54.30	55.55	54.40	54.32	55.83	54.78	1.96793568414	200
77520	77520	29012	29012	54.55	56.25	55.08	54.10	55.65	54.90	54.30	55.55	54.38	54.32	55.82	54.78	1.97273840203	200
77720	77720	28812	28812	54.55	56.27	55.08	54.10	55.65	54.90	54.30	55.50	54.38	54.32	55.81	54.78	1.97633668937	200
77920	77920	28612	28612	54.55	56.27	55.08	54.10	55.62	54.90	54.30	55.52	54.38	54.32	55.81	54.78	1.97985911696	200
78120	78120	28412	28412	54.55	56.27	55.08	54.08	55.62	54.90	54.30	55.55	54.38	54.31	55.82	54.78	1.98281109697	200
78320	78320	28212	28212	54.55	56.25	55.08	54.08	55.62	54.90	54.30	55.52	54.38	54.31	55.80	54.78	1.98521901304	200
78520	78520	28012	28012	54.55	56.27	55.08	54.08	55.65	54.90	54.30	55.55	54.38	54.31	55.83	54.78	1.9873202767	200
78720	78720	27812	27812	54.55	56.27	55.10	54.08	55.65	54.90	54.30	55.58	54.40	54.31	55.83	54.80	1.98904096918	200
78920	78920	27612	27612	54.55	56.30	55.08	54.08	55.65	54.90	54.30	55.52	54.38	54.31	55.83	54.78	1.99030578994	200
79120	79120	27412	27412	54.55	56.30	55.10	54.08	55.65	54.90	54.30	55.52	54.40	54.31	55.83	54.80	1.99100851956	200
79320	79320	27212	27212	54.55	56.35	55.08	54.08	55.67	54.90	54.30	55.52	54.40	54.31	55.85	54.79	1.99151859345	200
79520	79520	27012	27012	54.55	56.40	55.05	54.08	55.70	54.90	54.30	55.55	54.38	54.31	55.88	54.77	1.99163399361	200
79720	79720	26812	26812	54.55	56.42	55.08	54.08	55.67	54.90	54.30	55.58	54.38	54.31	55.89	54.78	1.99118031275	200
79920	79920	26612	26612	54.55	56.42	55.08	54.08	55.67	54.90	54.30	55.58	54.38	54.31	55.89	54.78	1.98950185979	200
80120	80120	26412	26412	54.55	56.42	55.08	54.08	55.70	54.90	54.30	55.58	54.38	54.31	55.90	54.78	1.98731935766	200
80320	80320	26212	26212	54.55	56.42	55.10	54.08	55.70	54.90	54.30	55.55	54.38	54.31	55.89	54.79	1.98468534307	200
