12120	12120	94562	94562	75.05	77.75	79.85	74.58	77.65	79.25	75.30	78.53	79.88	74.97	77.97	79.66	6.51051994822
12120	12120	94562	94562	75.05	77.75	79.85	74.58	77.65	79.25	75.30	78.53	79.90	74.97	77.97	79.67	2.78041515581	200
12320	12320	94362	94362	73.88	77.15	78.78	73.05	76.92	78.03	73.62	78.25	78.83	73.52	77.44	78.54	1.90164493088	200
12520	12520	94162	94162	74.58	77.03	78.72	73.90	76.75	78.28	74.78	77.53	78.78	74.42	77.10	78.59	1.72605049986	200
12720	12720	93962	93962	75.55	77.53	79.80	74.67	77.35	78.62	75.92	78.22	79.67	75.38	77.70	79.37	1.70162721209	200
12920	12920	93762	93762	76.10	78.05	80.10	75.12	77.47	78.97	76.10	78.45	79.95	75.78	77.99	79.67	1.69687568235	200
13120	13120	93562	93562	76.38	77.90	79.92	75.17	76.67	78.72	76.38	78.20	80.10	75.97	77.59	79.58	1.70674507318	200
13320	13320	93362	93362	76.60	78.05	79.65	75.08	76.25	78.53	76.60	77.85	80.15	76.09	77.38	79.44	1.72090575012	200
13520	13520	93162	93162	75.88	78.20	80.25	74.67	75.75	77.83	76.72	77.55	79.92	75.76	77.17	79.33	1.73639528997	200
13720	13720	92962	92962	75.50	78.05	79.92	74.12	75.42	77.33	76.78	77.42	79.47	75.47	76.97	78.91	1.74845700193	200
13920	13920	92762	92762	75.55	77.50	79.70	74.05	75.03	76.55	76.65	77.17	78.97	75.42	76.57	78.41	1.75214362306	200
14120	14120	92562	92562	75.12	76.80	79.12	74.25	74.33	76.15	76.83	76.97	78.97	75.40	76.03	78.08	1.7577891563	200
14320	14320	92362	92362	75.58	76.33	78.22	74.12	73.78	75.67	76.47	76.10	78.53	75.39	75.40	77.47	1.76412825286	200
14520	14520	92162	92162	75.28	76.12	77.78	73.62	73.70	75.40	76.40	75.70	78.28	75.10	75.17	77.15	1.76845168326	200
14720	14720	91962	91962	74.88	75.78	77.40	72.92	73.53	75.00	76.03	75.03	77.47	74.61	74.78	76.62	1.77848462111	200
14920	14920	91762	91762	74.22	75.42	76.83	72.22	72.95	74.28	75.38	74.95	76.75	73.94	74.44	75.95	1.78746631375	200
15120	15120	91562	91562	74.05	74.97	76.55	72.12	72.95	74.25	75.10	74.70	76.20	73.76	74.21	75.67	1.7925224228	200
15320	15320	91362	91362	73.85	74.50	76.05	72.20	72.30	73.80	74.33	74.33	75.90	73.46	73.71	75.25	1.79668268092	200
15520	15520	91162	91162	73.33	74.17	75.67	72.00	71.97	73.53	74.03	74.00	75.45	73.12	73.38	74.88	1.8014337148	200
15720	15720	90962	90962	73.00	73.75	75.38	71.53	71.97	73.42	73.62	73.75	75.28	72.72	73.16	74.69	1.80509369822	200
15920	15920	90762	90762	72.85	73.38	74.83	71.12	71.65	72.83	72.95	73.38	74.72	72.31	72.80	74.12	1.80973715934	200
16120	16120	90562	90562	72.78	72.97	74.40	70.75	71.25	72.58	72.75	73.05	74.42	72.09	72.42	73.80	1.81361930042	200
16320	16320	90362	90362	72.47	72.75	74.03	70.62	70.97	72.12	72.50	72.65	74.08	71.87	72.12	73.41	1.81510801576	200
16520	16520	90162	90162	72.12	72.58	73.78	70.45	70.65	71.70	72.30	72.40	73.92	71.62	71.88	73.13	1.81775005213	200
16720	16720	89962	89962	71.92	72.03	73.40	70.10	70.22	71.20	72.28	72.17	73.72	71.43	71.47	72.78	1.81672746619	200
16920	16920	89762	89762	71.65	71.80	73.08	69.78	69.80	71.00	71.92	72.08	73.30	71.12	71.22	72.46	1.81505304842	200
17120	17120	89562	89562	71.25	71.65	72.55	69.33	69.72	70.60	71.45	71.72	72.92	70.67	71.03	72.03	1.81956085456	200
17320	17320	89362	89362	71.00	71.42	72.38	69.15	69.30	70.10	71.15	71.58	72.58	70.43	70.77	71.68	1.82242178398	200
17520	17520	89162	89162	70.28	71.05	71.88	68.88	69.08	69.85	70.92	71.12	72.25	70.03	70.42	71.33	1.82297830954	200
17720	17720	88962	88962	69.80	70.70	71.40	68.60	68.75	69.17	70.62	70.90	72.05	69.67	70.12	70.88	1.82572476705	200
17920	17920	88762	88762	69.45	70.30	71.20	68.28	68.40	68.97	70.17	70.67	71.45	69.30	69.79	70.54	1.82885748823	200
18120	18120	88562	88562	69.05	69.83	70.67	68.03	68.25	68.70	70.08	70.38	70.83	69.05	69.48	70.07	1.8316985626	200
18320	18320	88362	88362	68.85	69.53	70.38	67.88	68.05	68.55	69.80	70.20	70.78	68.84	69.26	69.90	1.83322249747	200
18520	18520	88162	88162	68.80	69.15	70.17	67.62	67.62	68.30	69.88	70.00	70.50	68.77	68.92	69.66	1.83398538581	200
18720	18720	87962	87962	68.65	68.97	69.83	67.55	67.35	68.03	69.50	69.55	70.28	68.57	68.62	69.38	1.83504758572	200
18920	18920	87762	87762	68.50	68.70	69.25	67.28	67.38	67.92	69.25	69.28	70.10	68.34	68.45	69.09	1.83559256517	200
19120	19120	87562	87562	67.92	68.62	69.05	67.03	67.22	67.35	68.83	69.12	69.62	67.92	68.33	68.67	1.83790227557	200
19320	19320	87362	87362	67.70	68.35	68.83	66.88	67.05	66.97	68.42	68.78	69.12	67.67	68.06	68.31	1.83844530808	200
19520	19520	87162	87162	67.33	67.90	68.30	66.53	66.88	66.58	68.00	68.50	68.70	67.28	67.76	67.86	1.84091418386	200
19720	19720	86962	86962	67.12	67.67	68.00	66.42	66.62	66.42	67.70	68.38	68.42	67.08	67.56	67.62	1.84188387809	200
19920	19920	86762	86762	66.90	67.38	67.55	66.08	66.65	66.08	67.58	68.00	68.17	66.85	67.34	67.27	1.84259879683	200
20120	20120	86562	86562	66.72	67.22	67.45	65.90	66.53	66.03	67.40	67.90	67.97	66.67	67.22	67.15	1.84260693827	200
20320	20320	86362	86362	66.83	67.12	67.30	65.67	66.40	65.92	67.28	67.75	68.00	66.59	67.09	67.08	1.84369659893	200
20520	20520	86162	86162	66.65	66.85	67.08	65.47	66.30	65.62	67.17	67.60	67.80	66.43	66.92	66.83	1.84496902945	200
20720	20720	85962	85962	66.38	66.47	66.88	65.12	66.12	65.53	67.03	67.50	67.60	66.17	66.70	66.67	1.84567422158	200
20920	20920	85762	85762	66.17	66.30	66.67	64.78	66.05	65.45	66.95	67.42	67.45	65.97	66.59	66.53	1.84608159769	200
21120	21120	85562	85562	66.17	66.08	66.53	64.67	65.80	65.12	66.88	67.12	67.33	65.91	66.33	66.33	1.84575165791	200
21320	21320	85362	85362	65.80	66.12	66.35	64.45	65.70	64.90	66.53	66.90	67.15	65.59	66.24	66.13	1.84610274132	200
21520	21520	85162	85162	65.62	65.95	66.03	64.30	65.53	64.67	66.47	66.65	66.85	65.47	66.04	65.85	1.84716498298	200
21720	21720	84962	84962	65.30	65.78	65.90	63.98	65.28	64.53	66.33	66.30	66.65	65.20	65.78	65.69	1.84860422663	200
