12120	12120	94562	94562	75.10	77.75	79.85	74.58	77.65	79.25	75.28	78.53	79.90	74.98	77.97	79.67	2.21314787232
12120	12120	93962	93962	75.08	77.75	79.85	74.58	77.65	79.25	75.30	78.53	79.90	74.98	77.97	79.67	2.08492692987	200
12320	12320	93762	93762	75.58	77.12	79.62	74.58	77.58	79.10	75.50	78.40	79.70	75.22	77.70	79.47	1.89922346008	200
12520	12520	93562	93562	75.55	77.22	79.62	75.22	77.25	79.12	75.97	78.35	79.92	75.58	77.61	79.56	1.84106237525	200
12720	12720	93362	93362	75.83	77.20	79.42	75.28	77.28	78.65	76.25	78.40	79.62	75.78	77.62	79.23	1.82670396121	200
12920	12920	93162	93162	75.67	77.50	79.53	75.00	77.72	78.78	76.65	78.50	79.70	75.78	77.91	79.33	1.81108343528	200
13120	13120	92962	92962	76.20	77.50	79.90	75.12	77.22	78.95	76.75	78.80	79.90	76.03	77.84	79.58	1.80131176984	200
13320	13320	92762	92762	76.25	78.00	79.88	74.95	76.95	78.42	76.83	78.72	79.95	76.01	77.89	79.42	1.79416941466	200
13520	13520	92562	92562	76.12	77.62	79.45	74.60	76.70	78.33	76.67	78.30	79.62	75.80	77.54	79.13	1.78646252038	200
13720	13720	92362	92362	76.22	77.28	79.30	74.30	76.20	78.08	76.70	78.08	79.53	75.74	77.18	78.97	1.78121499241	200
13920	13920	92162	92162	76.15	76.53	78.95	74.58	75.78	77.53	76.90	77.60	79.35	75.88	76.63	78.61	1.77718086342	200
14120	14120	91962	91962	76.08	76.72	79.08	74.40	75.55	76.85	76.50	77.38	79.33	75.66	76.55	78.42	1.7771534144	200
14320	14320	91762	91762	76.17	76.62	78.45	74.38	75.33	76.25	76.55	76.97	79.17	75.70	76.31	77.96	1.77228888455	200
14520	14520	91562	91562	75.50	76.00	78.08	74.33	74.78	76.22	76.78	76.45	78.55	75.53	75.74	77.62	1.77369632804	200
14720	14720	91362	91362	74.95	75.70	77.55	73.97	74.30	75.78	76.12	75.95	78.08	75.02	75.32	77.13	1.77701241139	200
14920	14920	91162	91162	74.72	75.25	76.83	73.55	74.17	75.33	76.03	75.67	77.97	74.77	75.03	76.71	1.77912854358	200
15120	15120	90962	90962	74.40	74.78	76.30	73.40	73.83	75.08	75.40	75.38	77.40	74.40	74.66	76.26	1.78522681205	200
15320	15320	90762	90762	73.95	74.35	75.83	72.83	73.45	74.65	75.20	75.10	76.95	73.99	74.30	75.81	1.78415394609	200
15520	15520	90562	90562	73.72	74.28	75.47	72.58	72.97	74.60	74.83	74.70	76.72	73.71	73.98	75.60	1.78565136894	200
15720	15720	90362	90362	73.42	73.85	75.20	72.15	72.75	74.35	74.80	74.78	76.22	73.46	73.79	75.26	1.78829116193	200
15920	15920	90162	90162	73.12	73.33	74.62	71.85	72.38	73.95	74.28	74.33	75.78	73.08	73.34	74.78	1.79026142701	200
16120	16120	89962	89962	73.05	73.08	74.33	71.60	72.15	73.50	73.97	74.15	75.33	72.88	73.12	74.38	1.79404401505	200
16320	16320	89762	89762	72.45	72.88	73.85	71.17	71.60	73.03	73.55	74.00	74.95	72.39	72.83	73.94	1.79828850762	200
16520	16520	89562	89562	72.12	72.70	73.35	71.17	71.47	72.72	73.28	73.88	74.62	72.19	72.68	73.57	1.80091184801	200
16720	16720	89362	89362	71.75	72.28	73.08	70.85	70.92	72.42	72.95	73.65	74.53	71.85	72.28	73.34	1.80378624093	200
16920	16920	89162	89162	71.53	71.85	72.92	70.83	70.53	72.20	72.85	73.35	74.47	71.73	71.91	73.20	1.80387021367	200
17120	17120	88962	88962	71.30	71.45	72.47	70.50	70.22	71.80	72.47	73.20	74.12	71.42	71.62	72.80	1.80457651097	200
17320	17320	88762	88762	70.75	70.85	71.90	70.08	69.80	71.35	71.97	72.88	73.60	70.93	71.17	72.28	1.8072050353	200
17520	17520	88562	88562	70.55	70.35	71.53	70.05	69.30	71.08	71.83	72.30	73.05	70.81	70.65	71.88	1.80982901786	200
17720	17720	88362	88362	70.15	69.92	71.10	69.62	68.78	70.75	71.45	72.08	72.72	70.41	70.26	71.53	1.81346490639	200
17920	17920	88162	88162	69.95	69.72	70.65	69.33	68.72	70.40	71.15	71.90	72.33	70.14	70.12	71.12	1.81654698507	200
18120	18120	87962	87962	69.45	69.40	70.22	68.75	68.47	70.12	70.70	71.35	71.97	69.63	69.74	70.78	1.81840291196	200
18320	18320	87762	87762	69.25	69.08	69.80	68.58	68.40	69.50	70.55	70.97	71.55	69.46	69.48	70.28	1.81930094235	200
18520	18520	87562	87562	68.80	68.72	69.42	68.30	68.05	68.92	69.92	70.78	71.17	69.01	69.18	69.84	1.81991143668	200
18720	18720	87362	87362	68.15	68.42	68.88	67.97	67.60	68.50	69.62	70.33	70.60	68.58	68.78	69.33	1.823255054	200
18920	18920	87162	87162	67.60	68.15	68.65	67.75	67.55	68.12	69.42	69.97	70.20	68.26	68.56	68.99	1.82550978205	200
19120	19120	86962	86962	67.25	67.75	68.30	67.17	67.22	67.70	69.10	69.80	69.67	67.84	68.26	68.56	1.82733706186	200
19320	19320	86762	86762	67.30	67.55	68.08	66.92	67.00	67.47	68.97	69.42	69.50	67.73	67.99	68.35	1.82942676364	200
19520	19520	86562	86562	67.20	67.40	67.80	66.55	66.83	66.95	68.60	69.10	69.05	67.45	67.78	67.93	1.83022235795	200
19720	19720	86362	86362	66.88	67.17	67.60	66.08	66.92	66.53	68.00	68.78	68.83	66.98	67.62	67.65	1.8331437669	200
19920	19920	86162	86162	66.25	67.00	67.22	65.42	66.65	66.17	67.72	68.50	68.40	66.47	67.38	67.27	1.83385001931	200
20120	20120	85962	85962	65.78	66.97	66.83	65.22	66.58	66.03	67.45	68.47	68.12	66.15	67.34	66.99	1.83579033106	200
20320	20320	85762	85762	65.35	66.62	66.58	64.92	66.40	65.72	67.08	68.25	67.78	65.78	67.09	66.69	1.83628914164	200
20520	20520	85562	85562	65.30	66.35	66.03	64.95	66.10	65.58	67.00	67.88	67.35	65.75	66.78	66.32	1.83614574132	200
20720	20720	85362	85362	65.12	66.10	65.75	64.65	66.17	65.25	66.67	67.83	67.33	65.48	66.70	66.11	1.83856438337	200
20920	20920	85162	85162	65.00	65.95	65.70	64.35	65.72	65.05	66.58	67.33	66.92	65.31	66.33	65.89	1.84080978495	200
21120	21120	84962	84962	65.03	65.70	65.45	64.30	65.58	64.88	66.25	67.15	66.88	65.19	66.14	65.73	1.84155621263	200
21320	21320	84762	84762	64.65	65.58	65.28	64.12	65.17	64.60	65.88	66.95	66.47	64.88	65.90	65.45	1.84080056227	200
21520	21520	84562	84562	64.50	65.40	65.12	63.90	65.12	64.25	65.65	66.67	66.38	64.68	65.73	65.25	1.8405999271	200
21720	21720	84362	84362	64.03	65.17	64.80	63.62	64.78	64.08	65.30	66.58	66.17	64.32	65.51	65.02	1.84317273934	200
21920	21920	84162	84162	63.80	65.03	64.70	63.50	64.72	63.83	65.30	66.28	66.03	64.20	65.34	64.85	1.84382041465	200
22120	22120	83962	83962	63.58	64.75	64.53	63.38	64.47	63.38	65.12	66.03	65.88	64.03	65.08	64.59	1.84547161665	200
22320	22320	83762	83762	63.42	64.40	64.38	63.20	64.42	63.30	64.88	65.92	65.95	63.83	64.92	64.54	1.84611267175	200
22520	22520	83562	83562	63.23	64.33	64.33	62.95	64.22	63.17	64.85	65.58	65.62	63.67	64.71	64.38	1.84712527765	200
22720	22720	83362	83362	63.17	64.30	64.15	62.58	64.08	63.17	64.67	65.50	65.42	63.48	64.62	64.25	1.84785083403	200
22920	22920	83162	83162	63.08	64.30	63.92	62.50	64.00	62.98	64.62	65.35	65.30	63.40	64.55	64.07	1.84873400808	200
23120	23120	82962	82962	62.90	64.05	63.60	62.27	63.80	62.70	64.35	65.35	65.03	63.17	64.40	63.77	1.84946183725	200
23320	23320	82762	82762	62.70	63.85	63.33	61.98	63.58	62.55	64.20	65.10	64.75	62.96	64.17	63.54	1.84989246801	200
23520	23520	82562	82562	62.65	63.77	63.08	61.88	63.55	62.35	64.00	64.90	64.62	62.84	64.08	63.35	1.85021363569	200
23720	23720	82362	82362	62.50	63.73	62.90	61.77	63.52	62.25	63.90	64.70	64.45	62.73	63.98	63.20	1.85277611891	200
23920	23920	82162	82162	62.30	63.55	62.83	61.52	63.38	62.23	63.62	64.55	64.10	62.48	63.83	63.05	1.85416436275	200
24120	24120	81962	81962	62.12	63.55	62.77	61.30	63.25	62.05	63.23	64.45	63.98	62.22	63.75	62.93	1.85472267264	200
24320	24320	81762	81762	61.92	63.45	62.62	61.05	63.00	61.92	63.15	64.30	63.65	62.04	63.58	62.73	1.85423583744	200
24520	24520	81562	81562	61.77	63.38	62.48	61.12	62.83	61.83	62.92	64.10	63.42	61.94	63.43	62.58	1.85387520695	200
24720	24720	81362	81362	61.45	63.25	62.25	61.00	62.70	61.70	62.73	63.90	63.42	61.73	63.28	62.46	1.85466448878	200
24920	24920	81162	81162	61.35	63.15	62.10	60.83	62.75	61.65	62.48	63.92	63.27	61.55	63.27	62.34	1.85590629762	200
25120	25120	80962	80962	61.02	63.00	61.80	60.65	62.62	61.40	62.30	63.67	62.98	61.33	63.10	62.06	1.85620882263	200
25320	25320	80762	80762	61.00	62.83	61.65	60.50	62.38	61.30	62.12	63.48	62.67	61.21	62.89	61.88	1.85795805144	200
25520	25520	80562	80562	60.90	62.77	61.48	60.38	62.17	61.08	61.95	63.42	62.48	61.08	62.79	61.67	1.85804146168	200
25720	25720	80362	80362	60.77	62.80	61.23	60.25	62.08	60.90	61.88	63.30	62.23	60.97	62.73	61.45	1.85887125441	200
25920	25920	80162	80162	60.60	62.62	60.85	60.08	62.00	60.83	61.60	63.20	61.95	60.76	62.61	61.21	1.85978309299	200
26120	26120	79962	79962	60.48	62.60	60.83	60.08	61.77	60.75	61.62	62.98	61.92	60.73	62.45	61.17	1.85994440581	200
26320	26320	79762	79762	60.30	62.52	60.52	59.85	61.73	60.67	61.40	62.80	61.70	60.52	62.35	60.97	1.85968936394	200
26520	26520	79562	79562	60.20	62.08	60.20	59.70	61.48	60.35	61.15	62.67	61.55	60.35	62.08	60.70	1.85967606758	200
26720	26720	79362	79362	60.23	61.88	60.17	59.55	61.35	60.25	61.10	62.58	61.40	60.29	61.93	60.61	1.86109556162	200
26920	26920	79162	79162	60.12	61.77	60.00	59.45	61.17	60.15	60.80	62.15	61.23	60.12	61.70	60.46	1.86127979743	200
27120	27120	78962	78962	59.98	61.62	59.83	59.30	60.90	60.00	60.60	62.08	61.02	59.96	61.53	60.28	1.86154716233	200
27320	27320	78762	78762	59.88	61.45	59.80	59.23	60.73	59.77	60.50	61.90	60.90	59.87	61.36	60.16	1.86165642911	200
27520	27520	78562	78562	59.65	61.30	59.62	59.05	60.70	59.70	60.25	61.95	60.62	59.65	61.32	59.98	1.86227641366	200
27720	27720	78362	78362	59.42	61.15	59.60	59.00	60.60	59.50	60.10	61.95	60.42	59.51	61.23	59.84	1.86307248213	200
27920	27920	78162	78162	59.40	61.02	59.50	58.88	60.48	59.23	59.88	61.73	60.35	59.38	61.08	59.69	1.86382347546	200
28120	28120	77962	77962	59.30	60.95	59.30	58.67	60.50	58.90	59.73	61.45	60.15	59.23	60.97	59.45	1.86498917114	200
28320	28320	77762	77762	59.12	60.75	59.02	58.55	60.27	58.92	59.58	61.23	60.12	59.08	60.75	59.36	1.86628853701	200
28520	28520	77562	77562	59.05	60.55	58.92	58.38	60.27	58.83	59.60	61.17	59.85	59.01	60.67	59.20	1.86688748142	200
28720	28720	77362	77362	58.90	60.45	58.83	58.25	60.15	58.73	59.62	60.95	59.80	58.92	60.52	59.12	1.86790270647	200
28920	28920	77162	77162	58.75	60.33	58.70	58.20	60.12	58.67	59.52	60.88	59.52	58.83	60.44	58.97	1.86826865583	200
29120	29120	76962	76962	58.67	60.10	58.55	57.92	60.00	58.58	59.27	60.88	59.42	58.62	60.33	58.85	1.87010870945	200
29320	29320	76762	76762	58.58	60.05	58.38	57.85	59.88	58.40	59.08	60.75	59.23	58.50	60.23	58.67	1.87149144817	200
29520	29520	76562	76562	58.45	60.02	58.33	57.70	59.73	58.25	58.92	60.62	59.02	58.36	60.12	58.53	1.87313260029	200
29720	29720	76362	76362	58.42	59.80	58.25	57.77	59.50	58.17	58.77	60.45	58.90	58.33	59.92	58.44	1.8743650774	200
29920	29920	76162	76162	58.30	59.62	58.15	57.73	59.38	58.05	58.62	60.33	58.83	58.22	59.77	58.34	1.87474300011	200
30120	30120	75962	75962	58.25	59.52	58.00	57.62	59.35	57.98	58.48	60.12	58.65	58.12	59.67	58.21	1.87621875843	200
30320	30320	75762	75762	58.25	59.52	57.95	57.50	59.20	57.90	58.35	60.02	58.52	58.03	59.58	58.12	1.87695772563	200
30520	30520	75562	75562	58.23	59.38	57.90	57.45	59.08	57.77	58.25	59.83	58.40	57.98	59.42	58.02	1.8776005909	200
30720	30720	75362	75362	58.08	59.48	57.90	57.50	58.98	57.60	58.05	59.73	58.38	57.88	59.39	57.96	1.87807575523	200
30920	30920	75162	75162	57.95	59.45	57.90	57.30	58.90	57.58	58.02	59.73	58.23	57.76	59.36	57.90	1.87951642587	200
31120	31120	74962	74962	57.88	59.38	57.85	57.30	58.85	57.48	57.92	59.58	58.23	57.70	59.27	57.85	1.88077879433	200
31320	31320	74762	74762	57.70	59.38	57.65	57.17	58.70	57.33	57.75	59.65	57.98	57.54	59.24	57.65	1.88225642884	200
31520	31520	74562	74562	57.52	59.27	57.52	56.98	58.73	57.27	57.70	59.62	57.85	57.40	59.21	57.55	1.8839886995	200
31720	31720	74362	74362	57.48	59.25	57.45	56.90	58.52	57.25	57.52	59.48	57.83	57.30	59.08	57.51	1.88453876317	200
31920	31920	74162	74162	57.48	59.05	57.42	56.92	58.58	57.17	57.45	59.42	57.75	57.28	59.02	57.45	1.8864531144	200
32120	32120	73962	73962	57.40	59.00	57.40	56.80	58.40	57.12	57.33	59.42	57.73	57.17	58.94	57.42	1.8875579167	200
32320	32320	73762	73762	57.27	58.88	57.38	56.65	58.42	57.15	57.38	59.40	57.73	57.10	58.90	57.42	1.88876564972	200
32520	32520	73562	73562	57.30	58.80	57.33	56.62	58.40	57.12	57.20	59.30	57.73	57.04	58.83	57.39	1.8897087667	200
32720	32720	73362	73362	57.12	58.73	57.35	56.60	58.27	57.10	57.12	59.30	57.58	56.95	58.77	57.34	1.89004724491	200
32920	32920	73162	73162	57.08	58.75	57.33	56.48	58.33	57.05	56.90	59.35	57.50	56.82	58.81	57.29	1.89115309583	200
33120	33120	72962	72962	57.00	58.67	57.20	56.48	58.25	57.02	56.80	59.33	57.40	56.76	58.75	57.21	1.8922458884	200
33320	33320	72762	72762	57.02	58.60	57.23	56.33	58.27	57.00	56.77	59.17	57.42	56.71	58.68	57.22	1.8930068896	200
33520	33520	72562	72562	56.95	58.62	57.25	56.25	58.20	56.95	56.73	59.10	57.40	56.64	58.64	57.20	1.89415906077	200
33720	33720	72362	72362	56.70	58.58	57.17	56.20	58.02	56.95	56.70	59.05	57.33	56.53	58.55	57.15	1.89487826877	200
33920	33920	72162	72162	56.67	58.50	57.15	56.15	57.98	56.83	56.67	59.05	57.30	56.50	58.51	57.09	1.89596937871	200
34120	34120	71962	71962	56.58	58.45	57.10	56.10	57.85	56.77	56.65	59.05	57.23	56.44	58.45	57.03	1.89715326165	200
34320	34320	71762	71762	56.60	58.45	56.98	56.08	57.70	56.77	56.60	59.08	57.17	56.42	58.41	56.98	1.89823524322	200
34520	34520	71562	71562	56.55	58.42	56.92	55.90	57.65	56.65	56.50	59.02	57.10	56.32	58.37	56.89	1.89904124639	200
34720	34720	71362	71362	56.48	58.30	56.92	55.85	57.73	56.65	56.48	58.95	57.12	56.27	58.33	56.90	1.89934144035	200
34920	34920	71162	71162	56.45	58.35	56.90	55.75	57.67	56.67	56.35	58.88	57.00	56.18	58.30	56.86	1.900462359	200
35120	35120	70962	70962	56.38	58.30	56.83	55.60	57.67	56.60	56.35	58.80	56.88	56.11	58.26	56.77	1.9009063076	200
35320	35320	70762	70762	56.38	58.23	56.75	55.48	57.62	56.52	56.27	58.77	56.85	56.04	58.21	56.71	1.90182646583	200
35520	35520	70562	70562	56.35	58.17	56.75	55.45	57.62	56.40	56.20	58.77	56.90	56.00	58.19	56.68	1.90257963778	200
35720	35720	70362	70362	56.33	58.17	56.75	55.42	57.55	56.40	56.17	58.75	56.85	55.98	58.16	56.67	1.90304152523	200
35920	35920	70162	70162	56.33	58.17	56.70	55.33	57.48	56.35	56.20	58.67	56.80	55.95	58.11	56.62	1.90366204633	200
36120	36120	69962	69962	56.27	58.23	56.67	55.20	57.45	56.23	56.10	58.70	56.70	55.86	58.12	56.53	1.90368336243	200
36320	36320	69762	69762	56.23	58.15	56.62	55.15	57.48	56.20	56.05	58.62	56.67	55.81	58.08	56.50	1.90357722239	200
36520	36520	69562	69562	56.23	58.15	56.60	55.08	57.42	56.15	55.98	58.52	56.65	55.76	58.03	56.47	1.9037900277	200
36720	36720	69362	69362	56.25	58.08	56.58	55.00	57.48	56.12	55.98	58.50	56.58	55.74	58.02	56.42	1.9044423822	200
36920	36920	69162	69162	56.15	57.98	56.55	54.98	57.48	56.12	55.88	58.48	56.62	55.67	57.98	56.43	1.90515970103	200
37120	37120	68962	68962	56.12	57.90	56.55	54.95	57.45	56.10	55.88	58.35	56.62	55.65	57.90	56.42	1.90554998276	200
37320	37320	68762	68762	55.98	57.90	56.58	54.95	57.45	56.10	55.83	58.33	56.60	55.58	57.89	56.42	1.9068676067	200
37520	37520	68562	68562	55.92	57.90	56.48	54.92	57.42	56.15	55.83	58.30	56.60	55.56	57.88	56.41	1.90706761897	200
37720	37720	68362	68362	55.90	57.85	56.40	54.90	57.42	56.05	55.75	58.20	56.58	55.52	57.83	56.34	1.90712227164	200
37920	37920	68162	68162	55.80	57.75	56.30	54.85	57.40	56.02	55.73	58.10	56.58	55.46	57.75	56.30	1.90776530052	200
38120	38120	67962	67962	55.75	57.70	56.35	54.80	57.40	55.92	55.62	58.00	56.50	55.39	57.70	56.26	1.90832342937	200
38320	38320	67762	67762	55.67	57.73	56.27	54.75	57.38	55.85	55.65	57.95	56.45	55.36	57.68	56.19	1.90850570402	200
38520	38520	67562	67562	55.73	57.67	56.35	54.73	57.38	55.80	55.52	57.98	56.45	55.33	57.67	56.20	1.90861356408	200
38720	38720	67362	67362	55.58	57.62	56.30	54.70	57.27	55.75	55.48	57.95	56.42	55.25	57.62	56.16	1.90895084919	200
38920	38920	67162	67162	55.58	57.70	56.30	54.70	57.33	55.62	55.42	57.95	56.40	55.23	57.66	56.11	1.90917735282	200
39120	39120	66962	66962	55.35	57.60	56.25	54.67	57.33	55.60	55.25	57.98	56.20	55.09	57.63	56.02	1.91022336099	200
39320	39320	66762	66762	55.33	57.50	56.20	54.65	57.33	55.58	55.20	57.98	56.17	55.06	57.60	55.98	1.91058496193	200
39520	39520	66562	66562	55.33	57.52	56.20	54.58	57.25	55.52	55.10	57.95	56.20	55.00	57.58	55.98	1.91089488714	200
39720	39720	66362	66362	55.23	57.45	56.20	54.42	57.20	55.52	55.15	57.90	56.20	54.93	57.52	55.98	1.91176712105	200
39920	39920	66162	66162	55.17	57.45	56.12	54.40	57.17	55.48	55.12	57.80	56.00	54.90	57.48	55.87	1.9120406256	200
40120	40120	65962	65962	55.10	57.42	56.05	54.42	57.20	55.45	55.05	57.65	55.98	54.86	57.42	55.83	1.91246263351	200
40320	40320	65762	65762	55.10	57.40	56.02	54.38	57.17	55.38	55.00	57.55	55.90	54.83	57.38	55.77	1.91305335489	200
40520	40520	65562	65562	55.05	57.35	56.00	54.38	57.12	55.40	54.92	57.55	55.88	54.78	57.34	55.76	1.91405415968	200
40720	40720	65362	65362	55.00	57.38	55.98	54.33	57.10	55.45	54.83	57.58	55.83	54.72	57.35	55.75	1.91432568764	200
40920	40920	65162	65162	54.92	57.38	55.92	54.27	57.08	55.42	54.85	57.60	55.80	54.68	57.35	55.72	1.91457369751	200
41120	41120	64962	64962	54.88	57.35	55.88	54.23	57.05	55.42	54.75	57.52	55.80	54.62	57.31	55.70	1.91543694826	200
41320	41320	64762	64762	54.83	57.30	55.88	54.23	56.95	55.33	54.77	57.52	55.73	54.61	57.26	55.64	1.91643104927	200
41520	41520	64562	64562	54.80	57.23	55.80	54.17	56.92	55.30	54.70	57.50	55.70	54.56	57.22	55.60	1.91718834402	200
41720	41720	64362	64362	54.75	57.20	55.80	54.10	56.90	55.25	54.73	57.48	55.65	54.52	57.19	55.57	1.91765638028	200
41920	41920	64162	64162	54.73	57.17	55.75	54.00	56.92	55.23	54.70	57.40	55.62	54.48	57.17	55.53	1.9176039608	200
42120	42120	63962	63962	54.70	57.15	55.73	53.95	56.83	55.25	54.70	57.38	55.58	54.45	57.12	55.52	1.91856268016	200
42320	42320	63762	63762	54.70	57.12	55.65	53.98	56.73	55.23	54.65	57.38	55.52	54.44	57.08	55.47	1.91850897004	200
42520	42520	63562	63562	54.60	57.15	55.62	53.95	56.75	55.12	54.60	57.23	55.45	54.38	57.04	55.40	1.91917682784	200
42720	42720	63362	63362	54.55	57.12	55.58	53.92	56.73	55.10	54.55	57.20	55.38	54.34	57.02	55.35	1.91924346787	200
42920	42920	63162	63162	54.60	57.10	55.52	53.90	56.70	55.10	54.52	57.27	55.40	54.34	57.02	55.34	1.9195202063	200
43120	43120	62962	62962	54.55	57.10	55.52	53.88	56.70	55.08	54.52	57.25	55.38	54.32	57.02	55.33	1.92012411948	200
43320	43320	62762	62762	54.48	57.08	55.50	53.90	56.67	55.10	54.50	57.23	55.35	54.29	56.99	55.32	1.92079922535	200
43520	43520	62562	62562	54.50	57.08	55.48	53.88	56.65	55.08	54.42	57.23	55.25	54.27	56.98	55.27	1.92169265773	200
43720	43720	62362	62362	54.45	57.02	55.42	53.88	56.60	55.02	54.38	57.23	55.25	54.23	56.95	55.23	1.9227923144	200
43920	43920	62162	62162	54.33	57.00	55.42	53.83	56.62	54.98	54.35	57.23	55.15	54.17	56.95	55.18	1.92385119082	200
44120	44120	61962	61962	54.30	56.92	55.33	53.77	56.62	54.98	54.30	57.23	55.12	54.12	56.92	55.14	1.9241299578	200
44320	44320	61762	61762	54.33	56.95	55.35	53.80	56.58	54.95	54.27	57.12	55.08	54.13	56.88	55.12	1.92437857424	200
44520	44520	61562	61562	54.30	56.95	55.35	53.77	56.52	54.92	54.25	57.12	55.02	54.11	56.87	55.10	1.92457653933	200
44720	44720	61362	61362	54.30	56.85	55.33	53.73	56.48	54.92	54.33	57.15	55.05	54.12	56.83	55.10	1.92520888917	200
44920	44920	61162	61162	54.30	56.85	55.38	53.67	56.42	54.83	54.25	57.15	55.00	54.08	56.81	55.07	1.92521836454	200
45120	45120	60962	60962	54.33	56.85	55.33	53.70	56.38	54.80	54.20	57.10	55.02	54.08	56.77	55.05	1.92548370796	200
45320	45320	60762	60762	54.33	56.85	55.30	53.65	56.35	54.73	54.20	57.10	55.02	54.06	56.77	55.02	1.9258894693	200
45520	45520	60562	60562	54.33	56.85	55.27	53.62	56.35	54.70	54.15	57.10	55.00	54.03	56.77	54.99	1.92581890431	200
45720	45720	60362	60362	54.27	56.80	55.25	53.58	56.30	54.73	54.12	57.02	55.00	53.99	56.71	54.99	1.92635236508	200
45920	45920	60162	60162	54.25	56.80	55.25	53.52	56.30	54.73	54.12	57.02	54.98	53.97	56.71	54.98	1.92652119388	200
46120	46120	59962	59962	54.23	56.67	55.17	53.50	56.27	54.73	54.20	57.00	54.95	53.98	56.65	54.95	1.92694549339	200
46320	46320	59762	59762	54.20	56.67	55.20	53.52	56.25	54.70	54.20	56.98	54.95	53.98	56.63	54.95	1.92725300249	200
46520	46520	59562	59562	54.17	56.65	55.17	53.45	56.20	54.67	54.15	56.95	54.92	53.92	56.60	54.92	1.92814287291	200
46720	46720	59362	59362	54.12	56.58	55.15	53.45	56.17	54.67	54.15	56.95	54.90	53.91	56.57	54.91	1.92822765618	200
46920	46920	59162	59162	54.10	56.55	55.12	53.38	56.17	54.65	54.08	56.92	54.88	53.85	56.55	54.88	1.92862966901	200
47120	47120	58962	58962	54.10	56.60	55.12	53.38	56.15	54.65	54.08	56.92	54.83	53.85	56.56	54.87	1.92911738179	200
47320	47320	58762	58762	54.15	56.48	55.05	53.42	56.12	54.65	54.15	56.95	54.90	53.91	56.52	54.87	1.92907445459	200
47520	47520	58562	58562	54.12	56.50	55.02	53.40	56.12	54.62	54.17	56.95	54.88	53.90	56.52	54.84	1.92966070278	200
47720	47720	58362	58362	54.08	56.45	55.02	53.40	56.10	54.65	54.23	56.80	54.85	53.90	56.45	54.84	1.93015932227	200
47920	47920	58162	58162	54.08	56.45	54.98	53.40	56.08	54.65	54.23	56.83	54.83	53.90	56.45	54.82	1.93033752478	200
48120	48120	57962	57962	54.05	56.38	54.98	53.40	56.08	54.55	54.20	56.83	54.83	53.88	56.42	54.78	1.9314771352	200
48320	48320	57762	57762	54.00	56.35	54.95	53.40	56.08	54.52	54.15	56.77	54.83	53.85	56.40	54.77	1.93162797292	200
48520	48520	57562	57562	54.05	56.27	55.00	53.42	56.10	54.50	54.17	56.73	54.83	53.88	56.37	54.77	1.93236401519	200
48720	48720	57362	57362	54.05	56.23	54.98	53.42	56.08	54.50	54.20	56.70	54.77	53.89	56.33	54.75	1.93262059369	200
48920	48920	57162	57162	54.05	56.27	54.92	53.35	56.05	54.50	54.20	56.58	54.80	53.87	56.30	54.74	1.9329480296	200
49120	49120	56962	56962	54.05	56.20	54.95	53.38	56.05	54.45	54.20	56.52	54.80	53.88	56.26	54.73	1.93344307881	200
49320	49320	56762	56762	54.02	56.12	54.92	53.38	56.05	54.48	54.20	56.52	54.80	53.87	56.23	54.73	1.93387800106	200
49520	49520	56562	56562	54.08	56.15	54.92	53.35	56.00	54.50	54.20	56.48	54.83	53.88	56.21	54.75	1.93486659355	200
49720	49720	56362	56362	53.98	56.12	54.95	53.38	56.00	54.50	54.17	56.50	54.80	53.84	56.21	54.75	1.93599378746	200
49920	49920	56162	56162	53.98	56.05	54.92	53.35	55.95	54.52	54.15	56.50	54.77	53.83	56.17	54.74	1.93686686837	200
50120	50120	55962	55962	54.00	56.00	54.92	53.38	55.90	54.50	54.17	56.42	54.75	53.85	56.11	54.73	1.9379689991	200
50320	50320	55762	55762	54.00	55.98	54.90	53.38	55.88	54.50	54.17	56.48	54.75	53.85	56.11	54.72	1.93938088244	200
50520	50520	55562	55562	54.02	55.98	54.95	53.38	55.85	54.45	54.15	56.42	54.73	53.85	56.08	54.71	1.9401087013	200
50720	50720	55362	55362	54.05	55.98	54.95	53.38	55.92	54.45	54.17	56.35	54.73	53.87	56.08	54.71	1.9416486352	200
50920	50920	55162	55162	54.05	55.92	54.92	53.38	55.90	54.52	54.20	56.33	54.70	53.88	56.05	54.72	1.94247257361	200
51120	51120	54962	54962	54.08	55.88	54.92	53.38	55.92	54.48	54.23	56.40	54.65	53.89	56.07	54.68	1.94368831711	200
51320	51320	54762	54762	54.08	55.88	54.85	53.38	55.90	54.48	54.20	56.35	54.65	53.88	56.04	54.66	1.94438480213	200
51520	51520	54562	54562	54.02	55.85	54.85	53.38	55.88	54.45	54.20	56.27	54.65	53.87	56.00	54.65	1.94507442947	200
51720	51720	54362	54362	54.02	55.83	54.83	53.38	55.85	54.48	54.20	56.27	54.60	53.87	55.98	54.63	1.94557904026	200
51920	51920	54162	54162	54.02	55.75	54.85	53.40	55.83	54.48	54.20	56.15	54.60	53.88	55.91	54.64	1.94548346469	200
52120	52120	53962	53962	54.02	55.77	54.85	53.40	55.85	54.48	54.17	56.12	54.58	53.87	55.92	54.63	1.94569656393	200
52320	52320	53762	53762	54.02	55.80	54.83	53.40	55.88	54.50	54.17	56.23	54.55	53.87	55.97	54.62	1.94587863384	200
52520	52520	53562	53562	54.02	55.85	54.83	53.40	55.85	54.50	54.17	56.17	54.55	53.87	55.96	54.62	1.94583956251	200
52720	52720	53362	53362	53.98	55.83	54.80	53.40	55.85	54.50	54.23	56.20	54.55	53.87	55.96	54.62	1.9458763611	200
52920	52920	53162	53162	53.98	55.85	54.80	53.40	55.85	54.48	54.27	56.17	54.55	53.88	55.96	54.61	1.94612184913	200
53120	53120	52962	52962	54.00	55.83	54.75	53.38	55.85	54.50	54.25	56.17	54.52	53.88	55.95	54.59	1.94634282496	200
53320	53320	52762	52762	54.00	55.88	54.80	53.38	55.88	54.50	54.25	56.17	54.52	53.88	55.98	54.61	1.94662263238	200
53520	53520	52562	52562	54.00	55.85	54.77	53.38	55.90	54.50	54.27	56.15	54.52	53.88	55.97	54.60	1.94651876469	200
53720	53720	52362	52362	54.00	55.88	54.83	53.38	55.90	54.52	54.25	56.23	54.52	53.88	56.00	54.62	1.94691452171	200
53920	53920	52162	52162	54.00	55.90	54.85	53.35	55.90	54.55	54.25	56.17	54.55	53.87	55.99	54.65	1.94742010084	200
54120	54120	51962	51962	54.02	55.88	54.83	53.38	55.95	54.55	54.30	56.12	54.52	53.90	55.98	54.63	1.94711411866	200
54320	54320	51762	51762	54.00	55.90	54.85	53.40	55.98	54.55	54.25	56.12	54.50	53.88	56.00	54.63	1.94694737801	200
54520	54520	51562	51562	53.95	55.83	54.90	53.38	55.98	54.55	54.30	56.12	54.52	53.88	55.98	54.66	1.94708656463	200
54720	54720	51362	51362	53.95	55.85	54.88	53.38	56.02	54.55	54.27	56.08	54.50	53.87	55.98	54.64	1.94705422597	200
54920	54920	51162	51162	53.98	55.88	54.90	53.38	56.02	54.58	54.27	56.08	54.50	53.88	55.99	54.66	1.94653686176	200
55120	55120	50962	50962	53.98	55.88	54.88	53.38	56.08	54.58	54.30	56.08	54.52	53.88	56.01	54.66	1.94630612338	200
55320	55320	50762	50762	53.98	55.85	54.83	53.38	55.95	54.55	54.30	56.08	54.52	53.88	55.96	54.63	1.94649771508	200
55520	55520	50562	50562	53.95	55.83	54.80	53.38	55.98	54.58	54.27	56.08	54.50	53.87	55.96	54.62	1.94674134486	200
55720	55720	50362	50362	53.92	55.85	54.77	53.38	55.90	54.58	54.27	56.05	54.50	53.86	55.93	54.62	1.9472018391	200
55920	55920	50162	50162	53.98	55.85	54.75	53.42	55.90	54.58	54.27	56.02	54.50	53.89	55.92	54.61	1.94723038531	200
56120	56120	49962	49962	53.98	55.85	54.75	53.48	55.77	54.52	54.25	56.00	54.55	53.90	55.88	54.61	1.94747992094	200
56320	56320	49762	49762	54.00	55.75	54.75	53.45	55.77	54.55	54.25	56.05	54.52	53.90	55.86	54.61	1.94735631112	200
56520	56520	49562	49562	54.00	55.77	54.75	53.45	55.75	54.58	54.27	56.05	54.52	53.91	55.86	54.62	1.94687327606	200
56720	56720	49362	49362	54.00	55.75	54.73	53.45	55.73	54.60	54.25	56.05	54.52	53.90	55.84	54.62	1.94666982547	200
56920	56920	49162	49162	53.98	55.77	54.73	53.42	55.75	54.58	54.23	56.05	54.42	53.88	55.86	54.58	1.94660025358	200
57120	57120	48962	48962	53.95	55.83	54.73	53.40	55.77	54.58	54.23	56.08	54.42	53.86	55.89	54.58	1.94628985982	200
57320	57320	48762	48762	53.98	55.83	54.73	53.42	55.70	54.55	54.25	56.02	54.45	53.88	55.85	54.58	1.94598663873	200
57520	57520	48562	48562	53.95	55.85	54.75	53.42	55.77	54.55	54.25	56.08	54.45	53.88	55.90	54.58	1.94601118949	200
57720	57720	48362	48362	53.95	55.88	54.75	53.45	55.77	54.58	54.27	56.05	54.48	53.89	55.90	54.60	1.9453714632	200
57920	57920	48162	48162	53.95	55.85	54.80	53.40	55.73	54.60	54.27	56.02	54.45	53.88	55.87	54.62	1.94508627994	200
58120	58120	47962	47962	53.98	55.83	54.83	53.45	55.75	54.60	54.27	55.98	54.45	53.90	55.85	54.62	1.94462121841	200
58320	58320	47762	47762	53.95	55.85	54.83	53.40	55.73	54.60	54.30	55.95	54.48	53.88	55.84	54.63	1.94366640724	200
58520	58520	47562	47562	53.90	55.88	54.83	53.40	55.77	54.67	54.25	55.95	54.58	53.85	55.87	54.69	1.94283888265	200
58720	58720	47362	47362	53.92	55.85	54.80	53.40	55.73	54.75	54.20	55.92	54.52	53.84	55.83	54.69	1.94262669401	200
58920	58920	47162	47162	53.92	55.80	54.80	53.42	55.73	54.75	54.20	55.88	54.48	53.85	55.80	54.67	1.94223470497	200
59120	59120	46962	46962	53.92	55.80	54.80	53.35	55.75	54.70	54.20	55.88	54.48	53.83	55.81	54.66	1.94255671541	200
59320	59320	46762	46762	53.95	55.67	54.83	53.40	55.73	54.73	54.15	55.88	54.55	53.83	55.76	54.70	1.94227905175	200
59520	59520	46562	46562	53.95	55.67	54.83	53.40	55.73	54.75	54.12	55.85	54.50	53.83	55.75	54.69	1.94188562714	200
59720	59720	46362	46362	53.98	55.73	54.83	53.40	55.75	54.77	54.15	55.83	54.55	53.84	55.77	54.72	1.94149680184	200
59920	59920	46162	46162	53.95	55.75	54.83	53.42	55.70	54.80	54.15	55.88	54.52	53.84	55.77	54.72	1.9412648276	200
60120	60120	45962	45962	53.95	55.77	54.83	53.40	55.70	54.80	54.15	55.88	54.55	53.83	55.78	54.73	1.94126888916	200
60320	60320	45762	45762	54.00	55.80	54.83	53.40	55.70	54.80	54.23	55.90	54.50	53.88	55.80	54.71	1.94126811941	200
60520	60520	45562	45562	54.00	55.77	54.83	53.40	55.65	54.80	54.25	55.88	54.52	53.88	55.77	54.72	1.93992913059	200
60720	60720	45362	45362	54.00	55.80	54.88	53.40	55.67	54.83	54.25	55.95	54.55	53.88	55.81	54.75	1.93799309449	200
60920	60920	45162	45162	54.00	55.83	54.90	53.38	55.67	54.83	54.27	55.90	54.58	53.88	55.80	54.77	1.93662824329	200
61120	61120	44962	44962	54.00	55.85	54.90	53.40	55.70	54.85	54.17	55.95	54.58	53.86	55.83	54.77	1.93738528956	200
61320	61320	44762	44762	53.95	55.85	54.92	53.40	55.67	54.85	54.20	55.92	54.52	53.85	55.82	54.77	1.93731627499	200
61520	61520	44562	44562	53.95	55.88	54.92	53.45	55.65	54.85	54.23	55.95	54.55	53.88	55.83	54.77	1.93650114322	200
61720	61720	44362	44362	53.98	55.88	54.90	53.42	55.65	54.83	54.20	55.92	54.55	53.87	55.82	54.76	1.93416400403	200
61920	61920	44162	44162	53.98	55.85	54.88	53.45	55.62	54.80	54.23	55.92	54.55	53.88	55.80	54.74	1.9324470506	200
62120	62120	43962	43962	54.00	55.85	54.88	53.45	55.58	54.80	54.25	55.88	54.58	53.90	55.77	54.75	1.93121716112	200
62320	62320	43762	43762	54.00	55.88	54.88	53.45	55.62	54.80	54.23	55.92	54.50	53.89	55.81	54.73	1.9299988309	200
62520	62520	43562	43562	53.98	55.88	54.88	53.45	55.60	54.85	54.23	55.95	54.55	53.88	55.81	54.76	1.92864547041	200
62720	62720	43362	43362	54.02	55.95	54.88	53.45	55.62	54.88	54.25	56.00	54.52	53.91	55.86	54.76	1.93067359219	200
62920	62920	43162	43162	54.05	55.95	54.88	53.45	55.60	54.85	54.25	56.02	54.55	53.92	55.86	54.76	1.94356972912	200
63120	63120	42962	42962	54.05	55.95	54.90	53.48	55.58	54.88	54.23	56.08	54.52	53.92	55.87	54.77	1.95845660751	200
63320	63320	42762	42762	54.05	55.98	54.90	53.48	55.58	54.90	54.23	56.00	54.52	53.92	55.85	54.77	1.9679742502	200
63520	63520	42562	42562	54.05	55.92	54.90	53.48	55.65	54.90	54.23	56.00	54.50	53.92	55.86	54.77	1.97396175447	200
63720	63720	42362	42362	54.05	55.92	54.95	53.48	55.70	54.90	54.17	56.02	54.50	53.90	55.88	54.78	1.97780505692	200
63920	63920	42162	42162	54.05	56.00	54.98	53.45	55.73	54.90	54.17	56.02	54.50	53.89	55.92	54.79	1.97755677432	200
64120	64120	41962	41962	54.05	56.00	54.95	53.45	55.75	54.90	54.15	56.02	54.50	53.88	55.92	54.78	1.97334429195	200
64320	64320	41762	41762	54.05	56.00	54.98	53.45	55.70	54.92	54.15	56.02	54.50	53.88	55.91	54.80	1.96171399029	200
64520	64520	41562	41562	54.08	56.02	55.00	53.45	55.70	54.95	54.10	56.02	54.48	53.88	55.92	54.81	1.94538152623	200
64720	64720	41362	41362	54.05	56.08	54.98	53.40	55.70	54.95	54.12	56.05	54.52	53.86	55.94	54.82	1.93641615553	200
64920	64920	41162	41162	54.02	56.10	54.95	53.42	55.70	54.95	54.17	56.05	54.52	53.88	55.95	54.81	1.93156621617	200
65120	65120	40962	40962	54.00	56.17	54.92	53.40	55.70	54.95	54.15	56.08	54.52	53.85	55.98	54.80	1.92823333623	200
65320	65320	40762	40762	54.00	56.10	54.92	53.42	55.70	55.00	54.17	56.10	54.55	53.87	55.97	54.83	1.9250432912	200
65520	65520	40562	40562	54.05	56.12	54.98	53.42	55.70	55.00	54.15	56.10	54.60	53.88	55.98	54.86	1.92258668076	200
65720	65720	40362	40362	53.98	56.15	54.98	53.48	55.73	55.00	54.17	56.12	54.62	53.88	56.00	54.87	1.92102010368	200
65920	65920	40162	40162	53.95	56.12	55.00	53.42	55.67	54.98	54.17	56.10	54.58	53.85	55.97	54.85	1.91824293478	200
66120	66120	39962	39962	53.95	56.10	55.00	53.40	55.70	54.98	54.17	56.10	54.58	53.84	55.97	54.85	1.9166239916	200
66320	66320	39762	39762	53.92	56.12	54.98	53.40	55.62	54.98	54.17	56.10	54.55	53.83	55.95	54.83	1.92881687171	200
66520	66520	39562	39562	53.92	56.10	54.98	53.40	55.65	55.00	54.17	55.98	54.52	53.83	55.91	54.83	1.92499417371	200
66720	66720	39362	39362	53.88	56.08	54.98	53.40	55.65	54.98	54.12	55.98	54.52	53.80	55.90	54.83	1.91795493605	200
66920	66920	39162	39162	53.83	56.05	54.98	53.35	55.65	55.00	54.15	55.92	54.50	53.77	55.88	54.83	1.91600447063	200
67120	67120	38962	38962	53.77	56.12	54.85	53.35	55.62	54.98	54.08	55.95	54.45	53.73	55.90	54.76	1.93052837684	200
67320	67320	38762	38762	53.77	56.17	54.75	53.38	55.65	54.95	54.00	56.00	54.42	53.72	55.94	54.71	1.97493701435	200
67520	67520	38562	38562	53.73	56.17	54.77	53.30	55.62	54.95	53.98	56.02	54.45	53.67	55.94	54.73	1.99536986139	200
67720	67720	38362	38362	53.73	56.17	54.77	53.27	55.65	54.98	54.02	56.05	54.42	53.67	55.96	54.73	1.99995078114	200
67920	67920	38162	38162	53.73	56.17	54.77	53.27	55.67	54.98	54.02	56.05	54.42	53.67	55.97	54.73	1.99946235235	200
68120	68120	37962	37962	53.73	56.17	54.77	53.27	55.67	54.98	54.02	56.02	54.42	53.67	55.96	54.73	1.99870744839	200
68320	68320	37762	37762	53.73	56.17	54.77	53.27	55.67	54.95	54.02	56.02	54.42	53.67	55.96	54.72	1.99799294455	200
68520	68520	37562	37562	53.73	56.17	54.77	53.27	55.70	54.98	54.02	56.02	54.42	53.67	55.97	54.73	1.99666918258	200
68720	68720	37362	37362	53.73	56.17	54.80	53.27	55.67	54.98	54.05	56.00	54.42	53.68	55.95	54.73	1.99497449085	200
68920	68920	37162	37162	53.73	56.17	54.80	53.27	55.67	54.98	54.05	56.00	54.42	53.68	55.95	54.73	1.99144221121	200
69120	69120	36962	36962	53.73	56.17	54.80	53.27	55.67	54.98	54.05	55.98	54.45	53.68	55.94	54.74	1.98619768569	200
69320	69320	36762	36762	53.73	56.15	54.80	53.27	55.67	54.98	54.00	56.00	54.42	53.67	55.94	54.73	1.97652963231	200
69520	69520	36562	36562	53.77	56.15	54.80	53.27	55.70	54.98	54.00	56.00	54.42	53.68	55.95	54.73	1.96145956205	200
69720	69720	36362	36362	53.77	56.15	54.80	53.27	55.70	54.98	54.00	56.00	54.42	53.68	55.95	54.73	1.92343527997	200
69920	69920	36162	36162	53.73	56.10	54.77	53.27	55.73	54.98	54.02	55.95	54.45	53.67	55.92	54.73	1.91543749006	200
70120	70120	35962	35962	53.73	56.10	54.83	53.27	55.67	54.98	54.02	55.98	54.45	53.67	55.92	54.75	1.91200751001	200
70320	70320	35762	35762	53.73	56.10	54.83	53.33	55.70	55.00	54.05	55.90	54.50	53.70	55.90	54.77	1.90636107113	200
70520	70520	35562	35562	53.75	56.12	54.88	53.33	55.65	54.98	54.05	55.90	54.50	53.71	55.89	54.78	1.90132248409	200
70720	70720	35362	35362	53.75	56.15	54.85	53.30	55.67	54.98	54.10	55.88	54.52	53.72	55.90	54.78	1.90357453081	200
70920	70920	35162	35162	53.75	56.08	54.88	53.30	55.70	54.98	54.08	55.85	54.48	53.71	55.88	54.77	1.89865453466	200
71120	71120	34962	34962	53.80	56.05	54.83	53.30	55.65	54.98	54.05	55.85	54.45	53.72	55.85	54.75	1.89446832026	200
71320	71320	34762	34762	53.80	56.10	54.80	53.23	55.67	54.95	54.08	55.80	54.40	53.70	55.86	54.72	1.89210104388	200
71520	71520	34562	34562	53.83	56.08	54.77	53.20	55.62	54.95	54.00	55.75	54.38	53.67	55.82	54.70	1.90560972143	200
71720	71720	34362	34362	53.80	56.02	54.73	53.20	55.70	54.95	54.00	55.75	54.23	53.67	55.83	54.63	1.90330592771	200
71920	71920	34162	34162	53.83	56.00	54.70	53.20	55.65	54.95	53.98	55.75	54.25	53.67	55.80	54.63	1.89744745545	200
72120	72120	33962	33962	53.83	55.88	54.65	53.20	55.73	54.95	53.98	55.70	54.27	53.67	55.77	54.62	1.95636173173	200
72320	72320	33762	33762	53.83	55.90	54.60	53.20	55.73	54.98	53.95	55.73	54.25	53.66	55.78	54.61	1.96365643234	200
72520	72520	33562	33562	53.83	55.88	54.60	53.20	55.75	54.98	53.95	55.70	54.27	53.66	55.77	54.62	1.90707226724	200
72720	72720	33362	33362	53.73	55.92	54.58	53.23	55.83	54.98	53.95	55.80	54.33	53.63	55.85	54.62	1.90590673979	200
72920	72920	33162	33162	53.77	55.90	54.60	53.23	55.85	54.95	53.95	55.80	54.42	53.65	55.85	54.66	1.89133236458	200
73120	73120	32962	32962	53.77	55.90	54.58	53.23	55.85	54.98	53.95	55.80	54.40	53.65	55.85	54.65	1.8840140374	200
73320	73320	32762	32762	53.77	55.85	54.58	53.23	55.85	54.98	53.92	55.83	54.40	53.64	55.84	54.65	1.87759186684	200
73520	73520	32562	32562	53.83	55.90	54.60	53.23	55.85	54.95	53.95	55.83	54.42	53.67	55.86	54.66	1.8717657994	200
73720	73720	32362	32362	53.85	55.85	54.60	53.23	55.85	54.92	53.95	55.80	54.38	53.67	55.83	54.63	1.87223095283	200
73920	73920	32162	32162	53.88	55.85	54.55	53.23	55.88	54.92	53.95	55.83	54.30	53.68	55.85	54.59	1.87735776531	200
74120	74120	31962	31962	53.85	55.85	54.55	53.20	55.90	54.98	53.98	55.90	54.27	53.67	55.88	54.60	1.93028716669	200
74320	74320	31762	31762	53.85	55.83	54.55	53.20	55.88	54.98	53.98	55.90	54.23	53.67	55.87	54.58	1.87320426358	200
74520	74520	31562	31562	53.83	55.80	54.48	53.20	55.90	54.98	53.98	55.88	54.25	53.67	55.86	54.57	1.85932076366	200
74720	74720	31362	31362	54.10	55.80	54.50	53.92	55.83	54.95	54.25	55.92	54.27	54.09	55.85	54.58	1.85651654087	200
74920	74920	31162	31162	54.15	55.83	54.52	53.98	55.85	54.98	54.20	55.85	54.30	54.11	55.84	54.60	1.85173692859	200
75120	75120	30962	30962	54.15	55.85	54.55	53.95	55.85	54.92	54.25	55.80	54.33	54.12	55.83	54.60	1.87320141802	200
75320	75320	30762	30762	54.15	55.88	54.65	53.92	55.83	54.90	54.15	55.80	54.33	54.08	55.83	54.62	1.97400168833	200
75520	75520	30562	30562	54.15	55.88	54.67	53.95	55.83	54.95	54.15	55.80	54.33	54.08	55.83	54.65	1.91438971901	200
75720	75720	30362	30362	54.17	55.90	54.75	53.95	55.83	54.98	54.15	55.83	54.35	54.09	55.85	54.69	1.85765320155	200
75920	75920	30162	30162	54.17	55.85	54.80	53.92	55.77	55.00	54.17	55.83	54.45	54.09	55.82	54.75	1.87383247671	200
76120	76120	29962	29962	54.17	56.00	54.77	53.92	55.75	54.95	54.15	55.73	54.35	54.08	55.83	54.69	1.90785771186	200
76320	76320	29762	29762	54.15	56.00	54.80	53.95	55.75	54.95	54.15	55.60	54.35	54.08	55.78	54.70	1.92936619459	200
76520	76520	29562	29562	54.15	55.95	54.75	53.92	55.67	54.90	54.15	55.58	54.33	54.08	55.73	54.66	1.9438631893	200
76720	76720	29362	29362	54.15	55.98	54.70	53.92	55.62	54.92	54.15	55.62	54.30	54.08	55.74	54.64	1.95508732527	200
76920	76920	29162	29162	54.17	55.98	54.73	53.92	55.58	54.90	54.15	55.55	54.30	54.08	55.70	54.64	1.9626360092	200
77120	77120	28962	28962	54.17	56.02	54.73	53.92	55.50	54.88	54.15	55.52	54.33	54.08	55.68	54.64	1.96909502341	200
77320	77320	28762	28762	54.17	56.02	54.73	53.92	55.50	54.88	54.15	55.55	54.33	54.08	55.69	54.64	1.97357047769	200
77520	77520	28562	28562	54.17	56.05	54.73	53.92	55.52	54.88	54.15	55.55	54.30	54.08	55.71	54.63	1.9772297307	200
77720	77720	28362	28362	54.17	56.10	54.73	53.92	55.52	54.88	54.15	55.55	54.27	54.08	55.73	54.62	1.97999445114	200
77920	77920	28162	28162	54.17	56.05	54.75	53.92	55.52	54.88	54.15	55.55	54.27	54.08	55.71	54.63	1.98301065737	200
78120	78120	27962	27962	54.17	56.05	54.75	53.95	55.50	54.88	54.15	55.52	54.27	54.09	55.69	54.63	1.98543314555	200
78320	78320	27762	27762	54.15	56.05	54.75	53.95	55.50	54.88	54.12	55.55	54.27	54.08	55.70	54.63	1.98753322687	200
78520	78520	27562	27562	54.15	56.02	54.73	53.95	55.50	54.88	54.12	55.55	54.27	54.08	55.69	54.62	1.9892091624	200
78720	78720	27362	27362	54.17	56.02	54.73	53.95	55.50	54.85	54.12	55.55	54.27	54.08	55.69	54.62	1.99048865272	200
78920	78920	27162	27162	54.17	56.05	54.73	53.95	55.50	54.85	54.12	55.55	54.27	54.08	55.70	54.62	1.9913961765	200
79120	79120	26962	26962	54.15	56.05	54.73	53.95	55.52	54.85	54.12	55.55	54.27	54.08	55.71	54.62	1.99213719044	200
79320	79320	26762	26762	54.15	56.08	54.73	53.95	55.52	54.85	54.12	55.55	54.27	54.08	55.72	54.62	1.99239989332	200
79520	79520	26562	26562	54.15	56.05	54.73	53.98	55.52	54.85	54.12	55.55	54.27	54.08	55.71	54.62	1.99191577489	200
79720	79720	26362	26362	54.17	56.05	54.73	53.95	55.55	54.85	54.12	55.55	54.27	54.08	55.72	54.62	1.99133065434	200
79920	79920	26162	26162	54.17	56.05	54.75	53.95	55.52	54.85	54.12	55.55	54.30	54.08	55.71	54.63	1.98961358254	200
80120	80120	25962	25962	54.17	56.05	54.73	53.95	55.52	54.85	54.12	55.55	54.30	54.08	55.71	54.62	1.98686358115	200
80320	80320	25762	25762	54.17	56.05	54.75	53.98	55.52	54.85	54.12	55.55	54.27	54.09	55.71	54.62	1.98357104502	200
80520	80520	25562	25562	54.17	56.05	54.75	53.98	55.52	54.85	54.12	55.58	54.27	54.09	55.72	54.62	1.97997335674	200
80720	80720	25362	25362	54.17	56.10	54.75	53.95	55.52	54.85	54.15	55.60	54.27	54.09	55.74	54.62	1.97277727604	200
80920	80920	25162	25162	54.17	56.10	54.75	53.95	55.58	54.85	54.10	55.58	54.27	54.08	55.75	54.62	1.96245523289	200
81120	81120	24962	24962	54.20	56.12	54.75	53.95	55.55	54.88	54.12	55.58	54.30	54.09	55.75	54.64	1.94914904235	200
81320	81320	24762	24762	54.20	56.12	54.77	53.98	55.60	54.88	54.12	55.58	54.30	54.10	55.77	54.65	1.93097357444	200
81520	81520	24562	24562	54.17	56.12	54.80	53.95	55.62	54.88	54.10	55.58	54.33	54.08	55.77	54.67	1.88320154566	200
81720	81720	24362	24362	54.17	56.15	54.80	53.98	55.60	54.88	54.08	55.58	54.33	54.08	55.77	54.67	1.84735560898	200
81920	81920	24162	24162	54.20	56.15	54.80	54.00	55.60	54.85	54.10	55.58	54.40	54.10	55.77	54.68	1.83387650137	200
82120	82120	23962	23962	54.23	56.15	54.80	54.05	55.65	54.85	54.15	55.50	54.40	54.14	55.77	54.68	1.8281948496	200
82320	82320	23762	23762	54.23	56.17	54.80	54.05	55.70	54.88	54.15	55.55	54.42	54.14	55.81	54.70	1.81491310837	200
82520	82520	23562	23562	54.20	56.23	54.75	54.05	55.70	54.90	54.17	55.60	54.38	54.14	55.84	54.67	1.80362122304	200
82720	82720	23362	23362	54.15	56.27	54.75	54.02	55.73	54.88	54.20	55.62	54.40	54.12	55.88	54.67	1.81281206971	200
82920	82920	23162	23162	54.20	56.23	54.73	54.00	55.62	54.88	54.10	55.60	54.42	54.10	55.82	54.67	1.86483482586	200
83120	83120	22962	22962	54.20	56.27	54.73	54.00	55.62	54.92	54.12	55.60	54.48	54.11	55.83	54.71	1.79597693195	200
83320	83320	22762	22762	54.17	56.27	54.70	54.02	55.67	54.95	54.05	55.65	54.52	54.08	55.87	54.73	1.78544710143	200
83520	83520	22562	22562	54.12	56.25	54.73	54.05	55.70	54.90	54.05	55.65	54.55	54.08	55.87	54.73	1.75815498149	200
83720	83720	22362	22362	54.00	56.27	54.77	54.02	55.75	54.88	54.05	55.67	54.52	54.02	55.90	54.73	1.85126226239	200
83920	83920	22162	22162	53.98	56.27	54.77	54.00	55.75	54.88	54.10	55.70	54.55	54.02	55.91	54.73	1.98562196268	200
84120	84120	21962	21962	53.98	56.27	54.75	54.00	55.75	54.85	54.08	55.70	54.55	54.02	55.91	54.72	1.99313801072	200
84320	84320	21762	21762	53.98	56.27	54.75	54.00	55.75	54.85	54.08	55.70	54.55	54.02	55.91	54.72	1.90341909586	200
84520	84520	21562	21562	53.98	56.27	54.75	54.00	55.73	54.85	54.08	55.70	54.55	54.02	55.90	54.72	1.76376543298	200
84720	84720	21362	21362	53.85	56.27	54.73	53.90	55.73	54.85	53.98	55.70	54.58	53.91	55.90	54.72	1.92097515387	200
84920	84920	21162	21162	53.83	56.27	54.73	53.92	55.77	54.80	54.02	55.70	54.58	53.92	55.92	54.70	1.98918157172	200
85120	85120	20962	20962	53.80	56.27	54.73	53.92	55.77	54.80	54.02	55.70	54.58	53.92	55.92	54.70	1.97103408339	200
85320	85320	20762	20762	53.80	56.27	54.73	53.92	55.73	54.80	54.02	55.70	54.58	53.92	55.90	54.70	1.75656654383	200
