12120	12120	94562	94562	75.03	77.75	79.85	74.55	77.62	79.25	75.30	78.53	79.88	74.96	77.97	79.66	6.50984777132
12120	12120	94562	94562	75.10	77.75	79.85	74.58	77.65	79.25	75.28	78.53	79.90	74.98	77.97	79.67	4.8029736108	16
12136	12136	94546	94546	75.15	77.88	79.53	74.40	77.40	79.22	74.83	78.75	79.75	74.79	78.01	79.50	3.48581299157	15
12151	12151	94531	94531	74.78	77.85	79.53	74.12	77.40	79.05	74.42	78.90	79.47	74.44	78.05	79.35	2.9892203224	16
12167	12167	94515	94515	74.35	77.53	79.30	73.65	77.30	78.83	74.05	78.58	79.33	74.02	77.80	79.15	2.69528581486	16
12183	12183	94499	94499	74.17	77.53	78.78	73.47	77.40	78.33	73.75	78.47	79.22	73.80	77.80	78.78	2.52156179701	16
12199	12199	94483	94483	73.80	77.58	78.83	73.45	77.10	78.20	73.38	78.45	79.15	73.54	77.71	78.72	2.38423383194	16
12215	12215	94467	94467	73.50	77.47	78.67	73.47	76.90	77.97	73.30	78.25	78.95	73.42	77.54	78.53	2.30696744157	16
12231	12231	94451	94451	73.47	77.30	78.55	73.30	76.83	77.83	73.40	77.95	78.88	73.39	77.36	78.42	2.22176206827	16
12247	12247	94435	94435	73.28	77.17	78.47	73.30	76.42	77.72	73.40	77.65	78.53	73.33	77.08	78.24	2.15043476485	16
12263	12263	94419	94419	73.35	77.22	78.30	73.20	76.42	77.75	73.40	77.45	78.45	73.32	77.03	78.17	2.10365148229	16
12279	12279	94403	94403	73.22	77.15	78.30	73.03	76.33	77.78	73.47	77.58	78.30	73.24	77.02	78.12	2.07043666425	16
12295	12295	94387	94387	73.40	77.12	78.30	73.05	76.45	77.75	73.53	77.62	78.28	73.33	77.07	78.11	2.02897469438	16
12311	12311	94371	94371	73.55	76.83	78.20	73.25	76.20	77.80	73.65	77.40	78.22	73.48	76.81	78.08	1.99881266422	16
12327	12327	94355	94355	73.70	76.80	78.20	73.15	76.50	77.75	73.67	77.35	78.15	73.51	76.88	78.03	1.96887231916	16
12343	12343	94339	94339	73.75	76.95	78.05	73.42	76.53	77.85	73.72	77.30	78.12	73.63	76.92	78.01	1.94508706477	16
12359	12359	94323	94323	73.85	77.17	78.28	73.40	76.53	77.83	74.10	77.30	78.25	73.78	77.00	78.12	1.92599730969	16
12375	12375	94307	94307	73.83	77.25	78.28	73.28	76.62	77.90	73.78	77.38	78.30	73.62	77.08	78.16	1.91307352819	16
12391	12391	94291	94291	74.03	77.30	78.28	73.33	76.72	77.92	73.92	77.50	78.40	73.76	77.17	78.20	1.89240094662	16
12407	12407	94275	94275	73.95	77.33	78.42	73.42	76.72	78.08	73.90	77.60	78.55	73.76	77.22	78.35	1.88101605368	16
12423	12423	94259	94259	73.88	77.53	78.33	73.33	76.67	78.10	73.97	77.67	78.53	73.72	77.29	78.32	1.87165588986	16
12439	12439	94243	94243	74.10	77.60	78.42	73.50	76.75	78.00	74.28	77.62	78.65	73.96	77.33	78.36	1.85328929483	16
12455	12455	94227	94227	74.33	77.45	78.47	73.62	76.75	78.08	74.47	77.67	78.72	74.14	77.29	78.42	1.84545704011	16
12471	12471	94211	94211	74.47	77.58	78.62	73.65	76.78	78.22	74.65	77.62	78.78	74.26	77.33	78.54	1.83950255307	16
12487	12487	94195	94195	74.55	77.75	78.83	73.72	76.78	78.25	74.75	77.83	78.88	74.34	77.45	78.65	1.83881423928	16
12503	12503	94179	94179	74.78	77.75	79.10	73.85	77.00	78.22	74.78	77.97	78.80	74.47	77.58	78.71	1.8261416452	16
12519	12519	94163	94163	74.92	77.53	79.12	73.78	76.97	78.28	75.00	78.08	79.05	74.57	77.53	78.82	1.82453376254	16
12535	12535	94147	94147	75.10	77.45	79.20	73.88	77.00	78.42	75.10	78.20	79.10	74.69	77.55	78.91	1.82248391183	16
12551	12551	94131	94131	75.25	77.50	79.45	74.03	77.28	78.40	75.10	78.05	79.05	74.79	77.61	78.97	1.81632065978	16
12567	12567	94115	94115	75.17	77.62	79.42	74.15	77.08	78.40	74.97	78.17	79.08	74.77	77.62	78.97	1.81062678108	16
12583	12583	94099	94099	75.30	77.65	79.53	74.20	77.15	78.38	75.05	78.10	79.17	74.85	77.63	79.03	1.80484350374	16
12599	12599	94083	94083	75.30	77.70	79.42	74.10	77.12	78.33	75.10	78.28	79.22	74.83	77.70	78.99	1.80052147733	16
12615	12615	94067	94067	75.22	77.60	79.55	74.20	77.15	78.60	75.22	78.30	79.17	74.88	77.68	79.11	1.79045830948	16
12631	12631	94051	94051	75.35	77.62	79.62	74.35	77.28	78.75	75.30	78.25	79.40	75.00	77.72	79.26	1.78569304482	16
12647	12647	94035	94035	75.45	77.60	79.47	74.53	77.20	78.78	75.42	78.55	79.40	75.13	77.78	79.22	1.78462477475	16
12663	12663	94019	94019	75.60	77.72	79.47	74.50	77.28	78.65	75.45	78.50	79.30	75.18	77.83	79.14	1.78877792914	16
12679	12679	94003	94003	75.60	77.67	79.47	74.67	77.10	78.65	75.50	78.30	79.35	75.26	77.69	79.16	1.78035157497	16
12695	12695	93987	93987	75.58	77.58	79.40	74.72	77.25	78.60	75.47	78.38	79.38	75.26	77.73	79.12	1.77432385444	16
12711	12711	93971	93971	75.58	77.78	79.75	74.83	77.35	78.75	75.60	78.53	79.67	75.33	77.88	79.39	1.77613836324	16
12727	12727	93955	93955	75.70	77.88	79.72	75.00	77.35	78.70	75.62	78.53	79.58	75.44	77.92	79.33	1.77488849565	16
12743	12743	93939	93939	75.70	77.83	79.80	75.00	77.40	78.70	75.75	78.55	79.60	75.48	77.92	79.37	1.77223996622	16
12759	12759	93923	93923	75.65	77.95	79.72	75.00	77.45	78.75	75.78	78.60	79.65	75.47	78.00	79.38	1.77128866092	16
12775	12775	93907	93907	75.65	77.83	79.75	75.20	77.47	78.83	75.83	78.75	79.70	75.56	78.02	79.42	1.77891455638	16
12791	12791	93891	93891	75.72	77.88	79.75	75.12	77.33	78.78	75.92	78.67	79.72	75.59	77.96	79.42	1.76854333782	16
12807	12807	93875	93875	75.70	77.92	79.78	75.10	77.25	78.80	75.88	78.70	79.80	75.56	77.96	79.46	1.76809708071	16
12823	12823	93859	93859	75.67	77.90	79.95	75.08	77.33	78.85	76.03	78.83	79.83	75.59	78.02	79.54	1.76138195789	16
12839	12839	93843	93843	75.83	77.62	79.97	75.10	77.22	78.80	75.97	78.58	79.80	75.63	77.81	79.53	1.75970381345	16
12855	12855	93827	93827	75.88	77.67	80.03	75.10	77.10	78.88	76.00	78.58	79.92	75.66	77.78	79.61	1.75672948271	16
12871	12871	93811	93811	75.92	77.97	79.95	75.08	77.12	78.80	76.03	78.55	79.88	75.67	77.88	79.54	1.75767270091	16
12887	12887	93795	93795	76.03	77.97	79.92	75.47	77.22	78.83	76.05	78.58	79.88	75.85	77.92	79.54	1.76507961227	16
12903	12903	93779	93779	75.83	77.70	79.95	75.22	77.17	78.90	76.08	78.50	79.88	75.71	77.79	79.58	1.77383240266	16
12919	12919	93763	93763	75.80	77.62	79.92	75.10	76.95	78.83	76.22	78.55	79.92	75.71	77.71	79.56	1.76830909513	16
12935	12935	93747	93747	75.78	77.62	79.95	75.25	76.88	78.72	76.25	78.40	79.88	75.76	77.63	79.52	1.7682349337	16
12951	12951	93731	93731	75.72	77.85	80.05	75.10	76.90	78.85	76.20	78.38	80.03	75.67	77.71	79.64	1.76460680187	16
12967	12967	93715	93715	75.72	77.85	80.05	75.17	77.10	78.85	76.22	78.47	80.08	75.71	77.81	79.66	1.76273073824	16
12983	12983	93699	93699	76.10	77.90	80.10	75.22	77.15	78.78	76.10	78.38	80.10	75.81	77.81	79.66	1.76314958725	16
12999	12999	93683	93683	76.15	77.95	80.28	75.17	77.08	78.88	76.25	78.40	80.17	75.86	77.81	79.78	1.76666539984	16
13015	13015	93667	93667	76.03	77.70	80.12	75.05	77.10	78.78	76.15	78.33	80.12	75.74	77.71	79.67	1.77070631714	16
13031	13031	93651	93651	76.28	77.95	79.97	75.08	76.90	78.72	76.33	78.20	80.17	75.89	77.68	79.62	1.76615583809	16
13047	13047	93635	93635	76.20	77.92	80.10	75.17	77.00	78.75	76.28	78.05	80.22	75.88	77.66	79.69	1.76459419854	16
13063	13063	93619	93619	76.05	77.85	80.12	75.28	76.88	78.70	76.35	78.12	80.22	75.89	77.62	79.68	1.75826398159	16
13079	13079	93603	93603	75.85	77.95	80.00	75.15	76.90	78.80	76.53	78.08	80.10	75.84	77.64	79.63	1.76578843147	16
13095	13095	93587	93587	76.03	77.90	79.95	75.05	76.80	78.78	76.55	77.90	80.00	75.88	77.53	79.58	1.76814619301	16
13111	13111	93571	93571	75.92	78.08	80.10	75.08	76.67	78.80	76.62	77.90	80.08	75.88	77.55	79.66	1.77701989829	16
13127	13127	93555	93555	76.03	77.97	79.97	75.03	76.62	78.62	76.67	77.72	80.05	75.91	77.44	79.55	1.77804264408	16
13143	13143	93539	93539	76.17	77.88	80.15	75.10	76.60	78.62	76.60	77.65	80.15	75.96	77.38	79.64	1.77969267523	16
13159	13159	93523	93523	76.22	77.90	79.92	75.08	76.65	78.53	76.67	77.80	80.17	75.99	77.45	79.54	1.7735615021	16
13175	13175	93507	93507	76.30	77.85	79.83	75.10	76.58	78.38	76.60	77.90	80.03	76.00	77.44	79.41	1.7779311223	16
13191	13191	93491	93491	76.25	77.88	79.78	75.05	76.58	78.45	76.67	78.03	80.00	75.99	77.49	79.41	1.77737401051	16
13207	13207	93475	93475	76.17	77.83	79.85	74.85	76.53	78.35	76.70	77.90	79.97	75.91	77.42	79.39	1.77959337555	16
13223	13223	93459	93459	76.17	77.83	79.88	74.88	76.35	78.47	76.70	77.92	79.92	75.92	77.37	79.42	1.78134829218	16
13239	13239	93443	93443	76.17	77.88	79.72	74.90	76.28	78.40	76.75	77.88	79.97	75.94	77.34	79.37	1.77973916681	16
13255	13255	93427	93427	76.22	77.97	79.85	74.92	76.15	78.50	76.95	77.67	79.97	76.03	77.27	79.44	1.77624685829	16
13271	13271	93411	93411	76.15	78.10	79.88	74.92	76.00	78.47	77.00	77.55	79.95	76.03	77.22	79.43	1.77930523043	16
13287	13287	93395	93395	76.22	78.28	79.83	74.88	75.97	78.25	77.05	77.53	79.92	76.05	77.26	79.33	1.78318613878	16
13303	13303	93379	93379	76.35	78.20	79.80	74.72	76.10	78.28	76.92	77.58	79.97	76.00	77.29	79.35	1.7801500661	16
13319	13319	93363	93363	76.40	78.28	79.95	74.60	76.10	78.10	76.83	77.42	80.03	75.94	77.27	79.36	1.78254202708	16
13335	13335	93347	93347	76.25	78.38	80.12	74.62	76.10	78.08	76.78	77.58	79.92	75.88	77.35	79.38	1.77997854085	16
13351	13351	93331	93331	76.28	78.33	80.10	74.62	76.03	78.05	76.83	77.47	79.83	75.91	77.28	79.33	1.77901902541	16
13367	13367	93315	93315	76.10	78.35	80.00	74.62	76.10	78.05	76.78	77.62	79.90	75.83	77.36	79.32	1.78153361106	16
13383	13383	93299	93299	76.15	78.47	79.90	74.58	76.08	77.95	76.70	77.75	79.88	75.81	77.43	79.24	1.78355807814	16
13399	13399	93283	93283	76.08	78.30	80.15	74.55	75.90	77.88	76.67	77.67	79.90	75.77	77.29	79.31	1.78035519767	16
13415	13415	93267	93267	76.20	78.25	80.25	74.58	75.83	77.90	76.65	77.75	79.90	75.81	77.28	79.35	1.78262697293	16
13431	13431	93251	93251	76.10	78.38	80.35	74.55	75.80	77.75	76.80	77.70	79.90	75.82	77.29	79.33	1.78201523291	16
13447	13447	93235	93235	76.00	78.35	80.33	74.53	75.72	77.78	76.83	77.60	79.80	75.78	77.22	79.30	1.78503013881	16
13463	13463	93219	93219	76.03	78.20	80.40	74.45	75.70	77.65	76.75	77.72	79.88	75.74	77.21	79.31	1.78597292264	16
13479	13479	93203	93203	76.15	78.22	80.40	74.40	75.60	77.55	76.78	77.65	79.70	75.78	77.16	79.22	1.78465998759	16
13495	13495	93187	93187	76.15	78.28	80.30	74.38	75.50	77.42	76.72	77.60	79.65	75.75	77.12	79.12	1.78390244347	16
13511	13511	93171	93171	76.08	78.30	80.25	74.28	75.45	77.38	76.78	77.58	79.67	75.71	77.11	79.10	1.7881642085	16
13527	13527	93155	93155	76.08	78.35	80.35	74.38	75.35	77.38	76.80	77.62	79.67	75.75	77.11	79.13	1.78570271454	16
13543	13543	93139	93139	75.95	78.25	80.42	74.22	75.30	77.30	76.80	77.55	79.62	75.66	77.03	79.12	1.78456297581	16
13559	13559	93123	93123	75.88	78.28	80.28	74.17	75.47	77.20	76.75	77.62	79.58	75.60	77.12	79.02	1.78577511826	16
13575	13575	93107	93107	75.95	78.25	80.42	74.00	75.42	77.12	76.90	77.75	79.65	75.62	77.14	79.07	1.78673240525	16
13591	13591	93091	93091	75.88	78.30	80.28	73.97	75.47	77.12	76.90	77.72	79.58	75.58	77.17	78.99	1.78560330752	16
13607	13607	93075	93075	76.03	78.22	80.33	73.85	75.42	77.05	76.83	77.47	79.70	75.57	77.04	79.03	1.78916231438	16
13623	13623	93059	93059	76.10	78.15	80.30	73.97	75.25	77.00	76.80	77.47	79.60	75.62	76.96	78.97	1.78699363026	16
13639	13639	93043	93043	75.90	78.33	80.30	73.88	75.22	77.00	76.92	77.38	79.60	75.57	76.97	78.97	1.78584496956	16
13655	13655	93027	93027	75.83	78.20	80.20	73.90	75.17	76.85	76.92	77.38	79.55	75.55	76.92	78.87	1.78426239069	16
13671	13671	93011	93011	75.75	78.20	80.10	73.88	75.20	76.75	76.72	77.22	79.53	75.45	76.88	78.79	1.7855826796	16
13687	13687	92995	92995	75.78	78.15	80.17	73.72	75.05	76.55	76.80	77.20	79.45	75.43	76.80	78.72	1.78654139267	16
13703	13703	92979	92979	75.72	78.12	80.12	73.85	75.10	76.62	76.75	77.38	79.47	75.44	76.87	78.74	1.78953855855	16
13719	13719	92963	92963	75.88	77.90	80.12	73.85	74.88	76.55	76.78	77.15	79.38	75.50	76.64	78.68	1.78812648963	16
13735	13735	92947	92947	75.62	77.78	80.12	73.83	74.88	76.55	76.70	77.25	79.40	75.38	76.63	78.69	1.78772966212	16
13751	13751	92931	92931	75.78	77.70	80.10	73.95	74.83	76.60	76.53	77.12	79.42	75.42	76.55	78.71	1.7857111184	16
13767	13767	92915	92915	75.72	77.72	80.12	74.10	74.83	76.50	76.55	76.95	79.25	75.46	76.50	78.62	1.79153651869	16
13783	13783	92899	92899	75.65	77.65	80.03	74.12	74.88	76.50	76.53	77.05	79.30	75.43	76.53	78.61	1.79135152421	16
13799	13799	92883	92883	75.60	77.58	79.95	74.10	74.72	76.35	76.62	77.00	79.25	75.44	76.43	78.52	1.78846996161	16
13815	13815	92867	92867	75.42	77.42	79.78	74.08	74.85	76.33	76.65	76.88	79.03	75.38	76.38	78.38	1.79536996409	16
13831	13831	92851	92851	75.33	77.40	79.72	74.00	74.90	76.28	76.60	76.90	78.95	75.31	76.40	78.32	1.79348729846	16
13847	13847	92835	92835	75.33	77.35	79.55	74.05	74.85	76.33	76.60	77.05	78.92	75.33	76.42	78.27	1.79673561748	16
13863	13863	92819	92819	75.38	77.25	79.53	74.05	74.70	76.28	76.58	76.92	78.95	75.33	76.29	78.25	1.79724336247	16
13879	13879	92803	92803	75.42	77.25	79.47	73.92	74.65	76.22	76.67	76.85	78.90	75.34	76.25	78.20	1.79671894305	16
13895	13895	92787	92787	75.47	77.33	79.53	73.95	74.55	76.28	76.65	76.78	79.08	75.36	76.22	78.29	1.79686369933	16
13911	13911	92771	92771	75.42	77.08	79.38	74.12	74.58	76.22	76.67	76.72	78.95	75.41	76.12	78.18	1.79469585144	16
13927	13927	92755	92755	75.47	77.17	79.28	74.08	74.67	76.22	76.85	76.78	78.97	75.47	76.21	78.16	1.79503945236	16
13943	13943	92739	92739	75.33	77.08	79.22	74.15	74.58	76.22	76.78	76.75	78.92	75.42	76.13	78.12	1.79516148021	16
13959	13959	92723	92723	75.33	77.20	79.17	74.20	74.55	76.38	76.75	76.58	78.88	75.42	76.11	78.14	1.79463013641	16
13975	13975	92707	92707	75.28	77.08	79.12	74.25	74.38	76.20	76.85	76.58	78.90	75.46	76.01	78.08	1.79318215299	16
13991	13991	92691	92691	75.50	76.90	79.12	74.38	74.20	76.28	76.80	76.55	78.78	75.56	75.88	78.06	1.79520936496	16
14007	14007	92675	92675	75.55	76.97	78.92	74.47	74.15	76.20	76.88	76.50	78.75	75.63	75.88	77.96	1.79714770692	16
14023	14023	92659	92659	75.53	76.88	78.80	74.47	74.17	76.28	76.90	76.42	78.78	75.63	75.83	77.95	1.79923094284	16
14039	14039	92643	92643	75.53	76.85	78.83	74.53	74.22	76.20	76.72	76.47	78.83	75.59	75.85	77.95	1.79781688744	16
14055	14055	92627	92627	75.55	76.58	78.72	74.38	74.15	76.28	76.70	76.42	78.65	75.54	75.72	77.88	1.79895787713	16
14071	14071	92611	92611	75.45	76.50	78.80	74.35	74.10	76.35	76.67	76.40	78.65	75.49	75.67	77.93	1.79636121109	16
14087	14087	92595	92595	75.53	76.42	78.58	74.35	74.03	76.20	76.62	76.38	78.62	75.50	75.61	77.80	1.79528319282	16
14103	14103	92579	92579	75.58	76.42	78.45	74.33	74.12	76.12	76.53	76.30	78.53	75.47	75.62	77.70	1.79794260139	16
14119	14119	92563	92563	75.58	76.53	78.45	74.25	74.05	76.15	76.47	76.33	78.78	75.43	75.63	77.79	1.79608746017	16
14135	14135	92547	92547	75.47	76.67	78.30	74.22	74.05	76.10	76.50	76.35	78.62	75.40	75.69	77.67	1.79472353499	16
