12120	12120	94562	94562	75.08	77.75	79.88	74.58	77.62	79.25	75.30	78.53	79.90	74.98	77.97	79.67	2.98219213397
12120	12120	94412	94412	75.05	77.75	79.85	74.58	77.62	79.25	75.28	78.53	79.88	74.97	77.97	79.66	2.86024348174	25
12145	12145	94387	94387	75.38	77.72	79.90	74.58	77.58	79.25	74.67	78.60	79.75	74.88	77.97	79.63	2.59753361515	25
12170	12170	94362	94362	74.92	77.83	79.50	73.95	77.47	79.03	74.62	78.58	79.65	74.50	77.96	79.39	2.43304261979	25
12195	12195	94337	94337	74.38	77.70	79.22	74.05	77.15	78.80	74.42	78.45	79.47	74.28	77.77	79.17	2.30255843377	25
12220	12220	94312	94312	74.28	77.60	78.92	74.25	77.08	78.92	74.55	78.47	79.47	74.36	77.72	79.11	2.19841223921	25
12245	12245	94287	94287	74.25	77.97	79.22	74.17	77.20	79.12	74.20	78.42	79.33	74.21	77.87	79.22	2.12499998797	25
12270	12270	94262	94262	74.12	77.88	79.10	74.03	77.05	78.80	74.35	78.42	79.28	74.17	77.78	79.06	2.0749804643	25
12295	12295	94237	94237	74.20	77.72	78.97	74.00	77.00	78.72	74.33	78.22	79.05	74.17	77.65	78.92	2.03943175256	25
12320	12320	94212	94212	74.22	77.83	78.97	74.10	77.22	78.78	74.47	78.28	79.05	74.27	77.78	78.93	2.00580020912	25
12345	12345	94187	94187	74.28	77.88	79.08	74.10	77.22	78.80	74.35	78.05	79.00	74.24	77.72	78.96	1.98208508513	25
12370	12370	94162	94162	74.30	77.92	78.92	74.12	77.17	78.92	74.55	78.08	79.05	74.33	77.72	78.97	1.94865163392	25
12395	12395	94137	94137	74.17	77.88	78.90	74.12	77.38	78.80	74.80	78.08	79.12	74.37	77.78	78.94	1.92735327896	25
12420	12420	94112	94112	74.22	77.67	78.88	74.12	77.40	78.75	75.03	78.00	79.28	74.46	77.69	78.97	1.90743854963	25
12445	12445	94087	94087	74.47	77.72	78.78	74.17	77.47	78.88	75.20	78.15	79.22	74.62	77.78	78.96	1.89621475566	25
12470	12470	94062	94062	74.78	77.65	78.95	74.12	77.25	78.88	75.00	78.05	79.17	74.63	77.65	79.00	1.89114838831	25
12495	12495	94037	94037	74.95	77.70	78.83	74.22	77.22	78.88	75.08	78.35	79.25	74.75	77.76	78.98	1.87775961196	25
12520	12520	94012	94012	74.95	77.70	79.03	74.22	77.55	78.80	74.90	78.42	79.30	74.69	77.89	79.04	1.86803294707	25
12545	12545	93987	93987	75.08	77.95	79.17	74.53	77.47	78.88	74.97	78.35	79.33	74.86	77.92	79.12	1.85933907987	25
12570	12570	93962	93962	75.33	77.75	79.38	74.47	77.30	79.12	75.15	78.55	79.42	74.98	77.87	79.31	1.85307271521	25
12595	12595	93937	93937	75.40	77.70	79.53	74.70	77.33	79.03	75.25	78.35	79.50	75.12	77.79	79.35	1.84757909171	25
12620	12620	93912	93912	75.60	77.58	79.55	74.78	77.40	79.05	75.17	78.42	79.47	75.18	77.80	79.36	1.84364977111	25
12645	12645	93887	93887	75.47	77.83	79.58	74.62	77.28	78.97	75.22	78.45	79.40	75.11	77.85	79.32	1.83385506865	25
12670	12670	93862	93862	75.60	77.60	79.65	74.85	77.42	79.12	75.15	78.62	79.58	75.20	77.88	79.45	1.8272439197	25
12695	12695	93837	93837	75.53	77.47	79.67	74.80	77.35	79.20	75.33	78.60	79.47	75.22	77.81	79.45	1.82304344109	25
12720	12720	93812	93812	75.70	77.72	79.65	74.85	77.40	79.15	75.38	78.65	79.58	75.31	77.92	79.46	1.81591120172	25
12745	12745	93787	93787	75.72	77.75	79.95	74.80	77.53	79.35	75.55	78.58	79.62	75.36	77.95	79.64	1.81460015352	25
12770	12770	93762	93762	75.65	77.72	79.97	74.95	77.65	79.25	75.78	78.62	79.88	75.46	78.00	79.70	1.80666550369	25
12795	12795	93737	93737	75.80	77.78	80.08	74.92	77.75	79.38	75.78	78.50	79.95	75.50	78.01	79.80	1.80069902361	25
12820	12820	93712	93712	75.90	77.88	80.12	74.95	77.60	79.40	75.75	78.53	79.88	75.53	78.00	79.80	1.79717310837	25
12845	12845	93687	93687	76.05	77.88	80.17	74.97	77.60	79.25	75.90	78.65	79.80	75.64	78.04	79.74	1.79450497809	25
12870	12870	93662	93662	76.03	77.95	80.08	74.97	77.55	79.30	76.03	78.67	79.75	75.67	78.06	79.71	1.79393325413	25
12895	12895	93637	93637	76.10	77.75	80.12	74.80	77.62	79.30	76.00	78.80	79.70	75.63	78.06	79.71	1.78395137585	25
12920	12920	93612	93612	76.15	77.83	80.20	74.65	77.55	79.12	75.95	78.55	79.70	75.58	77.97	79.67	1.78748966127	25
12945	12945	93587	93587	76.25	78.03	80.15	74.95	77.58	78.90	75.95	78.53	79.97	75.72	78.04	79.67	1.78511072157	25
12970	12970	93562	93562	76.22	78.10	80.12	75.00	77.50	79.08	76.00	78.47	79.90	75.74	78.03	79.70	1.77632073944	25
12995	12995	93537	93537	76.22	78.28	80.15	74.88	77.35	79.05	76.08	78.45	79.95	75.72	78.03	79.72	1.7770793915	25
13020	13020	93512	93512	76.35	78.53	80.17	74.97	77.42	79.08	76.28	78.42	79.97	75.87	78.12	79.74	1.78335846425	25
13045	13045	93487	93487	76.42	78.50	80.15	75.00	77.50	78.95	76.28	78.42	79.95	75.90	78.14	79.68	1.77824610612	25
13070	13070	93462	93462	76.30	78.53	80.03	74.85	77.65	78.95	76.45	78.28	80.15	75.87	78.15	79.71	1.77611271731	25
13095	13095	93437	93437	76.35	78.72	80.17	74.95	77.55	78.92	76.42	78.20	80.17	75.91	78.16	79.76	1.77791537183	25
13120	13120	93412	93412	76.33	78.83	80.33	75.10	77.50	79.08	76.58	78.35	80.25	76.00	78.22	79.88	1.78014112631	25
13145	13145	93387	93387	76.45	78.85	80.33	75.15	77.55	79.05	76.62	78.38	80.28	76.08	78.26	79.88	1.77704589935	25
13170	13170	93362	93362	76.45	78.90	80.22	75.28	77.55	79.10	76.65	78.45	80.33	76.12	78.30	79.88	1.77742681	25
13195	13195	93337	93337	76.38	79.05	80.17	75.33	77.62	79.10	76.70	78.55	80.35	76.13	78.41	79.88	1.78168762569	25
13220	13220	93312	93312	76.42	78.83	80.15	75.35	77.50	78.90	76.67	78.58	80.40	76.15	78.30	79.82	1.78056574903	25
13245	13245	93287	93287	76.53	78.88	80.22	75.25	77.50	79.00	76.70	78.53	80.42	76.16	78.30	79.88	1.78034489098	25
13270	13270	93262	93262	76.40	78.83	80.05	75.38	77.38	78.97	76.83	78.62	80.42	76.20	78.28	79.82	1.77900929617	25
13295	13295	93237	93237	76.35	78.90	80.03	75.33	77.28	79.03	76.90	78.80	80.45	76.19	78.33	79.83	1.77974601621	25
13320	13320	93212	93212	76.30	78.78	80.05	75.20	77.12	79.00	76.72	78.70	80.45	76.08	78.20	79.83	1.77950623702	25
13345	13345	93187	93187	76.35	78.55	80.08	75.22	77.03	78.83	76.75	78.65	80.30	76.11	78.08	79.73	1.77626088441	25
13370	13370	93162	93162	76.28	78.53	79.90	75.20	77.20	78.60	76.67	78.50	80.38	76.05	78.08	79.62	1.77486976719	25
13395	13395	93137	93137	76.45	78.75	79.90	75.17	77.30	78.50	76.85	78.38	80.22	76.16	78.14	79.54	1.77558727846	25
13420	13420	93112	93112	76.47	78.97	79.90	75.05	77.28	78.60	76.88	78.38	80.25	76.13	78.21	79.58	1.77166706826	25
13445	13445	93087	93087	76.40	78.83	79.97	74.97	77.40	78.58	76.88	78.28	80.15	76.08	78.17	79.57	1.7716982	25
13470	13470	93062	93062	76.53	78.80	79.95	75.00	77.20	78.50	76.85	78.15	80.17	76.12	78.05	79.54	1.77028051828	25
13495	13495	93037	93037	76.33	78.78	79.92	74.95	77.15	78.50	76.67	78.30	80.12	75.98	78.08	79.52	1.7696597894	25
13520	13520	93012	93012	76.47	78.75	79.90	74.88	77.22	78.60	76.85	78.22	80.17	76.07	78.07	79.56	1.77153150966	25
13545	13545	92987	92987	76.40	78.70	79.95	75.03	77.33	78.50	76.62	78.05	80.15	76.02	78.03	79.53	1.77283610997	25
13570	13570	92962	92962	76.58	78.83	79.92	74.90	77.03	78.47	76.65	78.22	80.05	76.04	78.03	79.48	1.77194291176	25
13595	13595	92937	92937	76.55	78.75	79.75	74.97	76.88	78.45	76.62	78.30	79.88	76.05	77.97	79.36	1.77328305019	25
13620	13620	92912	92912	76.45	78.62	79.80	74.95	76.80	78.33	76.62	78.15	79.88	76.01	77.86	79.33	1.77403956934	25
13645	13645	92887	92887	76.42	78.65	79.97	74.85	76.85	78.33	76.58	78.25	79.80	75.95	77.92	79.37	1.77803129171	25
13670	13670	92862	92862	76.35	78.58	80.12	74.75	76.80	78.40	76.80	78.10	79.70	75.97	77.83	79.41	1.78068943767	25
13695	13695	92837	92837	76.38	78.58	80.05	74.72	76.83	78.25	76.72	78.08	79.83	75.94	77.83	79.38	1.77827069629	25
13720	13720	92812	92812	76.40	78.55	80.20	74.67	76.95	78.17	76.83	77.92	79.70	75.97	77.81	79.36	1.78094552489	25
13745	13745	92787	92787	76.45	78.50	80.12	74.65	76.70	78.12	77.05	77.92	79.58	76.05	77.71	79.28	1.7802125192	25
13770	13770	92762	92762	76.25	78.42	80.03	74.60	76.83	78.05	76.88	77.72	79.65	75.91	77.66	79.24	1.78112807438	25
13795	13795	92737	92737	76.22	78.22	79.97	74.67	76.78	78.05	76.95	77.53	79.60	75.95	77.51	79.21	1.78351314164	25
13820	13820	92712	92712	76.22	78.20	80.03	74.50	76.38	77.95	77.03	77.47	79.55	75.92	77.35	79.17	1.78589182552	25
13845	13845	92687	92687	76.22	78.08	79.95	74.58	76.12	77.92	76.90	77.47	79.47	75.90	77.22	79.12	1.78498647877	25
13870	13870	92662	92662	76.28	77.95	79.97	74.80	75.92	77.88	76.90	77.40	79.50	75.99	77.09	79.12	1.7790861417	25
13895	13895	92637	92637	76.25	77.95	79.85	74.65	75.70	77.83	77.03	77.20	79.40	75.97	76.95	79.03	1.78350530726	25
13920	13920	92612	92612	76.30	77.80	79.83	74.45	75.62	77.62	77.17	77.17	79.38	75.97	76.87	78.94	1.78771546264	25
13945	13945	92587	92587	76.30	77.58	79.72	74.58	75.62	77.42	77.12	77.08	79.33	76.00	76.76	78.83	1.7933616858	25
13970	13970	92562	92562	76.25	77.50	79.70	74.50	75.50	77.28	76.90	76.95	79.35	75.88	76.65	78.78	1.78900929758	25
13995	13995	92537	92537	76.28	77.45	79.47	74.45	75.33	77.17	77.05	76.83	79.30	75.92	76.53	78.65	1.78592319445	25
14020	14020	92512	92512	76.12	77.40	79.53	74.40	75.28	76.95	76.97	76.90	79.25	75.83	76.53	78.58	1.78439305379	25
14045	14045	92487	92487	76.17	77.30	79.58	74.45	75.30	76.95	77.05	76.88	79.10	75.89	76.49	78.54	1.78602467693	25
14070	14070	92462	92462	76.30	77.28	79.58	74.45	75.25	76.92	76.80	76.90	79.03	75.85	76.47	78.51	1.78731483562	25
14095	14095	92437	92437	76.33	77.17	79.30	74.38	75.22	76.88	76.92	76.80	79.08	75.88	76.40	78.42	1.78888572832	25
14120	14120	92412	92412	76.38	77.03	79.20	74.40	75.22	76.90	76.88	76.67	78.97	75.88	76.31	78.36	1.79463105595	25
14145	14145	92387	92387	76.33	76.78	79.22	74.28	75.15	76.75	76.72	76.58	78.90	75.78	76.17	78.29	1.79709575092	25
14170	14170	92362	92362	76.38	76.80	79.12	74.17	75.05	76.55	76.70	76.75	78.85	75.75	76.20	78.17	1.79797385651	25
14195	14195	92337	92337	76.25	76.80	78.95	74.28	74.92	76.53	76.72	76.62	78.80	75.75	76.12	78.09	1.79159925423	25
14220	14220	92312	92312	76.28	76.72	79.05	74.25	74.88	76.58	76.72	76.65	78.75	75.75	76.08	78.12	1.79414251521	25
14245	14245	92287	92287	76.15	76.80	79.03	74.00	74.85	76.47	76.58	76.58	78.58	75.58	76.08	78.03	1.7960334623	25
14270	14270	92262	92262	76.08	76.62	78.88	74.08	74.85	76.50	76.42	76.58	78.55	75.53	76.02	77.97	1.79554552322	25
14295	14295	92237	92237	75.92	76.62	78.88	74.15	74.85	76.58	76.22	76.50	78.53	75.43	75.99	77.99	1.79235148083	25
14320	14320	92212	92212	76.12	76.47	78.90	74.05	74.72	76.65	76.47	76.58	78.50	75.55	75.92	78.02	1.79260145459	25
14345	14345	92187	92187	75.95	76.53	78.88	74.00	75.03	76.55	76.35	76.58	78.38	75.43	76.04	77.93	1.79391155778	25
14370	14370	92162	92162	76.03	76.53	78.83	73.85	74.75	76.40	76.28	76.58	78.25	75.38	75.95	77.83	1.7966742984	25
14395	14395	92137	92137	75.88	76.35	78.70	73.80	74.97	76.38	76.17	76.55	78.28	75.28	75.96	77.78	1.7968408868	25
14420	14420	92112	92112	75.92	76.28	78.70	73.95	74.80	76.28	76.10	76.47	78.28	75.33	75.85	77.75	1.79667306899	25
14445	14445	92087	92087	75.80	76.08	78.62	73.70	74.58	76.15	76.15	76.33	78.25	75.22	75.66	77.67	1.79990503817	25
14470	14470	92062	92062	75.80	76.12	78.45	73.70	74.58	76.08	76.10	76.25	78.12	75.20	75.65	77.55	1.79609611602	25
14495	14495	92037	92037	75.78	76.08	78.47	73.55	74.58	75.95	76.00	76.15	78.00	75.11	75.60	77.47	1.79247064987	25
14520	14520	92012	92012	75.75	75.92	78.15	73.62	74.45	75.95	76.03	76.20	77.97	75.13	75.53	77.36	1.79535857768	25
14545	14545	91987	91987	75.67	75.88	78.17	73.65	74.28	75.95	75.95	76.17	77.92	75.09	75.44	77.35	1.79424651838	25
14570	14570	91962	91962	75.83	75.83	78.25	73.67	74.25	75.90	75.95	76.15	77.90	75.15	75.41	77.35	1.79291844366	25
14595	14595	91937	91937	75.80	75.80	78.20	73.80	74.20	75.90	75.83	76.12	77.88	75.14	75.38	77.33	1.7932735644	25
14620	14620	91912	91912	75.65	75.60	78.12	73.85	74.17	75.90	75.85	76.05	77.83	75.12	75.28	77.28	1.79512147606	25
14645	14645	91887	91887	75.70	75.65	78.17	73.78	74.08	75.72	75.72	75.75	77.80	75.07	75.16	77.23	1.79608294895	25
14670	14670	91862	91862	75.55	75.67	78.08	73.80	74.03	75.80	75.83	75.67	77.72	75.06	75.12	77.20	1.79400565016	25
14695	14695	91837	91837	75.47	75.75	78.00	73.60	74.12	75.83	75.83	75.55	77.70	74.97	75.14	77.17	1.79643886888	25
14720	14720	91812	91812	75.50	75.60	77.97	73.58	74.00	75.88	75.78	75.47	77.55	74.95	75.03	77.13	1.79735917732	25
14745	14745	91787	91787	75.55	75.53	77.95	73.53	73.88	75.75	75.88	75.53	77.55	74.98	74.97	77.08	1.80024717856	25
14770	14770	91762	91762	75.58	75.42	77.85	73.55	73.72	75.70	75.72	75.55	77.65	74.95	74.90	77.07	1.80001293103	25
14795	14795	91737	91737	75.38	75.35	77.75	73.42	73.78	75.58	75.83	75.38	77.53	74.88	74.83	76.95	1.79980157142	25
14820	14820	91712	91712	75.08	75.25	77.67	73.45	73.67	75.30	75.70	75.50	77.60	74.74	74.81	76.86	1.7977509352	25
14845	14845	91687	91687	74.97	75.20	77.53	73.42	73.60	75.35	75.70	75.28	77.42	74.70	74.69	76.77	1.80462750117	25
14870	14870	91662	91662	75.03	75.22	77.35	73.50	73.62	75.28	75.65	75.38	77.38	74.72	74.74	76.67	1.80125130163	25
14895	14895	91637	91637	74.92	75.12	77.22	73.42	73.78	75.20	75.62	75.28	77.30	74.66	74.72	76.58	1.80191681664	25
14920	14920	91612	91612	74.83	75.05	77.10	73.28	73.65	75.10	75.58	75.25	77.22	74.56	74.65	76.47	1.80222995603	25
14945	14945	91587	91587	74.88	74.90	76.92	73.25	73.42	75.08	75.65	75.12	77.08	74.59	74.48	76.36	1.8040185764	25
14970	14970	91562	91562	74.60	74.95	76.85	73.20	73.45	75.05	75.55	75.08	76.90	74.45	74.49	76.27	1.80610912384	25
14995	14995	91537	91537	74.65	74.88	76.92	73.12	73.38	75.00	75.35	75.08	76.85	74.38	74.44	76.26	1.80790027635	25
15020	15020	91512	91512	74.65	74.80	76.90	73.10	73.17	75.08	75.17	75.00	76.72	74.31	74.33	76.23	1.80823042793	25
15045	15045	91487	91487	74.60	74.78	76.75	73.03	73.33	75.00	75.05	75.08	76.75	74.22	74.39	76.17	1.80737323123	25
15070	15070	91462	91462	74.58	74.72	76.67	73.03	73.20	75.00	75.10	74.95	76.80	74.23	74.29	76.16	1.80631958086	25
15095	15095	91437	91437	74.50	74.78	76.58	72.90	73.10	74.97	75.17	74.85	76.78	74.19	74.24	76.11	1.8042282032	25
15120	15120	91412	91412	74.40	74.72	76.42	72.78	73.00	74.78	75.03	74.78	76.65	74.07	74.17	75.95	1.80496733338	25
15145	15145	91387	91387	74.58	74.55	76.33	72.80	72.97	74.78	75.05	74.78	76.58	74.14	74.10	75.89	1.80602550545	25
15170	15170	91362	91362	74.50	74.58	76.30	72.80	72.88	74.75	74.95	74.70	76.55	74.08	74.05	75.87	1.80733511392	25
15195	15195	91337	91337	74.47	74.50	76.33	72.70	73.05	74.75	74.90	74.78	76.55	74.03	74.11	75.88	1.80681390483	25
15220	15220	91312	91312	74.60	74.35	76.15	72.70	72.88	74.65	74.92	74.75	76.53	74.08	73.99	75.78	1.80535692259	25
15245	15245	91287	91287	74.53	74.38	76.12	72.62	72.90	74.58	74.97	74.85	76.53	74.04	74.04	75.74	1.80643771709	25
15270	15270	91262	91262	74.50	74.30	76.17	72.62	72.83	74.72	74.92	74.72	76.55	74.02	73.95	75.82	1.80451678657	25
15295	15295	91237	91237	74.38	74.25	75.95	72.53	72.72	74.53	74.75	74.72	76.42	73.88	73.90	75.63	1.80727708127	25
15320	15320	91212	91212	74.25	74.25	75.92	72.38	72.62	74.45	74.80	74.62	76.33	73.81	73.83	75.57	1.80651522892	25
15345	15345	91187	91187	74.28	74.12	75.97	72.42	72.53	74.50	74.75	74.58	76.22	73.82	73.74	75.57	1.80688087941	25
15370	15370	91162	91162	74.12	74.25	75.83	72.47	72.53	74.40	74.70	74.47	76.17	73.77	73.75	75.47	1.80764058923	25
15395	15395	91137	91137	73.97	74.20	75.83	72.38	72.40	74.33	74.60	74.42	76.12	73.65	73.67	75.42	1.80944746719	25
15420	15420	91112	91112	73.88	74.17	75.78	72.40	72.50	74.38	74.53	74.35	76.05	73.60	73.67	75.40	1.80700057931	25
15445	15445	91087	91087	73.70	74.20	75.80	72.33	72.47	74.17	74.53	74.22	76.08	73.52	73.63	75.35	1.80795093979	25
15470	15470	91062	91062	73.72	74.03	75.85	72.33	72.47	74.15	74.45	74.22	75.97	73.50	73.58	75.33	1.80888853788	25
15495	15495	91037	91037	73.70	73.90	75.85	72.30	72.35	74.10	74.42	74.28	76.00	73.47	73.51	75.32	1.80898525663	25
15520	15520	91012	91012	73.60	73.92	75.70	72.28	72.28	74.10	74.50	74.12	76.05	73.46	73.44	75.28	1.80939399857	25
15545	15545	90987	90987	73.42	74.00	75.65	72.25	72.38	74.08	74.42	74.10	75.90	73.37	73.49	75.21	1.80966466829	25
15570	15570	90962	90962	73.60	73.80	75.60	72.22	72.38	74.03	74.40	74.10	75.90	73.41	73.42	75.17	1.80994320658	25
15595	15595	90937	90937	73.55	73.85	75.60	72.17	72.28	73.97	74.45	74.12	75.72	73.39	73.42	75.10	1.80985035138	25
15620	15620	90912	90912	73.47	73.78	75.50	72.12	72.17	73.90	74.40	74.15	75.67	73.33	73.37	75.03	1.81005403608	25
15645	15645	90887	90887	73.42	73.67	75.47	72.10	72.22	73.92	74.38	74.12	75.60	73.30	73.34	75.00	1.8096979858	25
15670	15670	90862	90862	73.38	73.70	75.38	72.10	72.22	74.03	74.33	74.05	75.65	73.27	73.33	75.02	1.81020884545	25
15695	15695	90837	90837	73.45	73.65	75.28	72.15	72.17	74.03	74.38	73.97	75.75	73.33	73.27	75.02	1.81338784023	25
15720	15720	90812	90812	73.40	73.50	75.20	72.20	72.10	73.97	74.22	73.97	75.62	73.28	73.19	74.93	1.81167617291	25
15745	15745	90787	90787	73.30	73.45	75.17	72.17	72.10	73.80	74.22	73.90	75.53	73.23	73.15	74.83	1.81346738026	25
15770	15770	90762	90762	73.30	73.40	75.03	72.00	72.00	73.85	74.05	73.83	75.45	73.12	73.08	74.78	1.81288720621	25
15795	15795	90737	90737	73.35	73.38	75.03	71.90	71.97	73.78	74.00	73.70	75.35	73.08	73.02	74.72	1.81194921992	25
15820	15820	90712	90712	73.35	73.47	75.10	71.88	71.95	73.67	73.90	73.72	75.42	73.04	73.05	74.73	1.81339795612	25
15845	15845	90687	90687	73.28	73.45	75.10	71.92	71.95	73.60	73.88	73.80	75.25	73.03	73.07	74.65	1.81447755487	25
15870	15870	90662	90662	73.12	73.53	75.10	71.90	71.92	73.60	73.80	73.88	75.22	72.94	73.11	74.64	1.81411830278	25
15895	15895	90637	90637	73.17	73.47	75.10	71.85	71.83	73.53	73.85	73.83	75.28	72.96	73.04	74.63	1.81478679633	25
15920	15920	90612	90612	73.17	73.45	75.05	71.88	71.88	73.55	73.78	73.85	75.22	72.94	73.06	74.61	1.81595312499	25
15945	15945	90587	90587	73.08	73.42	75.12	71.75	71.83	73.38	73.67	73.80	75.15	72.83	73.02	74.55	1.81511359162	25
15970	15970	90562	90562	73.03	73.25	75.10	71.65	71.72	73.28	73.75	73.72	75.20	72.81	72.90	74.53	1.81486656594	25
15995	15995	90537	90537	73.08	73.28	74.90	71.78	71.65	73.30	73.55	73.72	75.15	72.80	72.88	74.45	1.81499689684	25
16020	16020	90512	90512	73.00	73.30	74.88	71.80	71.75	73.17	73.58	73.50	75.03	72.79	72.85	74.36	1.81517099814	25
16045	16045	90487	90487	72.88	73.15	74.85	71.85	71.67	73.08	73.47	73.50	75.08	72.73	72.78	74.33	1.8157123888	25
16070	16070	90462	90462	72.88	72.97	74.80	71.75	71.67	73.05	73.38	73.55	74.97	72.67	72.73	74.28	1.81602702996	25
16095	16095	90437	90437	72.88	72.95	74.60	71.62	71.72	73.05	73.35	73.45	75.03	72.62	72.71	74.22	1.81643027421	25
16120	16120	90412	90412	72.95	72.85	74.55	71.60	71.65	72.90	73.25	73.30	74.95	72.60	72.60	74.13	1.81641757364	25
16145	16145	90387	90387	72.78	72.78	74.58	71.35	71.47	72.95	72.92	73.40	74.80	72.35	72.55	74.11	1.81594247396	25
16170	16170	90362	90362	72.60	72.70	74.45	71.45	71.55	72.90	73.00	73.38	74.75	72.35	72.54	74.03	1.81735166548	25
16195	16195	90337	90337	72.50	72.75	74.30	71.42	71.58	72.92	72.92	73.25	74.60	72.28	72.53	73.94	1.81801844319	25
16220	16220	90312	90312	72.40	72.72	74.12	71.40	71.40	72.85	72.90	73.22	74.53	72.23	72.45	73.83	1.81957574523	25
16245	16245	90287	90287	72.35	72.65	74.17	71.35	71.28	72.85	72.83	73.22	74.38	72.17	72.38	73.80	1.82085983808	25
16270	16270	90262	90262	72.35	72.65	74.22	71.25	71.22	72.70	72.83	73.25	74.50	72.14	72.38	73.81	1.82201663199	25
16295	16295	90237	90237	72.38	72.70	74.25	71.25	71.22	72.60	72.85	73.17	74.45	72.16	72.37	73.77	1.82294387244	25
16320	16320	90212	90212	72.33	72.65	74.15	71.05	71.28	72.42	72.72	73.22	74.33	72.03	72.38	73.63	1.82438971875	25
16345	16345	90187	90187	72.28	72.65	74.25	71.10	71.12	72.50	72.62	73.17	74.22	72.00	72.32	73.66	1.82407248815	25
16370	16370	90162	90162	72.17	72.72	74.05	71.03	71.10	72.35	72.53	73.22	74.22	71.91	72.35	73.54	1.82464147284	25
16395	16395	90137	90137	72.03	72.62	74.10	70.95	70.95	72.28	72.50	73.12	74.10	71.83	72.23	73.49	1.82468493181	25
16420	16420	90112	90112	72.10	72.67	74.05	71.08	70.97	72.30	72.40	73.12	74.00	71.86	72.26	73.45	1.82362316196	25
16445	16445	90087	90087	72.08	72.47	73.95	71.08	70.90	72.33	72.38	73.17	73.95	71.84	72.18	73.41	1.8234756823	25
16470	16470	90062	90062	71.90	72.45	73.92	71.05	70.92	72.22	72.30	73.05	73.83	71.75	72.14	73.33	1.8227507763	25
16495	16495	90037	90037	71.92	72.42	73.92	71.00	70.83	72.25	72.25	73.03	73.78	71.72	72.09	73.32	1.82295503143	25
16520	16520	90012	90012	71.95	72.45	73.72	70.88	70.75	72.25	72.28	73.15	73.70	71.70	72.12	73.22	1.82358473559	25
16545	16545	89987	89987	71.85	72.40	73.65	70.78	70.78	72.12	72.45	73.10	73.75	71.69	72.09	73.17	1.82419788812	25
16570	16570	89962	89962	71.72	72.28	73.55	70.88	70.70	72.17	72.28	72.95	73.70	71.62	71.97	73.14	1.82500447176	25
16595	16595	89937	89937	71.80	72.12	73.42	70.83	70.67	72.12	72.33	73.03	73.80	71.65	71.94	73.12	1.82581779916	25
16620	16620	89912	89912	71.90	72.08	73.40	70.83	70.58	72.08	72.22	73.08	73.60	71.65	71.91	73.03	1.82578464168	25
16645	16645	89887	89887	71.78	72.05	73.45	70.78	70.53	72.10	72.20	73.05	73.70	71.58	71.88	73.08	1.82538764549	25
16670	16670	89862	89862	71.88	72.00	73.40	70.78	70.50	72.15	72.15	72.95	73.85	71.60	71.82	73.13	1.82602950114	25
16695	16695	89837	89837	71.78	71.97	73.28	70.78	70.53	71.97	72.17	72.90	73.78	71.58	71.80	73.01	1.82814165492	25
16720	16720	89812	89812	71.78	71.95	73.25	70.65	70.50	71.88	72.12	72.80	73.75	71.52	71.75	72.96	1.82835689765	25
16745	16745	89787	89787	71.72	71.92	73.28	70.72	70.47	71.85	71.97	72.85	73.75	71.47	71.75	72.96	1.82791382794	25
16770	16770	89762	89762	71.72	71.85	73.22	70.67	70.28	71.85	71.97	72.83	73.78	71.46	71.65	72.95	1.82674694677	25
16795	16795	89737	89737	71.78	71.88	73.28	70.65	70.30	71.90	71.92	72.75	73.60	71.45	71.64	72.92	1.8284635695	25
16820	16820	89712	89712	71.83	71.90	73.12	70.60	70.22	71.70	72.03	72.70	73.55	71.48	71.61	72.79	1.8288948984	25
16845	16845	89687	89687	71.80	71.80	73.10	70.55	70.20	71.72	71.97	72.67	73.47	71.44	71.56	72.77	1.82835073186	25
16870	16870	89662	89662	71.80	71.75	73.17	70.45	70.25	71.75	71.88	72.67	73.58	71.38	71.56	72.83	1.83113688878	25
16895	16895	89637	89637	71.88	71.80	73.17	70.55	70.03	71.70	72.00	72.67	73.58	71.47	71.50	72.82	1.82961323249	25
16920	16920	89612	89612	71.80	71.72	73.10	70.45	70.08	71.72	71.85	72.72	73.42	71.37	71.51	72.75	1.82999940421	25
16945	16945	89587	89587	71.70	71.62	73.10	70.40	70.15	71.70	71.75	72.75	73.35	71.28	71.51	72.72	1.82925210143	25
16970	16970	89562	89562	71.65	71.60	73.00	70.45	70.22	71.55	71.75	72.70	73.25	71.28	71.51	72.60	1.82833255026	25
16995	16995	89537	89537	71.53	71.60	73.00	70.30	70.05	71.60	71.65	72.62	73.28	71.16	71.42	72.62	1.82892254048	25
17020	17020	89512	89512	71.47	71.78	73.00	70.28	70.05	71.47	71.62	72.67	73.22	71.12	71.50	72.57	1.830038775	25
17045	17045	89487	89487	71.53	71.70	72.97	70.20	70.03	71.47	71.60	72.55	73.22	71.11	71.42	72.56	1.82965710603	25
17070	17070	89462	89462	71.53	71.70	73.00	70.25	70.10	71.50	71.62	72.58	73.28	71.13	71.46	72.59	1.8296934628	25
17095	17095	89437	89437	71.50	71.67	72.92	70.08	69.97	71.45	71.58	72.60	73.33	71.05	71.42	72.57	1.8293275822	25
17120	17120	89412	89412	71.53	71.67	72.97	70.10	70.03	71.45	71.55	72.50	73.25	71.06	71.40	72.56	1.83020879497	25
17145	17145	89387	89387	71.53	71.55	72.97	70.05	70.00	71.50	71.47	72.45	73.20	71.02	71.33	72.56	1.83108501589	25
17170	17170	89362	89362	71.50	71.50	72.90	69.95	69.90	71.33	71.45	72.35	73.10	70.97	71.25	72.44	1.83187393314	25
17195	17195	89337	89337	71.45	71.55	72.90	70.00	69.92	71.30	71.55	72.28	73.05	71.00	71.25	72.42	1.83265436427	25
17220	17220	89312	89312	71.45	71.47	72.85	70.08	69.85	71.28	71.38	72.30	72.92	70.97	71.21	72.35	1.83358153694	25
17245	17245	89287	89287	71.50	71.42	72.83	70.00	69.72	71.17	71.38	72.28	72.88	70.96	71.14	72.29	1.83196983184	25
17270	17270	89262	89262	71.28	71.45	72.75	69.92	69.78	71.05	71.38	72.25	72.78	70.86	71.16	72.19	1.83081811061	25
17295	17295	89237	89237	71.33	71.50	72.72	69.83	69.78	71.08	71.38	72.17	72.80	70.84	71.15	72.20	1.83147986171	25
17320	17320	89212	89212	71.25	71.53	72.72	69.78	69.75	71.05	71.30	72.22	72.80	70.78	71.17	72.19	1.83272364695	25
17345	17345	89187	89187	71.35	71.55	72.58	69.55	69.78	70.92	71.25	72.10	72.67	70.72	71.14	72.06	1.83195851274	25
17370	17370	89162	89162	71.25	71.47	72.62	69.58	69.75	70.85	71.20	72.17	72.60	70.67	71.13	72.03	1.83122811169	25
17395	17395	89137	89137	71.20	71.35	72.62	69.55	69.70	70.72	71.28	72.12	72.65	70.67	71.06	72.00	1.83055003251	25
17420	17420	89112	89112	71.10	71.30	72.53	69.50	69.72	70.62	71.25	72.10	72.58	70.62	71.04	71.91	1.82933564725	25
17445	17445	89087	89087	71.03	71.25	72.42	69.50	69.78	70.55	71.15	72.15	72.53	70.56	71.06	71.83	1.83022781192	25
17470	17470	89062	89062	70.95	71.28	72.33	69.40	69.75	70.47	71.05	71.97	72.58	70.47	71.00	71.79	1.8332874919	25
17495	17495	89037	89037	70.92	71.20	72.35	69.38	69.75	70.50	71.05	72.05	72.50	70.45	71.00	71.78	1.83230227693	25
17520	17520	89012	89012	70.97	71.17	72.38	69.38	69.67	70.50	71.05	72.05	72.47	70.47	70.97	71.78	1.83346286442	25
17545	17545	88987	88987	70.92	71.15	72.30	69.28	69.62	70.50	70.83	71.97	72.47	70.34	70.92	71.76	1.83497983562	25
17570	17570	88962	88962	70.97	71.05	72.33	69.28	69.62	70.58	70.97	71.92	72.55	70.41	70.87	71.82	1.83330908479	25
17595	17595	88937	88937	70.85	70.92	72.20	69.28	69.67	70.58	70.95	71.90	72.47	70.36	70.83	71.75	1.83324148253	25
17620	17620	88912	88912	70.75	70.92	72.15	69.20	69.62	70.47	70.83	71.88	72.42	70.26	70.81	71.68	1.83487579219	25
17645	17645	88887	88887	70.70	70.95	72.15	69.22	69.45	70.38	70.85	71.90	72.42	70.26	70.77	71.65	1.83424767	25
17670	17670	88862	88862	70.62	70.90	72.05	69.22	69.42	70.38	70.75	71.78	72.28	70.20	70.70	71.57	1.8354199117	25
17695	17695	88837	88837	70.62	70.90	72.08	69.20	69.30	70.35	70.67	71.85	72.20	70.17	70.68	71.54	1.83655642602	25
17720	17720	88812	88812	70.47	70.95	71.95	69.25	69.28	70.35	70.60	71.75	72.33	70.11	70.66	71.54	1.83506575464	25
17745	17745	88787	88787	70.42	70.92	71.95	69.25	69.22	70.35	70.55	71.70	72.28	70.08	70.62	71.53	1.83579283253	25
17770	17770	88762	88762	70.35	70.80	71.90	69.20	69.22	70.28	70.47	71.58	72.20	70.01	70.53	71.46	1.83498042465	25
17795	17795	88737	88737	70.33	70.75	71.83	69.25	69.22	70.10	70.53	71.53	72.10	70.03	70.50	71.34	1.83571825359	25
17820	17820	88712	88712	70.33	70.70	71.88	69.22	69.22	70.08	70.42	71.47	72.05	69.99	70.47	71.33	1.83551771742	25
17845	17845	88687	88687	70.25	70.58	71.88	69.15	69.12	69.97	70.45	71.47	71.90	69.95	70.39	71.25	1.83560802789	25
17870	17870	88662	88662	70.30	70.58	71.80	69.17	69.00	69.88	70.35	71.53	71.97	69.94	70.37	71.22	1.83509180434	25
17895	17895	88637	88637	70.28	70.62	71.67	69.10	68.95	69.90	70.33	71.50	72.00	69.90	70.36	71.19	1.83562377849	25
17920	17920	88612	88612	70.12	70.58	71.58	68.97	68.97	69.70	70.20	71.33	72.03	69.77	70.29	71.10	1.83597379981	25
17945	17945	88587	88587	70.00	70.45	71.60	68.95	68.83	69.65	70.20	71.35	71.97	69.72	70.21	71.08	1.83711799594	25
17970	17970	88562	88562	69.95	70.47	71.45	68.92	68.88	69.55	70.28	71.25	71.88	69.72	70.20	70.96	1.83817850228	25
17995	17995	88537	88537	69.90	70.47	71.50	68.83	68.83	69.50	70.25	71.20	71.80	69.66	70.17	70.93	1.83737363914	25
18020	18020	88512	88512	69.75	70.45	71.45	68.83	68.88	69.47	70.30	71.20	71.78	69.62	70.17	70.90	1.83761512442	25
18045	18045	88487	88487	69.90	70.38	71.42	68.88	68.78	69.38	70.22	71.17	71.75	69.67	70.11	70.85	1.83826243684	25
18070	18070	88462	88462	69.85	70.33	71.33	68.78	68.78	69.33	70.22	71.25	71.70	69.62	70.12	70.78	1.83917682649	25
18095	18095	88437	88437	69.88	70.40	71.22	68.80	68.58	69.22	70.12	70.95	71.67	69.60	69.97	70.71	1.8392662807	25
18120	18120	88412	88412	69.83	70.38	71.17	68.78	68.55	69.22	70.22	70.97	71.67	69.61	69.97	70.69	1.8400063732	25
18145	18145	88387	88387	69.58	70.10	71.17	68.72	68.42	69.22	70.30	70.92	71.65	69.53	69.82	70.68	1.84074818209	25
18170	18170	88362	88362	69.50	70.10	71.10	68.58	68.40	69.10	70.20	70.80	71.62	69.42	69.77	70.61	1.84000442856	25
18195	18195	88337	88337	69.40	69.97	70.95	68.60	68.40	68.97	70.10	70.72	71.60	69.37	69.70	70.51	1.84196351031	25
18220	18220	88312	88312	69.30	70.05	70.88	68.62	68.28	68.90	70.15	70.67	71.47	69.36	69.67	70.42	1.84092043512	25
18245	18245	88287	88287	69.17	69.95	70.80	68.67	68.22	68.92	70.15	70.67	71.40	69.33	69.62	70.38	1.84177008796	25
18270	18270	88262	88262	69.17	69.88	70.70	68.60	68.15	68.90	70.22	70.72	71.33	69.33	69.58	70.31	1.84101579405	25
18295	18295	88237	88237	69.15	69.83	70.67	68.62	68.17	68.85	70.20	70.65	71.20	69.33	69.55	70.24	1.84166434609	25
18320	18320	88212	88212	69.10	69.80	70.50	68.58	68.10	68.72	70.15	70.53	71.20	69.28	69.47	70.14	1.84229761375	25
18345	18345	88187	88187	69.08	69.75	70.47	68.58	68.08	68.67	70.20	70.42	71.17	69.28	69.42	70.11	1.84191132376	25
18370	18370	88162	88162	68.92	69.78	70.45	68.50	68.10	68.70	70.15	70.45	71.15	69.19	69.44	70.10	1.84208797314	25
18395	18395	88137	88137	69.00	69.67	70.42	68.35	68.05	68.67	70.03	70.38	71.03	69.12	69.37	70.04	1.84085578841	25
18420	18420	88112	88112	68.97	69.67	70.38	68.28	67.97	68.70	70.00	70.40	71.10	69.08	69.35	70.06	1.84069399726	25
18445	18445	88087	88087	68.88	69.58	70.38	68.17	67.97	68.62	70.10	70.45	71.03	69.05	69.33	70.01	1.84072715882	25
18470	18470	88062	88062	68.85	69.35	70.33	68.25	67.85	68.62	70.08	70.38	70.95	69.06	69.19	69.97	1.84091966013	25
18495	18495	88037	88037	68.83	69.33	70.20	68.20	67.70	68.53	69.83	70.33	71.00	68.95	69.12	69.91	1.84101526315	25
18520	18520	88012	88012	68.65	69.38	70.17	68.10	67.75	68.53	69.92	70.38	70.95	68.89	69.17	69.88	1.84050309789	25
18545	18545	87987	87987	68.50	69.40	70.05	68.03	67.75	68.45	69.92	70.35	70.83	68.82	69.17	69.78	1.84019421049	25
18570	18570	87962	87962	68.55	69.35	69.97	68.00	67.75	68.38	69.92	70.33	70.80	68.83	69.14	69.72	1.84083215348	25
18595	18595	87937	87937	68.55	69.30	69.90	67.92	67.70	68.30	69.83	70.20	70.75	68.77	69.07	69.65	1.84199794099	25
18620	18620	87912	87912	68.58	69.30	69.80	67.97	67.67	68.22	69.75	70.20	70.67	68.77	69.06	69.57	1.84204190825	25
18645	18645	87887	87887	68.53	69.17	69.78	67.97	67.55	68.15	69.72	70.20	70.67	68.74	68.97	69.53	1.8423395429	25
18670	18670	87862	87862	68.45	69.22	69.83	67.97	67.55	68.08	69.70	70.08	70.53	68.71	68.95	69.47	1.8417808872	25
18695	18695	87837	87837	68.38	69.15	69.70	67.95	67.45	68.05	69.62	70.00	70.40	68.65	68.87	69.38	1.84129308222	25
18720	18720	87812	87812	68.40	69.10	69.53	67.92	67.45	68.03	69.53	69.97	70.45	68.62	68.84	69.33	1.84190884281	25
18745	18745	87787	87787	68.35	69.03	69.55	67.88	67.40	68.05	69.58	69.97	70.38	68.60	68.80	69.33	1.84206932293	25
18770	18770	87762	87762	68.40	69.00	69.45	67.88	67.33	67.95	69.62	69.88	70.33	68.63	68.73	69.24	1.84199182532	25
18795	18795	87737	87737	68.40	69.00	69.38	67.78	67.33	67.90	69.62	69.85	70.25	68.60	68.72	69.17	1.84274956828	25
18820	18820	87712	87712	68.22	69.00	69.35	67.72	67.22	67.80	69.65	69.88	70.25	68.53	68.70	69.13	1.84237439244	25
18845	18845	87687	87687	68.25	68.95	69.38	67.70	67.28	67.85	69.60	69.78	70.25	68.52	68.67	69.16	1.84404602927	25
18870	18870	87662	87662	68.22	69.03	69.40	67.72	67.30	67.78	69.58	69.78	70.22	68.51	68.70	69.13	1.84570829035	25
18895	18895	87637	87637	68.33	68.95	69.28	67.72	67.15	67.75	69.50	69.67	70.15	68.52	68.59	69.06	1.84607990604	25
18920	18920	87612	87612	68.20	68.75	69.35	67.75	67.20	67.65	69.42	69.58	70.10	68.46	68.51	69.03	1.84619786984	25
18945	18945	87587	87587	68.17	68.72	69.25	67.65	67.17	67.60	69.38	69.45	70.00	68.40	68.45	68.95	1.84590004402	25
18970	18970	87562	87562	68.17	68.72	69.22	67.62	67.10	67.60	69.42	69.47	70.05	68.41	68.43	68.96	1.84673247817	25
18995	18995	87537	87537	68.12	68.50	69.08	67.55	67.12	67.62	69.35	69.50	70.00	68.34	68.38	68.90	1.84607370023	25
19020	19020	87512	87512	68.22	68.47	69.05	67.45	67.08	67.65	69.42	69.53	69.95	68.37	68.36	68.88	1.84524451885	25
19045	19045	87487	87487	68.20	68.47	69.08	67.38	67.12	67.53	69.35	69.53	69.90	68.31	68.38	68.83	1.84683719756	25
19070	19070	87462	87462	68.08	68.38	69.00	67.28	67.12	67.42	69.22	69.45	69.90	68.19	68.32	68.78	1.84679492869	25
19095	19095	87437	87437	68.00	68.30	68.90	67.30	67.10	67.42	69.28	69.35	69.83	68.19	68.25	68.72	1.84684488236	25
19120	19120	87412	87412	67.83	68.22	68.88	67.33	67.08	67.40	69.20	69.30	69.80	68.12	68.20	68.69	1.84618454824	25
19145	19145	87387	87387	67.80	67.97	68.88	67.22	67.05	67.45	69.15	69.15	69.75	68.06	68.06	68.69	1.84555201401	25
19170	19170	87362	87362	67.72	68.03	68.88	67.28	66.95	67.45	69.10	69.05	69.78	68.03	68.01	68.70	1.84591455791	25
19195	19195	87337	87337	67.65	68.08	68.85	67.12	66.95	67.40	69.00	69.00	69.67	67.92	68.01	68.64	1.84567157782	25
19220	19220	87312	87312	67.70	68.05	68.83	67.12	67.08	67.42	69.00	68.97	69.60	67.94	68.03	68.62	1.84551036475	25
19245	19245	87287	87287	67.62	67.97	68.83	67.20	67.05	67.40	69.00	68.95	69.47	67.94	67.99	68.57	1.84632371626	25
19270	19270	87262	87262	67.58	68.00	68.72	67.15	66.92	67.40	68.95	68.95	69.50	67.89	67.96	68.54	1.84576390635	25
19295	19295	87237	87237	67.50	68.05	68.80	67.05	66.97	67.38	68.92	68.90	69.53	67.83	67.97	68.57	1.84558081022	25
19320	19320	87212	87212	67.45	68.05	68.78	67.03	66.95	67.40	68.80	68.97	69.45	67.76	67.99	68.54	1.84570638711	25
19345	19345	87187	87187	67.47	68.05	68.75	67.00	66.92	67.42	68.83	68.92	69.47	67.77	67.97	68.55	1.84601818338	25
19370	19370	87162	87162	67.47	67.95	68.65	66.95	66.97	67.33	68.78	68.78	69.40	67.73	67.90	68.46	1.84504905201	25
19395	19395	87137	87137	67.50	68.03	68.55	66.90	66.95	67.30	68.75	68.80	69.42	67.72	67.92	68.42	1.84529896021	25
19420	19420	87112	87112	67.35	68.00	68.53	66.83	67.00	67.25	68.70	68.78	69.55	67.62	67.92	68.44	1.84395518938	25
19445	19445	87087	87087	67.33	67.97	68.53	66.85	66.92	67.25	68.65	68.67	69.45	67.61	67.86	68.41	1.84465255024	25
19470	19470	87062	87062	67.12	67.92	68.45	66.88	66.85	67.20	68.60	68.70	69.45	67.53	67.83	68.37	1.84451417228	25
19495	19495	87037	87037	67.25	68.03	68.45	66.85	66.95	67.20	68.47	68.58	69.45	67.53	67.85	68.37	1.84382660568	25
19520	19520	87012	87012	67.25	67.90	68.35	66.83	66.97	67.15	68.47	68.55	69.38	67.52	67.81	68.29	1.84403056423	25
19545	19545	86987	86987	67.28	67.85	68.35	66.67	67.08	67.10	68.50	68.53	69.28	67.48	67.82	68.24	1.843684604	25
19570	19570	86962	86962	67.12	67.85	68.25	66.67	67.10	67.08	68.45	68.55	69.28	67.42	67.83	68.20	1.84421755758	25
19595	19595	86937	86937	67.08	67.78	68.17	66.65	67.00	66.97	68.42	68.60	69.25	67.38	67.79	68.13	1.84435594974	25
19620	19620	86912	86912	67.08	67.75	68.30	66.67	66.92	66.97	68.45	68.53	69.20	67.40	67.73	68.16	1.8456547628	25
19645	19645	86887	86887	67.03	67.78	68.28	66.60	66.92	66.92	68.45	68.62	69.22	67.36	67.78	68.14	1.8456226184	25
19670	19670	86862	86862	66.90	67.65	68.35	66.45	66.83	66.88	68.28	68.55	69.12	67.21	67.67	68.12	1.84543181065	25
19695	19695	86837	86837	66.83	67.60	68.22	66.55	66.78	66.88	68.20	68.55	69.12	67.19	67.64	68.08	1.84535357039	25
19720	19720	86812	86812	66.85	67.58	68.15	66.47	66.75	66.92	68.25	68.58	69.12	67.19	67.63	68.07	1.84525153	25
19745	19745	86787	86787	66.88	67.47	68.10	66.55	66.72	66.80	68.17	68.55	69.10	67.20	67.58	68.00	1.84447764742	25
19770	19770	86762	86762	66.88	67.40	67.97	66.47	66.78	66.65	68.25	68.58	69.12	67.20	67.58	67.92	1.84576843574	25
19795	19795	86737	86737	66.83	67.38	67.95	66.45	66.72	66.65	68.15	68.53	69.08	67.14	67.54	67.89	1.84527509623	25
19820	19820	86712	86712	66.72	67.35	67.90	66.40	66.65	66.58	68.12	68.58	69.00	67.08	67.53	67.83	1.84570649381	25
19845	19845	86687	86687	66.83	67.30	67.90	66.35	66.58	66.53	68.17	68.42	68.97	67.12	67.43	67.80	1.84608055229	25
19870	19870	86662	86662	66.83	67.28	67.90	66.40	66.55	66.42	68.22	68.33	68.95	67.15	67.38	67.76	1.84611610223	25
19895	19895	86637	86637	66.83	67.28	67.83	66.22	66.50	66.35	68.15	68.25	68.88	67.07	67.34	67.68	1.84569531562	25
19920	19920	86612	86612	66.75	67.40	67.72	66.28	66.50	66.47	68.20	68.30	68.78	67.08	67.40	67.66	1.84660409071	25
19945	19945	86587	86587	66.65	67.35	67.62	66.22	66.45	66.42	68.15	68.20	68.70	67.01	67.33	67.58	1.84699580416	25
19970	19970	86562	86562	66.72	67.30	67.53	66.12	66.58	66.42	68.10	68.08	68.75	66.98	67.32	67.57	1.84691683466	25
19995	19995	86537	86537	66.70	67.25	67.55	65.97	66.53	66.33	67.97	68.03	68.67	66.88	67.27	67.52	1.84727764537	25
20020	20020	86512	86512	66.62	67.17	67.50	66.03	66.55	66.45	67.83	68.05	68.67	66.83	67.26	67.54	1.84760842445	25
20045	20045	86487	86487	66.65	67.05	67.30	66.00	66.55	66.45	67.90	67.92	68.72	66.85	67.17	67.49	1.84747573027	25
20070	20070	86462	86462	66.65	67.05	67.38	66.08	66.47	66.42	67.80	67.80	68.67	66.84	67.11	67.49	1.84833200151	25
20095	20095	86437	86437	66.58	67.05	67.30	66.05	66.45	66.33	67.83	67.72	68.60	66.82	67.08	67.41	1.84834616942	25
20120	20120	86412	86412	66.62	67.00	67.22	66.05	66.47	66.33	67.83	67.62	68.70	66.83	67.03	67.42	1.84896752369	25
20145	20145	86387	86387	66.55	66.95	67.12	66.00	66.45	66.33	67.75	67.60	68.62	66.77	67.00	67.36	1.84886480818	25
20170	20170	86362	86362	66.55	66.85	67.10	65.97	66.38	66.30	67.75	67.67	68.62	66.76	66.97	67.34	1.84814825925	25
20195	20195	86337	86337	66.47	66.80	67.03	66.00	66.42	66.25	67.65	67.50	68.47	66.71	66.91	67.25	1.84837632476	25
20220	20220	86312	86312	66.53	66.80	66.95	65.88	66.38	66.20	67.67	67.53	68.47	66.69	66.90	67.21	1.84837256745	25
20245	20245	86287	86287	66.42	66.78	66.95	65.80	66.38	66.25	67.65	67.53	68.47	66.62	66.89	67.22	1.84943014829	25
20270	20270	86262	86262	66.50	66.75	66.90	65.75	66.40	66.17	67.62	67.55	68.50	66.62	66.90	67.19	1.84909298141	25
20295	20295	86237	86237	66.35	66.75	66.88	65.70	66.33	66.10	67.58	67.53	68.47	66.54	66.87	67.15	1.84876643793	25
20320	20320	86212	86212	66.45	66.72	66.80	65.60	66.35	66.05	67.65	67.55	68.42	66.57	66.88	67.09	1.84979303657	25
20345	20345	86187	86187	66.47	66.70	66.67	65.72	66.35	66.08	67.65	67.60	68.45	66.62	66.88	67.07	1.8496267138	25
20370	20370	86162	86162	66.42	66.62	66.58	65.70	66.35	66.05	67.60	67.53	68.47	66.58	66.83	67.03	1.85015070618	25
20395	20395	86137	86137	66.38	66.70	66.55	65.58	66.28	65.97	67.60	67.45	68.47	66.52	66.81	67.00	1.85102730568	25
20420	20420	86112	86112	66.42	66.67	66.53	65.53	66.42	65.95	67.60	67.55	68.47	66.52	66.88	66.98	1.84997951041	25
20445	20445	86087	86087	66.35	66.67	66.45	65.50	66.35	65.92	67.60	67.60	68.40	66.48	66.88	66.92	1.84997912481	25
20470	20470	86062	86062	66.25	66.65	66.40	65.25	66.35	65.85	67.60	67.55	68.40	66.37	66.85	66.88	1.84906931891	25
20495	20495	86037	86037	66.25	66.60	66.42	65.25	66.35	65.78	67.70	67.35	68.30	66.40	66.77	66.83	1.85005445182	25
20520	20520	86012	86012	66.35	66.62	66.38	65.22	66.33	65.72	67.62	67.38	68.22	66.40	66.78	66.78	1.85072250468	25
20545	20545	85987	85987	66.25	66.47	66.33	65.20	66.33	65.72	67.53	67.42	68.15	66.33	66.74	66.73	1.85044019653	25
20570	20570	85962	85962	66.30	66.47	66.28	65.08	66.30	65.62	67.53	67.35	68.20	66.30	66.71	66.70	1.8499195453	25
20595	20595	85937	85937	66.38	66.47	66.30	65.03	66.25	65.65	67.40	67.40	68.10	66.27	66.71	66.68	1.84978983861	25
20620	20620	85912	85912	66.25	66.33	66.30	65.03	66.28	65.67	67.40	67.42	67.92	66.22	66.67	66.63	1.84946074856	25
20645	20645	85887	85887	66.20	66.30	66.35	64.95	66.28	65.62	67.35	67.40	67.95	66.17	66.66	66.64	1.84913001792	25
20670	20670	85862	85862	66.10	66.28	66.38	64.97	66.08	65.67	67.38	67.30	67.88	66.15	66.55	66.64	1.84915736163	25
20695	20695	85837	85837	66.22	66.38	66.28	64.90	66.12	65.67	67.40	67.38	67.88	66.17	66.62	66.61	1.84893870128	25
20720	20720	85812	85812	66.15	66.33	66.28	64.90	66.10	65.58	67.30	67.33	67.78	66.12	66.58	66.54	1.85044710188	25
20745	20745	85787	85787	66.15	66.30	66.25	64.95	66.10	65.65	67.28	67.38	67.80	66.12	66.59	66.57	1.84954280267	25
20770	20770	85762	85762	66.15	66.35	66.28	64.85	66.05	65.72	67.22	67.45	67.72	66.08	66.62	66.58	1.85016387428	25
20795	20795	85737	85737	66.08	66.28	66.28	64.78	66.15	65.72	67.17	67.33	67.78	66.01	66.58	66.59	1.85085978241	25
20820	20820	85712	85712	66.08	66.17	66.28	64.90	66.17	65.62	67.25	67.35	67.78	66.08	66.57	66.56	1.8516802016	25
20845	20845	85687	85687	66.03	66.25	66.25	64.85	66.03	65.60	67.22	67.30	67.70	66.03	66.53	66.52	1.85019764067	25
20870	20870	85662	85662	66.10	66.28	66.08	64.80	66.08	65.55	67.20	67.30	67.70	66.03	66.55	66.44	1.85040492802	25
20895	20895	85637	85637	66.08	66.22	66.10	64.85	66.03	65.50	67.25	67.28	67.67	66.06	66.51	66.42	1.85077757269	25
20920	20920	85612	85612	66.08	66.22	66.17	64.88	66.00	65.58	67.22	67.17	67.70	66.06	66.47	66.48	1.85070411719	25
20945	20945	85587	85587	66.03	66.15	66.15	64.90	66.00	65.65	67.10	67.12	67.55	66.01	66.42	66.45	1.85114397569	25
20970	20970	85562	85562	66.00	66.28	66.17	64.92	65.92	65.62	66.97	67.15	67.45	65.97	66.45	66.42	1.85043593401	25
20995	20995	85537	85537	66.00	66.15	66.17	64.90	65.97	65.58	66.92	67.22	67.40	65.94	66.45	66.38	1.85155040103	25
21020	21020	85512	85512	65.95	66.00	66.15	64.88	65.95	65.55	66.92	67.10	67.30	65.92	66.35	66.33	1.85131101662	25
21045	21045	85487	85487	65.92	66.08	66.17	64.83	65.92	65.53	66.92	67.08	67.38	65.89	66.36	66.36	1.85193135966	25
21070	21070	85462	85462	65.88	66.15	66.20	64.90	65.97	65.55	66.83	67.10	67.33	65.87	66.41	66.36	1.8512897573	25
21095	21095	85437	85437	65.83	66.20	66.08	64.80	65.88	65.55	66.80	67.12	67.38	65.81	66.40	66.33	1.85173712077	25
21120	21120	85412	85412	65.85	66.12	66.15	64.72	65.88	65.60	66.83	67.15	67.38	65.80	66.38	66.38	1.85138218074	25
21145	21145	85387	85387	65.83	66.10	66.15	64.62	65.85	65.58	66.80	67.15	67.38	65.75	66.37	66.37	1.85157188418	25
21170	21170	85362	85362	65.83	66.15	66.12	64.75	65.72	65.58	66.88	67.00	67.35	65.82	66.29	66.35	1.85142693226	25
21195	21195	85337	85337	65.80	66.15	66.10	64.60	65.70	65.58	66.83	67.03	67.28	65.74	66.29	66.32	1.85205587094	25
21220	21220	85312	85312	65.83	66.00	66.08	64.70	65.62	65.58	66.80	67.00	67.28	65.78	66.21	66.31	1.85050016581	25
21245	21245	85287	85287	65.78	65.92	66.03	64.72	65.58	65.45	66.80	66.95	67.22	65.77	66.15	66.23	1.85152026877	25
21270	21270	85262	85262	65.78	65.88	66.03	64.72	65.55	65.50	66.75	66.92	67.15	65.75	66.12	66.22	1.85163640103	25
21295	21295	85237	85237	65.75	65.75	65.95	64.67	65.60	65.40	66.70	66.92	67.12	65.71	66.09	66.16	1.85199371444	25
21320	21320	85212	85212	65.65	65.80	65.95	64.62	65.58	65.40	66.70	66.95	67.00	65.66	66.11	66.12	1.85089102453	25
21345	21345	85187	85187	65.58	65.72	65.95	64.58	65.50	65.38	66.70	66.85	66.97	65.62	66.03	66.10	1.85122067186	25
21370	21370	85162	85162	65.58	65.67	65.97	64.60	65.55	65.30	66.65	66.88	67.03	65.61	66.03	66.10	1.85149174763	25
21395	21395	85137	85137	65.58	65.67	65.92	64.65	65.55	65.28	66.62	66.90	67.00	65.62	66.04	66.07	1.85270187558	25
21420	21420	85112	85112	65.53	65.65	65.88	64.62	65.53	65.22	66.60	66.83	66.90	65.58	66.00	66.00	1.85251366408	25
21445	21445	85087	85087	65.40	65.72	65.88	64.58	65.50	65.22	66.58	66.92	66.85	65.52	66.05	65.98	1.85195902873	25
21470	21470	85062	85062	65.38	65.62	65.88	64.55	65.53	65.15	66.55	66.90	66.85	65.49	66.02	65.96	1.85200571258	25
21495	21495	85037	85037	65.30	65.60	65.80	64.47	65.47	65.08	66.50	66.88	66.83	65.42	65.98	65.90	1.85371565067	25
21520	21520	85012	85012	65.35	65.62	65.83	64.35	65.58	65.00	66.40	66.90	66.83	65.37	66.03	65.88	1.85287279127	25
21545	21545	84987	84987	65.30	65.62	65.80	64.40	65.50	64.92	66.42	66.85	66.70	65.38	65.99	65.81	1.85295872123	25
21570	21570	84962	84962	65.30	65.53	65.75	64.42	65.50	64.92	66.38	66.83	66.75	65.37	65.95	65.81	1.85312135039	25
21595	21595	84937	84937	65.22	65.60	65.78	64.33	65.53	64.92	66.33	66.72	66.72	65.29	65.95	65.81	1.85306260841	25
21620	21620	84912	84912	65.25	65.50	65.75	64.30	65.50	64.90	66.35	66.65	66.67	65.30	65.88	65.78	1.85278356646	25
21645	21645	84887	84887	65.25	65.42	65.72	64.30	65.55	64.85	66.35	66.65	66.70	65.30	65.88	65.76	1.85222709622	25
21670	21670	84862	84862	65.17	65.33	65.58	64.25	65.47	64.83	66.25	66.72	66.72	65.22	65.84	65.71	1.85308674621	25
21695	21695	84837	84837	65.08	65.35	65.58	64.10	65.45	64.80	66.30	66.58	66.75	65.16	65.79	65.71	1.85424863369	25
21720	21720	84812	84812	65.05	65.33	65.62	64.15	65.30	64.78	66.22	66.55	66.78	65.14	65.72	65.72	1.85367330821	25
21745	21745	84787	84787	65.00	65.30	65.55	64.12	65.25	64.78	66.22	66.47	66.70	65.12	65.67	65.67	1.85304266618	25
21770	21770	84762	84762	64.95	65.25	65.60	64.15	65.28	64.72	66.12	66.47	66.67	65.08	65.67	65.67	1.85350010003	25
21795	21795	84737	84737	64.95	65.22	65.50	64.08	65.30	64.72	66.03	66.42	66.65	65.02	65.65	65.62	1.85463173144	25
21820	21820	84712	84712	64.92	65.25	65.45	64.12	65.12	64.67	65.92	66.40	66.60	64.99	65.59	65.58	1.85437028835	25
21845	21845	84687	84687	64.92	65.25	65.42	64.15	65.15	64.65	65.92	66.38	66.50	65.00	65.59	65.53	1.85456734676	25
21870	21870	84662	84662	64.88	65.25	65.45	64.08	65.20	64.58	65.95	66.42	66.47	64.97	65.62	65.50	1.8546353524	25
21895	21895	84637	84637	64.95	65.35	65.47	64.03	65.17	64.58	65.90	66.30	66.38	64.96	65.61	65.47	1.85622290783	25
21920	21920	84612	84612	64.88	65.30	65.38	64.08	65.22	64.53	65.92	66.33	66.28	64.96	65.62	65.39	1.85620328598	25
21945	21945	84587	84587	64.83	65.30	65.33	64.08	65.20	64.47	65.80	66.30	66.22	64.90	65.60	65.34	1.85750161214	25
21970	21970	84562	84562	64.75	65.28	65.30	64.05	65.15	64.50	65.75	66.25	66.15	64.85	65.56	65.32	1.85726405827	25
21995	21995	84537	84537	64.78	65.22	65.30	64.08	65.08	64.42	65.78	66.17	66.10	64.88	65.49	65.28	1.85668272377	25
22020	22020	84512	84512	64.75	65.25	65.22	64.08	65.12	64.42	65.67	66.20	66.05	64.83	65.53	65.23	1.85710155028	25
22045	22045	84487	84487	64.67	65.30	65.17	64.00	65.17	64.42	65.70	66.20	66.05	64.79	65.56	65.22	1.85807445211	25
22070	22070	84462	84462	64.72	65.30	65.12	64.08	65.22	64.42	65.70	66.05	66.08	64.83	65.53	65.21	1.85786182301	25
22095	22095	84437	84437	64.67	65.22	65.12	63.92	65.15	64.42	65.70	66.00	66.05	64.77	65.46	65.20	1.85808859755	25
22120	22120	84412	84412	64.62	65.08	65.10	63.88	65.10	64.35	65.65	66.00	65.95	64.72	65.39	65.13	1.8582255135	25
22145	22145	84387	84387	64.53	65.08	65.10	63.85	65.05	64.33	65.70	66.03	65.92	64.69	65.38	65.12	1.85768270243	25
22170	22170	84362	84362	64.58	65.03	65.08	63.75	65.00	64.20	65.65	66.05	65.85	64.66	65.36	65.04	1.85818063185	25
22195	22195	84337	84337	64.53	65.05	65.03	63.73	65.00	64.10	65.60	66.08	65.88	64.62	65.38	65.00	1.85803487787	25
22220	22220	84312	84312	64.53	65.08	65.03	63.73	65.05	64.08	65.60	66.10	65.95	64.62	65.41	65.02	1.85770626354	25
22245	22245	84287	84287	64.47	65.10	65.00	63.65	65.03	63.98	65.53	66.05	65.92	64.55	65.39	64.97	1.8589812344	25
22270	22270	84262	84262	64.50	65.03	65.03	63.58	64.97	63.98	65.50	66.05	65.83	64.53	65.35	64.94	1.85898319032	25
22295	22295	84237	84237	64.45	64.95	65.00	63.48	64.88	63.80	65.35	65.97	65.88	64.42	65.27	64.89	1.8587419037	25
22320	22320	84212	84212	64.40	64.90	65.08	63.42	64.92	63.73	65.35	65.92	65.80	64.39	65.25	64.87	1.85868264022	25
22345	22345	84187	84187	64.30	64.92	64.95	63.42	64.92	63.80	65.40	65.92	65.80	64.38	65.26	64.85	1.85815600159	25
22370	22370	84162	84162	64.17	64.88	64.92	63.38	64.83	63.77	65.28	65.92	65.70	64.28	65.21	64.80	1.85845423	25
22395	22395	84137	84137	64.12	64.83	64.88	63.42	64.72	63.77	65.30	65.92	65.67	64.28	65.16	64.78	1.85812080289	25
22420	22420	84112	84112	64.15	64.90	64.92	63.33	64.78	63.77	65.30	65.92	65.72	64.26	65.20	64.81	1.85777833537	25
22445	22445	84087	84087	64.15	64.83	64.88	63.38	64.75	63.67	65.28	65.85	65.65	64.27	65.14	64.73	1.85740074947	25
22470	22470	84062	84062	64.15	64.80	64.85	63.27	64.78	63.67	65.22	65.85	65.67	64.22	65.14	64.73	1.85798296282	25
22495	22495	84037	84037	64.05	64.90	64.90	63.25	64.83	63.67	65.33	65.90	65.65	64.21	65.21	64.74	1.85742519159	25
22520	22520	84012	84012	64.00	64.88	64.80	63.20	64.80	63.55	65.15	65.90	65.62	64.12	65.19	64.66	1.85725650495	25
22545	22545	83987	83987	64.00	64.83	64.75	63.17	64.75	63.62	65.20	65.80	65.58	64.12	65.12	64.65	1.85829267309	25
22570	22570	83962	83962	63.98	64.78	64.78	63.10	64.72	63.55	65.15	65.78	65.58	64.08	65.09	64.63	1.8584510321	25
22595	22595	83937	83937	63.92	64.70	64.75	63.05	64.67	63.52	65.15	65.75	65.50	64.04	65.04	64.59	1.85899424396	25
22620	22620	83912	83912	63.85	64.72	64.67	63.15	64.65	63.50	65.22	65.75	65.53	64.08	65.04	64.57	1.85823517551	25
22645	22645	83887	83887	63.88	64.72	64.67	62.98	64.62	63.45	65.20	65.72	65.47	64.02	65.03	64.53	1.85816157647	25
22670	22670	83862	83862	63.85	64.75	64.60	62.98	64.65	63.48	65.28	65.70	65.47	64.03	65.03	64.52	1.85831708791	25
22695	22695	83837	83837	63.75	64.78	64.65	62.85	64.62	63.42	65.28	65.62	65.45	63.96	65.01	64.51	1.85769094284	25
22720	22720	83812	83812	63.77	64.80	64.60	62.77	64.58	63.48	65.22	65.65	65.42	63.92	65.01	64.50	1.85765718339	25
22745	22745	83787	83787	63.75	64.75	64.60	62.67	64.60	63.45	65.15	65.60	65.45	63.86	64.98	64.50	1.8585035881	25
22770	22770	83762	83762	63.70	64.75	64.50	62.65	64.45	63.42	65.10	65.58	65.40	63.82	64.92	64.44	1.85782956568	25
22795	22795	83737	83737	63.73	64.67	64.53	62.65	64.47	63.42	65.10	65.58	65.30	63.83	64.91	64.42	1.85823766764	25
22820	22820	83712	83712	63.75	64.78	64.58	62.65	64.47	63.45	65.10	65.45	65.28	63.83	64.90	64.43	1.85785017012	25
22845	22845	83687	83687	63.67	64.72	64.55	62.65	64.42	63.45	65.12	65.45	65.30	63.82	64.87	64.43	1.85768848327	25
22870	22870	83662	83662	63.62	64.67	64.53	62.60	64.45	63.45	65.08	65.47	65.35	63.77	64.87	64.44	1.85795242179	25
22895	22895	83637	83637	63.75	64.70	64.53	62.58	64.38	63.40	65.03	65.47	65.35	63.78	64.85	64.42	1.85930798213	25
22920	22920	83612	83612	63.75	64.65	64.53	62.60	64.30	63.33	65.00	65.42	65.25	63.78	64.79	64.37	1.85871928728	25
22945	22945	83587	83587	63.70	64.62	64.55	62.58	64.35	63.40	64.95	65.38	65.30	63.74	64.78	64.42	1.85854570516	25
22970	22970	83562	83562	63.58	64.65	64.53	62.58	64.30	63.40	64.88	65.40	65.30	63.67	64.78	64.41	1.8588284446	25
22995	22995	83537	83537	63.52	64.65	64.50	62.62	64.28	63.38	64.85	65.38	65.25	63.67	64.77	64.38	1.859184931	25
23020	23020	83512	83512	63.52	64.67	64.47	62.60	64.22	63.35	64.88	65.35	65.20	63.67	64.75	64.34	1.85982366061	25
23045	23045	83487	83487	63.50	64.67	64.45	62.52	64.20	63.38	64.85	65.30	65.22	63.62	64.72	64.35	1.86005421068	25
23070	23070	83462	83462	63.55	64.62	64.47	62.52	64.17	63.33	64.72	65.25	65.12	63.60	64.68	64.31	1.86193662495	25
23095	23095	83437	83437	63.52	64.55	64.30	62.55	64.08	63.30	64.70	65.22	65.10	63.59	64.62	64.23	1.86183613066	25
23120	23120	83412	83412	63.45	64.53	64.28	62.42	64.08	63.33	64.67	65.28	65.05	63.52	64.62	64.22	1.86306398612	25
23145	23145	83387	83387	63.50	64.40	64.22	62.40	64.05	63.27	64.65	65.25	65.03	63.52	64.57	64.17	1.86845909155	25
23170	23170	83362	83362	63.48	64.47	64.17	62.33	64.05	63.25	64.62	65.17	65.05	63.48	64.57	64.16	1.86660929793	25
23195	23195	83337	83337	63.48	64.42	64.10	62.27	64.03	63.25	64.60	65.22	65.00	63.45	64.56	64.12	1.86347261958	25
23220	23220	83312	83312	63.40	64.42	64.12	62.20	64.08	63.23	64.60	65.22	64.95	63.40	64.58	64.10	1.86386899631	25
23245	23245	83287	83287	63.38	64.30	64.15	62.20	64.03	63.20	64.53	65.15	64.90	63.37	64.49	64.08	1.86446909323	25
23270	23270	83262	83262	63.38	64.25	64.00	62.27	64.05	63.20	64.58	65.15	64.85	63.41	64.48	64.02	1.8644380341	25
23295	23295	83237	83237	63.30	64.12	63.95	62.23	63.98	63.15	64.53	65.15	64.78	63.35	64.42	63.96	1.86424092594	25
23320	23320	83212	83212	63.23	64.22	63.88	62.15	63.98	63.15	64.53	65.20	64.85	63.30	64.47	63.96	1.86304152856	25
23345	23345	83187	83187	63.17	64.17	63.80	62.15	63.95	63.17	64.53	65.17	64.83	63.28	64.43	63.93	1.86326925405	25
23370	23370	83162	83162	63.23	64.12	63.77	62.20	64.05	63.17	64.50	65.12	64.83	63.31	64.43	63.92	1.86354992011	25
23395	23395	83137	83137	63.23	64.10	63.90	62.12	63.98	63.17	64.45	65.05	64.85	63.27	64.38	63.98	1.86282082266	25
23420	23420	83112	83112	63.23	64.12	63.77	62.12	63.92	63.15	64.42	64.97	64.90	63.26	64.34	63.94	1.86281429604	25
23445	23445	83087	83087	63.20	64.20	63.75	62.17	63.90	63.15	64.47	64.90	64.88	63.28	64.33	63.92	1.86262624407	25
23470	23470	83062	83062	63.20	64.10	63.77	62.10	63.83	63.17	64.47	64.90	64.78	63.26	64.28	63.91	1.86291657621	25
23495	23495	83037	83037	63.15	64.10	63.73	62.10	63.80	63.12	64.45	64.88	64.78	63.23	64.26	63.88	1.86229831781	25
23520	23520	83012	83012	63.12	64.08	63.73	62.02	63.83	63.08	64.40	64.88	64.70	63.18	64.26	63.83	1.86277723568	25
23545	23545	82987	82987	63.12	64.12	63.70	61.98	63.80	63.05	64.35	64.83	64.65	63.15	64.25	63.80	1.86290160727	25
23570	23570	82962	82962	63.10	64.15	63.70	62.00	63.77	63.02	64.35	64.83	64.72	63.15	64.25	63.82	1.8632600079	25
23595	23595	82937	82937	63.08	64.22	63.62	61.98	63.70	62.98	64.35	64.75	64.67	63.13	64.22	63.76	1.86330442458	25
23620	23620	82912	82912	63.08	64.20	63.58	62.00	63.70	63.05	64.33	64.80	64.53	63.13	64.23	63.72	1.86251886209	25
23645	23645	82887	82887	63.05	64.17	63.60	62.00	63.70	63.02	64.15	64.78	64.50	63.07	64.22	63.71	1.86183610697	25
23670	23670	82862	82862	63.05	64.15	63.60	62.00	63.67	63.02	64.12	64.75	64.55	63.06	64.19	63.73	1.86160356358	25
23695	23695	82837	82837	63.05	64.10	63.58	61.92	63.67	62.98	64.17	64.80	64.53	63.05	64.19	63.69	1.86158302024	25
23720	23720	82812	82812	63.02	64.08	63.50	61.90	63.60	62.95	64.05	64.85	64.42	62.99	64.17	63.62	1.86128980393	25
23745	23745	82787	82787	63.02	64.03	63.45	61.92	63.60	62.98	64.08	64.80	64.50	63.01	64.14	63.64	1.86170436342	25
23770	23770	82762	82762	62.92	64.05	63.48	61.85	63.55	62.90	64.08	64.83	64.55	62.95	64.14	63.64	1.86264375491	25
23795	23795	82737	82737	62.88	64.08	63.45	61.83	63.52	62.88	64.00	64.85	64.45	62.90	64.15	63.59	1.86277485918	25
23820	23820	82712	82712	62.95	64.10	63.40	61.83	63.48	62.77	64.05	64.78	64.38	62.94	64.12	63.52	1.86219272162	25
23845	23845	82687	82687	62.95	64.10	63.42	61.80	63.52	62.83	64.08	64.75	64.42	62.94	64.12	63.56	1.86136741444	25
23870	23870	82662	82662	62.85	64.08	63.40	61.73	63.62	62.83	64.15	64.78	64.38	62.91	64.16	63.53	1.86128396365	25
23895	23895	82637	82637	62.85	64.00	63.38	61.80	63.52	62.75	64.03	64.75	64.35	62.89	64.09	63.49	1.86192365682	25
23920	23920	82612	82612	62.83	63.92	63.40	61.83	63.48	62.77	64.10	64.72	64.33	62.92	64.04	63.50	1.86121264264	25
23945	23945	82587	82587	62.88	63.85	63.35	61.80	63.45	62.65	64.03	64.67	64.28	62.90	63.99	63.42	1.86180347637	25
23970	23970	82562	82562	62.83	63.95	63.33	61.75	63.40	62.67	64.00	64.70	64.30	62.86	64.02	63.43	1.86246840816	25
23995	23995	82537	82537	62.75	63.90	63.30	61.75	63.45	62.65	63.90	64.67	64.25	62.80	64.01	63.40	1.86289406064	25
24020	24020	82512	82512	62.67	63.90	63.30	61.67	63.40	62.65	63.88	64.72	64.28	62.74	64.01	63.41	1.86275676792	25
24045	24045	82487	82487	62.67	63.83	63.38	61.73	63.35	62.65	63.92	64.75	64.28	62.77	63.98	63.43	1.86190186862	25
24070	24070	82462	82462	62.60	63.80	63.27	61.60	63.30	62.60	63.98	64.75	64.22	62.73	63.95	63.37	1.86205358447	25
24095	24095	82437	82437	62.50	63.83	63.30	61.67	63.35	62.58	63.88	64.72	64.15	62.68	63.97	63.34	1.86333547526	25
24120	24120	82412	82412	62.55	63.85	63.27	61.67	63.38	62.52	63.85	64.67	64.17	62.69	63.97	63.33	1.86257310792	25
24145	24145	82387	82387	62.50	63.83	63.25	61.70	63.33	62.52	63.83	64.62	64.17	62.67	63.92	63.32	1.86282174167	25
24170	24170	82362	82362	62.50	63.80	63.23	61.62	63.35	62.50	63.88	64.62	64.15	62.67	63.92	63.29	1.86320565968	25
24195	24195	82337	82337	62.48	63.75	63.23	61.62	63.23	62.55	63.80	64.60	64.17	62.63	63.86	63.32	1.8624507581	25
24220	24220	82312	82312	62.50	63.70	63.17	61.60	63.27	62.50	63.77	64.58	64.15	62.62	63.85	63.27	1.86304528152	25
24245	24245	82287	82287	62.48	63.62	63.20	61.62	63.17	62.48	63.80	64.60	64.12	62.63	63.80	63.27	1.86351622273	25
24270	24270	82262	82262	62.48	63.70	63.15	61.70	63.23	62.42	63.80	64.60	64.15	62.66	63.84	63.24	1.86333154268	25
24295	24295	82237	82237	62.45	63.60	63.10	61.70	63.15	62.42	63.73	64.67	64.12	62.62	63.81	63.22	1.86381258621	25
24320	24320	82212	82212	62.38	63.58	63.05	61.73	63.17	62.40	63.70	64.67	64.15	62.60	63.81	63.20	1.86371393887	25
24345	24345	82187	82187	62.50	63.58	63.08	61.73	63.12	62.30	63.70	64.60	64.10	62.64	63.77	63.16	1.86319249186	25
24370	24370	82162	82162	62.40	63.58	63.02	61.73	63.02	62.38	63.62	64.53	64.00	62.58	63.71	63.13	1.86295107642	25
24395	24395	82137	82137	62.42	63.58	63.02	61.67	63.08	62.45	63.55	64.55	63.95	62.55	63.73	63.14	1.86347986307	25
24420	24420	82112	82112	62.42	63.58	63.02	61.67	62.98	62.42	63.60	64.50	63.92	62.57	63.68	63.12	1.86426714619	25
24445	24445	82087	82087	62.40	63.58	63.02	61.65	62.90	62.40	63.52	64.40	63.95	62.52	63.62	63.12	1.86291161344	25
24470	24470	82062	82062	62.33	63.55	63.00	61.65	62.90	62.40	63.48	64.42	63.85	62.48	63.62	63.08	1.86392817459	25
24495	24495	82037	82037	62.35	63.50	63.02	61.55	62.90	62.40	63.50	64.40	63.85	62.47	63.60	63.09	1.86379474271	25
24520	24520	82012	82012	62.42	63.45	63.02	61.50	62.88	62.38	63.45	64.42	63.98	62.46	63.58	63.12	1.86319320374	25
24545	24545	81987	81987	62.38	63.45	63.02	61.48	62.90	62.33	63.35	64.42	64.03	62.40	63.59	63.12	1.86347573995	25
24570	24570	81962	81962	62.38	63.48	63.02	61.45	62.90	62.30	63.35	64.33	63.90	62.39	63.57	63.08	1.86290539134	25
24595	24595	81937	81937	62.35	63.48	63.05	61.52	62.98	62.35	63.35	64.35	63.98	62.41	63.60	63.12	1.86239005112	25
24620	24620	81912	81912	62.33	63.48	63.02	61.50	62.85	62.33	63.30	64.38	63.92	62.38	63.57	63.09	1.86252101714	25
24645	24645	81887	81887	62.38	63.48	63.00	61.42	62.88	62.25	63.30	64.38	63.88	62.37	63.58	63.04	1.86250042122	25
24670	24670	81862	81862	62.35	63.48	63.05	61.40	62.88	62.27	63.30	64.28	63.83	62.35	63.54	63.05	1.86363921482	25
24695	24695	81837	81837	62.30	63.45	62.95	61.42	62.85	62.23	63.25	64.25	63.80	62.33	63.52	62.99	1.86342184734	25
24720	24720	81812	81812	62.33	63.38	62.90	61.42	62.75	62.25	63.27	64.22	63.77	62.34	63.45	62.98	1.86438580014	25
24745	24745	81787	81787	62.30	63.38	62.92	61.33	62.70	62.25	63.25	64.30	63.70	62.29	63.46	62.96	1.86400843478	25
24770	24770	81762	81762	62.23	63.40	62.85	61.33	62.67	62.30	63.27	64.15	63.70	62.27	63.41	62.95	1.86365277636	25
24795	24795	81737	81737	62.23	63.35	62.85	61.23	62.67	62.23	63.20	64.15	63.67	62.22	63.39	62.92	1.86425104318	25
24820	24820	81712	81712	62.20	63.27	62.85	61.23	62.75	62.05	63.15	64.17	63.77	62.19	63.40	62.89	1.86365390521	25
24845	24845	81687	81687	62.20	63.33	62.83	61.12	62.75	62.10	63.17	64.17	63.73	62.17	63.42	62.88	1.86365340755	25
24870	24870	81662	81662	62.20	63.30	62.80	61.15	62.67	62.17	63.25	64.17	63.75	62.20	63.38	62.91	1.86283707249	25
24895	24895	81637	81637	62.17	63.27	62.75	61.12	62.70	62.15	63.20	64.20	63.75	62.17	63.39	62.88	1.86219400675	25
24920	24920	81612	81612	62.20	63.30	62.77	61.15	62.65	62.02	63.23	64.12	63.73	62.19	63.36	62.84	1.86270503024	25
24945	24945	81587	81587	62.23	63.30	62.73	61.10	62.62	61.95	63.15	64.10	63.67	62.16	63.34	62.78	1.8632207031	25
24970	24970	81562	81562	62.12	63.20	62.70	61.12	62.67	61.95	63.23	64.03	63.67	62.16	63.30	62.77	1.8632615437	25
24995	24995	81537	81537	62.23	63.20	62.70	61.08	62.65	61.90	63.20	64.12	63.58	62.17	63.33	62.73	1.86301387682	25
25020	25020	81512	81512	62.23	63.20	62.70	60.98	62.65	61.92	63.17	64.00	63.62	62.12	63.28	62.75	1.86329979821	25
25045	25045	81487	81487	62.12	63.20	62.65	61.05	62.65	61.90	63.20	64.08	63.60	62.12	63.31	62.72	1.86326850036	25
25070	25070	81462	81462	62.05	63.17	62.67	61.00	62.70	61.92	63.15	64.03	63.62	62.07	63.30	62.74	1.86384384109	25
25095	25095	81437	81437	62.05	63.17	62.65	61.02	62.67	61.92	63.15	64.05	63.65	62.08	63.30	62.74	1.8639232946	25
25120	25120	81412	81412	62.00	63.10	62.62	61.00	62.60	61.83	63.10	63.90	63.52	62.03	63.20	62.66	1.86392908066	25
25145	25145	81387	81387	62.05	63.08	62.60	61.02	62.58	61.90	63.12	63.85	63.55	62.07	63.17	62.68	1.86425631174	25
25170	25170	81362	81362	62.00	63.10	62.52	61.02	62.62	61.88	63.10	63.92	63.55	62.04	63.22	62.65	1.86481190469	25
25195	25195	81337	81337	62.02	63.08	62.50	61.05	62.62	61.80	63.12	63.90	63.55	62.07	63.20	62.62	1.86470969927	25
25220	25220	81312	81312	62.02	62.98	62.40	60.95	62.62	61.75	63.05	63.88	63.55	62.01	63.16	62.57	1.86488882715	25
25245	25245	81287	81287	62.02	63.02	62.42	61.00	62.52	61.77	63.12	63.85	63.48	62.05	63.13	62.56	1.86437822641	25
25270	25270	81262	81262	62.00	63.05	62.42	60.95	62.48	61.75	63.10	63.83	63.48	62.02	63.12	62.55	1.86481994027	25
25295	25295	81237	81237	62.02	63.02	62.40	60.98	62.42	61.77	63.05	63.77	63.40	62.02	63.08	62.52	1.86436901785	25
25320	25320	81212	81212	62.02	63.00	62.33	60.98	62.38	61.77	63.10	63.75	63.38	62.03	63.04	62.49	1.86443700649	25
25345	25345	81187	81187	62.02	62.98	62.25	60.98	62.45	61.70	63.05	63.80	63.40	62.02	63.08	62.45	1.86370074237	25
25370	25370	81162	81162	62.02	62.98	62.25	60.90	62.42	61.73	63.02	63.83	63.35	61.98	63.08	62.44	1.86378333083	25
25395	25395	81137	81137	61.88	62.98	62.15	60.92	62.35	61.67	62.88	63.80	63.30	61.89	63.04	62.38	1.86390815484	25
25420	25420	81112	81112	61.88	63.00	62.12	60.85	62.33	61.73	62.85	63.80	63.25	61.86	63.04	62.37	1.86380360384	25
25445	25445	81087	81087	61.77	62.95	62.10	60.80	62.38	61.73	62.88	63.77	63.25	61.82	63.03	62.36	1.86350516499	25
25470	25470	81062	81062	61.70	62.95	62.12	60.77	62.33	61.67	62.77	63.75	63.25	61.75	63.01	62.35	1.86315632842	25
25495	25495	81037	81037	61.58	62.95	62.08	60.75	62.35	61.70	62.73	63.73	63.17	61.68	63.01	62.32	1.86340110849	25
25520	25520	81012	81012	61.60	62.95	62.02	60.77	62.38	61.70	62.70	63.70	63.02	61.69	63.01	62.25	1.86349051796	25
25545	25545	80987	80987	61.62	62.98	61.95	60.70	62.23	61.65	62.67	63.70	63.02	61.67	62.97	62.21	1.86405367379	25
25570	25570	80962	80962	61.58	62.95	61.90	60.67	62.17	61.60	62.62	63.67	62.95	61.62	62.93	62.15	1.86471283199	25
25595	25595	80937	80937	61.60	62.98	61.83	60.73	62.17	61.62	62.60	63.62	62.98	61.64	62.92	62.14	1.86370039668	25
25620	25620	80912	80912	61.52	62.90	61.83	60.70	62.10	61.60	62.55	63.50	62.92	61.59	62.83	62.12	1.86375108178	25
25645	25645	80887	80887	61.52	62.95	61.85	60.70	62.12	61.58	62.50	63.50	62.95	61.58	62.86	62.12	1.86376337678	25
25670	25670	80862	80862	61.48	62.83	61.83	60.75	62.12	61.58	62.48	63.45	62.95	61.57	62.80	62.12	1.86298580501	25
25695	25695	80837	80837	61.40	62.85	61.75	60.73	62.10	61.52	62.48	63.45	62.92	61.53	62.80	62.07	1.86290234191	25
25720	25720	80812	80812	61.40	62.70	61.73	60.65	62.10	61.52	62.48	63.45	62.88	61.51	62.75	62.04	1.86381258373	25
25745	25745	80787	80787	61.40	62.70	61.73	60.62	62.10	61.55	62.48	63.40	62.90	61.50	62.73	62.06	1.86356852077	25
25770	25770	80762	80762	61.40	62.62	61.70	60.62	62.12	61.55	62.48	63.42	62.90	61.50	62.73	62.05	1.86414706526	25
25795	25795	80737	80737	61.38	62.62	61.65	60.62	62.17	61.52	62.42	63.42	62.88	61.48	62.74	62.02	1.86373800597	25
25820	25820	80712	80712	61.38	62.65	61.65	60.60	62.15	61.45	62.38	63.40	62.83	61.45	62.73	61.98	1.86446137971	25
25845	25845	80687	80687	61.35	62.67	61.67	60.60	62.12	61.48	62.33	63.52	62.80	61.42	62.77	61.98	1.8633885528	25
25870	25870	80662	80662	61.40	62.73	61.67	60.60	62.15	61.45	62.35	63.52	62.80	61.45	62.80	61.98	1.86325729894	25
25895	25895	80637	80637	61.42	62.75	61.65	60.55	62.10	61.42	62.35	63.48	62.80	61.44	62.77	61.96	1.86331549973	25
25920	25920	80612	80612	61.40	62.70	61.70	60.55	62.10	61.40	62.35	63.55	62.80	61.43	62.78	61.97	1.8633321573	25
25945	25945	80587	80587	61.40	62.67	61.65	60.52	62.08	61.42	62.38	63.52	62.75	61.43	62.76	61.94	1.86363317373	25
25970	25970	80562	80562	61.35	62.75	61.65	60.52	62.08	61.38	62.35	63.50	62.75	61.41	62.77	61.92	1.86423316499	25
25995	25995	80537	80537	61.30	62.73	61.65	60.45	62.10	61.40	62.35	63.50	62.73	61.37	62.77	61.92	1.86517781845	25
26020	26020	80512	80512	61.30	62.67	61.62	60.52	62.15	61.42	62.33	63.40	62.77	61.38	62.74	61.94	1.86459151192	25
26045	26045	80487	80487	61.27	62.67	61.60	60.45	62.10	61.48	62.23	63.35	62.75	61.32	62.71	61.94	1.86401517448	25
26070	26070	80462	80462	61.23	62.67	61.62	60.38	62.08	61.48	62.17	63.40	62.75	61.26	62.72	61.95	1.86389745619	25
26095	26095	80437	80437	61.20	62.65	61.60	60.38	62.08	61.50	62.15	63.38	62.75	61.24	62.70	61.95	1.86454736967	25
26120	26120	80412	80412	61.27	62.62	61.60	60.40	62.08	61.48	62.15	63.35	62.77	61.27	62.68	61.95	1.86411817717	25
26145	26145	80387	80387	61.33	62.58	61.60	60.38	62.00	61.50	62.17	63.35	62.70	61.29	62.64	61.93	1.86419828316	25
26170	26170	80362	80362	61.30	62.55	61.60	60.42	62.02	61.50	62.20	63.30	62.67	61.31	62.62	61.92	1.86397409799	25
26195	26195	80337	80337	61.27	62.52	61.55	60.42	62.00	61.45	62.20	63.27	62.58	61.30	62.60	61.86	1.86466185765	25
26220	26220	80312	80312	61.23	62.50	61.50	60.42	61.98	61.45	62.23	63.27	62.55	61.29	62.58	61.83	1.86456194281	25
26245	26245	80287	80287	61.25	62.50	61.50	60.38	61.98	61.40	62.23	63.25	62.55	61.28	62.58	61.82	1.86454680546	25
26270	26270	80262	80262	61.23	62.48	61.48	60.42	62.00	61.42	62.23	63.25	62.52	61.29	62.58	61.81	1.86449163007	25
26295	26295	80237	80237	61.25	62.45	61.42	60.40	62.00	61.35	62.25	63.17	62.48	61.30	62.54	61.75	1.86457014212	25
26320	26320	80212	80212	61.20	62.42	61.40	60.38	62.00	61.30	62.30	63.15	62.45	61.29	62.52	61.72	1.86535948035	25
26345	26345	80187	80187	61.30	62.33	61.35	60.30	62.02	61.23	62.23	63.15	62.45	61.27	62.50	61.67	1.86465722242	25
26370	26370	80162	80162	61.25	62.33	61.35	60.33	61.90	61.23	62.23	63.10	62.42	61.27	62.44	61.67	1.86505260877	25
26395	26395	80137	80137	61.17	62.33	61.33	60.35	61.92	61.17	62.12	63.10	62.50	61.22	62.45	61.67	1.8654155722	25
26420	26420	80112	80112	61.15	62.33	61.35	60.33	61.92	61.15	62.12	63.00	62.45	61.20	62.42	61.65	1.86573664626	25
26445	26445	80087	80087	61.15	62.27	61.30	60.33	61.92	61.15	62.10	63.00	62.42	61.19	62.40	61.62	1.86637877619	25
26470	26470	80062	80062	61.12	62.33	61.33	60.27	61.88	61.17	62.02	62.98	62.40	61.14	62.39	61.63	1.86634350317	25
26495	26495	80037	80037	61.00	62.33	61.33	60.30	61.95	61.17	61.95	62.92	62.33	61.08	62.40	61.61	1.86653583132	25
26520	26520	80012	80012	61.12	62.25	61.27	60.35	61.88	61.12	61.88	63.00	62.35	61.12	62.38	61.58	1.86567578887	25
26545	26545	79987	79987	61.08	62.25	61.27	60.38	61.88	61.12	61.83	63.00	62.30	61.09	62.38	61.57	1.86558116605	25
26570	26570	79962	79962	61.05	62.25	61.20	60.38	61.90	61.05	61.80	62.98	62.27	61.08	62.38	61.51	1.86610593384	25
26595	26595	79937	79937	61.05	62.15	61.17	60.38	61.83	61.05	61.77	62.98	62.23	61.07	62.32	61.48	1.86613513707	25
26620	26620	79912	79912	61.02	62.10	61.17	60.25	61.80	60.98	61.75	63.00	62.23	61.01	62.30	61.46	1.86648324258	25
26645	26645	79887	79887	61.10	62.08	61.20	60.20	61.83	61.00	61.67	62.98	62.23	60.99	62.29	61.48	1.86665619721	25
26670	26670	79862	79862	61.12	62.08	61.12	60.12	61.80	60.98	61.65	62.92	62.12	60.97	62.27	61.41	1.86681288614	25
26695	26695	79837	79837	60.98	62.08	61.17	60.10	61.83	60.95	61.65	62.95	62.12	60.91	62.28	61.42	1.86673016476	25
26720	26720	79812	79812	61.00	61.98	61.20	60.08	61.77	60.90	61.65	62.98	62.15	60.91	62.24	61.42	1.86749612003	25
26745	26745	79787	79787	60.85	61.95	61.17	60.08	61.75	60.90	61.58	62.95	62.17	60.83	62.22	61.42	1.86762200896	25
26770	26770	79762	79762	60.88	62.02	61.15	60.00	61.80	60.92	61.62	62.90	62.17	60.83	62.24	61.42	1.86773652995	25
26795	26795	79737	79737	60.85	62.02	61.15	59.88	61.77	60.90	61.60	62.92	62.08	60.77	62.24	61.38	1.86785594691	25
26820	26820	79712	79712	60.85	62.00	61.17	59.88	61.73	60.90	61.65	62.92	62.00	60.79	62.22	61.36	1.86766010762	25
26845	26845	79687	79687	60.83	61.90	61.15	59.80	61.73	60.83	61.58	62.92	62.05	60.73	62.18	61.34	1.86845874079	25
26870	26870	79662	79662	60.77	61.83	61.10	59.77	61.70	60.75	61.58	62.85	62.00	60.71	62.12	61.28	1.86859079333	25
26895	26895	79637	79637	60.77	61.80	61.05	59.73	61.67	60.80	61.58	62.83	61.98	60.69	62.10	61.27	1.86843851514	25
26920	26920	79612	79612	60.77	61.88	61.00	59.73	61.67	60.83	61.52	62.83	61.88	60.67	62.12	61.23	1.86827829607	25
26945	26945	79587	79587	60.77	61.75	61.00	59.73	61.70	60.80	61.55	62.75	61.83	60.68	62.07	61.21	1.86924451769	25
26970	26970	79562	79562	60.70	61.77	61.05	59.73	61.62	60.77	61.42	62.80	61.92	60.62	62.07	61.25	1.86892101298	25
26995	26995	79537	79537	60.70	61.80	61.00	59.75	61.62	60.80	61.38	62.80	61.92	60.61	62.08	61.24	1.86927046339	25
