12120	12120	94562	94562	75.05	77.75	79.85	74.58	77.65	79.25	75.28	78.53	79.90	74.97	77.97	79.67	1.44256993022
12120	12120	90562	90562	75.03	77.75	79.85	74.58	77.65	79.25	75.28	78.53	79.88	74.96	77.97	79.66	1.43422068303	100
12220	12220	90462	90462	75.85	77.10	78.62	74.55	76.75	78.33	76.20	77.83	80.05	75.53	77.22	79.00	1.76679043389	100
12320	12320	90362	90362	75.22	76.97	78.40	74.38	76.58	78.05	76.45	78.03	79.90	75.35	77.19	78.78	1.83707273146	100
12420	12420	90262	90262	74.85	76.80	78.03	74.70	76.55	77.85	76.28	78.05	79.90	75.28	77.13	78.59	1.85369869595	100
12520	12520	90162	90162	74.80	76.75	78.20	74.45	76.05	77.60	76.15	78.10	79.75	75.13	76.97	78.52	1.84503114093	100
12620	12620	90062	90062	74.83	76.58	78.03	74.60	76.08	77.28	76.08	77.58	79.55	75.17	76.74	78.28	1.83777930942	100
12720	12720	89962	89962	75.00	76.67	77.55	74.22	75.72	76.80	75.80	77.15	79.03	75.01	76.52	77.79	1.83254909144	100
12820	12820	89862	89862	74.03	76.53	77.03	73.78	75.60	76.12	75.75	77.15	78.47	74.52	76.42	77.21	1.83028197127	100
12920	12920	89762	89762	73.97	76.25	76.45	73.28	75.33	75.83	75.15	76.90	78.12	74.13	76.16	76.80	1.83434494907	100
13020	13020	89662	89662	73.83	75.83	76.47	73.38	74.72	75.33	75.08	76.58	77.88	74.09	75.71	76.56	1.84532992319	100
13120	13120	89562	89562	73.50	75.45	76.42	73.33	74.20	75.03	74.92	76.15	77.38	73.92	75.27	76.28	1.8511584322	100
13220	13220	89462	89462	72.97	75.17	75.92	72.78	73.92	74.40	74.20	75.90	77.08	73.32	75.00	75.80	1.85430926646	100
13320	13320	89362	89362	72.92	75.05	75.83	72.47	73.47	74.28	74.22	75.47	76.70	73.21	74.67	75.60	1.854326073	100
13420	13420	89262	89262	72.80	74.88	75.53	72.38	73.35	74.28	74.03	75.30	76.53	73.07	74.51	75.44	1.85536727229	100
13520	13520	89162	89162	72.75	74.90	75.33	72.00	73.20	74.10	73.80	74.80	76.45	72.85	74.30	75.29	1.85742660598	100
13620	13620	89062	89062	72.50	74.72	75.03	71.72	72.97	73.83	73.85	74.75	76.22	72.69	74.15	75.03	1.85455273486	100
13720	13720	88962	88962	72.38	74.70	74.92	71.65	72.47	73.60	73.67	74.55	75.95	72.57	73.91	74.83	1.8531229452	100
13820	13820	88862	88862	72.33	74.10	74.92	71.58	72.05	73.30	73.72	74.42	75.80	72.54	73.53	74.67	1.85355410343	100
13920	13920	88762	88762	72.03	73.65	74.62	71.67	71.53	72.83	73.58	74.10	75.70	72.42	73.09	74.38	1.85017345745	100
14020	14020	88662	88662	71.88	73.38	74.33	71.47	70.90	72.78	73.42	73.95	75.58	72.26	72.74	74.22	1.85030298454	100
14120	14120	88562	88562	71.62	73.25	74.15	71.10	70.92	72.58	73.40	73.72	75.33	72.04	72.63	74.02	1.85020870766	100
14220	14220	88462	88462	71.65	73.12	73.88	71.00	70.83	72.20	73.28	73.75	75.30	71.97	72.57	73.79	1.84877780115	100
14320	14320	88362	88362	71.60	72.92	73.75	70.67	70.85	72.22	73.20	73.72	75.10	71.83	72.50	73.69	1.84719181435	100
14420	14420	88262	88262	71.75	72.88	73.58	70.35	70.88	72.03	72.92	73.55	75.05	71.67	72.43	73.55	1.84749473114	100
14520	14520	88162	88162	71.47	72.90	73.45	70.35	70.90	71.80	72.55	73.50	74.90	71.46	72.43	73.38	1.8475019248	100
14620	14620	88062	88062	71.20	72.67	73.40	70.17	70.72	71.75	72.45	73.28	74.62	71.28	72.22	73.26	1.84628471202	100
14720	14720	87962	87962	71.03	72.45	73.25	69.92	70.53	71.67	72.50	73.05	74.38	71.15	72.01	73.10	1.84646636001	100
14820	14820	87862	87862	71.00	72.03	73.03	70.03	70.25	71.58	72.28	72.80	74.10	71.10	71.69	72.90	1.84626303232	100
14920	14920	87762	87762	70.80	71.95	72.85	69.67	70.00	71.30	71.92	72.65	73.83	70.80	71.53	72.66	1.84433370878	100
15020	15020	87662	87662	70.75	71.70	72.65	69.45	69.95	71.05	71.88	72.55	73.60	70.69	71.40	72.43	1.84712999559	100
15120	15120	87562	87562	70.72	71.70	72.80	69.33	69.85	70.95	71.65	72.50	73.50	70.57	71.35	72.42	1.84512068905	100
15220	15220	87462	87462	70.67	71.70	72.40	69.28	69.78	70.90	71.70	72.33	73.25	70.55	71.27	72.18	1.8478278922	100
15320	15320	87362	87362	70.50	71.22	72.17	69.15	69.60	70.75	71.45	72.15	72.97	70.37	70.99	71.97	1.84677037496	100
15420	15420	87262	87262	70.47	71.20	71.80	69.20	69.50	70.60	71.28	72.05	72.97	70.32	70.92	71.79	1.84541052609	100
15520	15520	87162	87162	70.22	71.25	71.75	69.00	69.50	70.35	71.12	72.12	72.97	70.12	70.96	71.69	1.84458592005	100
15620	15620	87062	87062	70.17	71.05	71.58	68.83	69.47	70.10	71.08	71.85	72.60	70.03	70.79	71.42	1.8443226728	100
15720	15720	86962	86962	70.03	71.15	71.50	68.58	69.40	69.90	70.60	71.67	72.65	69.73	70.74	71.35	1.84478856386	100
15820	15820	86862	86862	69.78	71.05	71.40	68.28	69.05	69.95	70.35	71.80	72.50	69.47	70.63	71.28	1.84495605799	100
15920	15920	86762	86762	69.67	71.05	71.33	68.10	69.20	69.88	70.22	71.78	72.25	69.33	70.67	71.15	1.84546353102	100
16020	16020	86662	86662	69.62	71.00	71.15	68.15	68.88	69.67	70.30	71.67	72.22	69.36	70.52	71.02	1.84531624057	100
16120	16120	86562	86562	69.47	70.78	70.97	68.17	68.90	69.35	70.28	71.53	71.92	69.31	70.40	70.75	1.8479850402	100
16220	16220	86462	86462	69.20	70.62	70.83	67.95	68.58	68.88	70.25	71.25	71.70	69.13	70.15	70.47	1.84711334323	100
16320	16320	86362	86362	69.22	70.50	70.72	67.80	68.42	68.58	69.95	71.12	71.58	68.99	70.02	70.29	1.84654310599	100
16420	16420	86262	86262	69.15	70.15	70.67	67.67	68.33	68.30	69.80	71.05	71.38	68.88	69.84	70.12	1.8459471779	100
16520	16520	86162	86162	68.92	69.92	70.42	67.65	68.12	68.10	69.72	70.92	71.17	68.77	69.66	69.90	1.84611149413	100
16620	16620	86062	86062	69.00	69.75	70.33	67.50	68.10	67.92	69.60	70.67	70.97	68.70	69.51	69.74	1.8467882523	100
16720	16720	85962	85962	68.88	69.72	70.28	67.53	67.92	67.83	69.67	70.45	70.80	68.69	69.37	69.63	1.84576749317	100
16820	16820	85862	85862	68.65	69.50	70.10	67.47	67.85	67.70	69.35	70.22	70.55	68.49	69.19	69.45	1.84477667576	100
16920	16920	85762	85762	68.50	69.45	69.83	67.42	67.70	67.47	69.17	70.05	70.33	68.37	69.07	69.21	1.84595057975	100
17020	17020	85662	85662	68.35	69.22	69.55	67.22	67.47	67.33	68.95	69.90	70.10	68.17	68.87	68.99	1.84595211053	100
17120	17120	85562	85562	68.15	69.15	69.40	67.22	67.47	67.33	68.92	69.80	69.97	68.10	68.81	68.90	1.84601002994	100
17220	17220	85462	85462	67.95	68.95	69.25	67.00	67.38	67.08	68.90	69.78	69.97	67.95	68.70	68.77	1.84735486884	100
17320	17320	85362	85362	68.03	68.83	68.97	66.80	67.12	66.78	68.53	69.75	69.75	67.78	68.57	68.50	1.84745669802	100
17420	17420	85262	85262	68.00	68.78	68.75	66.65	66.90	66.80	68.40	69.47	69.33	67.68	68.38	68.29	1.84560339242	100
17520	17520	85162	85162	67.88	68.55	68.53	66.60	66.88	66.60	68.15	69.22	69.10	67.54	68.22	68.08	1.84598042947	100
17620	17620	85062	85062	67.78	68.28	68.35	66.40	66.70	66.58	68.12	69.12	68.85	67.43	68.03	67.92	1.84495685581	100
17720	17720	84962	84962	67.58	68.10	68.22	66.40	66.45	66.40	67.95	69.12	68.78	67.31	67.89	67.80	1.84606093768	100
17820	17820	84862	84862	67.28	68.05	68.15	66.10	66.42	66.35	68.00	68.85	68.58	67.12	67.78	67.69	1.84477608137	100
17920	17920	84762	84762	67.40	67.97	67.90	65.97	66.15	66.10	67.70	68.85	68.33	67.03	67.66	67.44	1.84587227562	100
18020	18020	84662	84662	67.33	67.80	67.70	65.92	66.00	66.00	67.58	68.67	68.05	66.94	67.49	67.25	1.84560817605	100
18120	18120	84562	84562	67.10	67.85	67.55	65.75	66.17	65.83	67.38	68.60	68.05	66.74	67.54	67.14	1.84722681547	100
18220	18220	84462	84462	66.90	67.50	67.33	65.75	66.00	65.60	67.38	68.50	67.95	66.67	67.33	66.96	1.84680184371	100
18320	18320	84362	84362	66.72	67.30	67.10	65.75	65.90	65.50	67.40	68.33	67.92	66.62	67.17	66.84	1.84641551408	100
18420	18420	84262	84262	66.70	67.15	66.83	65.55	65.85	65.42	67.33	68.10	67.83	66.53	67.03	66.69	1.84636650639	100
18520	18520	84162	84162	66.60	67.10	66.78	65.42	65.67	65.30	67.35	68.10	67.62	66.46	66.96	66.57	1.84601958488	100
18620	18620	84062	84062	66.42	66.92	66.67	65.33	65.62	65.20	67.25	67.72	67.55	66.33	66.76	66.47	1.84509102907	100
18720	18720	83962	83962	66.15	66.58	66.38	65.15	65.30	65.10	67.03	67.65	67.20	66.11	66.51	66.22	1.84477375735	100
18820	18820	83862	83862	66.08	66.55	66.22	65.00	65.38	64.85	66.80	67.62	67.10	65.96	66.52	66.06	1.84470179353	100
18920	18920	83762	83762	65.78	66.35	66.05	65.00	65.28	64.88	66.83	67.53	66.95	65.87	66.38	65.96	1.84556944609	100
19020	19020	83662	83662	65.78	66.33	65.88	64.78	65.08	64.83	66.70	67.47	66.70	65.75	66.29	65.80	1.84434556696	100
19120	19120	83562	83562	65.65	66.33	65.85	64.75	65.12	64.58	66.42	67.33	66.58	65.61	66.26	65.67	1.84319228859	100
19220	19220	83462	83462	65.38	66.08	65.70	64.60	64.92	64.50	66.33	67.10	66.28	65.43	66.03	65.49	1.84438996989	100
19320	19320	83362	83362	65.25	66.08	65.62	64.58	64.90	64.25	66.42	67.15	66.17	65.42	66.04	65.35	1.84472521052	100
19420	19420	83262	83262	65.33	65.92	65.50	64.53	64.83	64.30	66.30	67.00	66.22	65.38	65.92	65.34	1.845753876	100
19520	19520	83162	83162	65.17	65.72	65.45	64.42	64.85	64.28	66.17	66.90	66.10	65.26	65.83	65.28	1.84562892772	100
19620	19620	83062	83062	65.10	65.83	65.38	64.22	64.58	64.25	66.12	66.60	65.95	65.15	65.67	65.19	1.84617529908	100
19720	19720	82962	82962	65.03	65.67	65.22	64.17	64.53	64.15	66.03	66.55	65.92	65.08	65.58	65.10	1.84494591132	100
19820	19820	82862	82862	65.03	65.62	65.12	64.22	64.30	63.90	65.95	66.28	65.90	65.07	65.40	64.97	1.84442707755	100
19920	19920	82762	82762	64.85	65.58	65.03	64.12	64.20	63.85	65.92	66.33	65.72	64.97	65.37	64.87	1.84377903685	100
20020	20020	82662	82662	64.70	65.53	64.78	63.92	64.05	63.75	65.78	66.17	65.65	64.80	65.25	64.72	1.84399350949	100
20120	20120	82562	82562	64.58	65.30	64.70	63.83	64.17	63.83	65.53	66.20	65.60	64.64	65.22	64.71	1.84375347943	100
20220	20220	82462	82462	64.38	65.15	64.60	63.73	63.80	63.73	65.38	66.05	65.42	64.49	65.00	64.58	1.84439874307	100
20320	20320	82362	82362	64.30	64.97	64.50	63.48	63.62	63.62	65.22	65.92	65.30	64.33	64.84	64.47	1.84448138501	100
20420	20420	82262	82262	64.12	64.85	64.38	63.38	63.52	63.45	64.95	66.00	65.17	64.15	64.79	64.33	1.84642156489	100
20520	20520	82162	82162	64.10	64.90	64.08	63.25	63.45	63.25	64.72	65.67	64.92	64.03	64.67	64.08	1.84645287143	100
20620	20620	82062	82062	64.08	64.72	64.12	63.10	63.27	63.10	64.58	65.47	64.78	63.92	64.49	64.00	1.84661542473	100
20720	20720	81962	81962	64.03	64.70	64.05	63.00	63.35	63.00	64.50	65.55	64.67	63.84	64.53	63.91	1.84736290283	100
20820	20820	81862	81862	63.85	64.65	63.90	62.75	63.33	62.98	64.40	65.60	64.60	63.67	64.53	63.83	1.84808637352	100
20920	20920	81762	81762	63.73	64.60	63.77	62.52	63.33	62.90	64.33	65.55	64.55	63.52	64.49	63.74	1.84858418116	100
21020	21020	81662	81662	63.55	64.60	63.75	62.55	63.30	62.85	64.25	65.33	64.47	63.45	64.41	63.69	1.84835742918	100
21120	21120	81562	81562	63.50	64.53	63.60	62.50	63.15	62.73	64.08	65.05	64.35	63.36	64.24	63.56	1.84768218193	100
21220	21220	81462	81462	63.50	64.47	63.58	62.42	63.12	62.60	64.15	65.12	64.17	63.36	64.24	63.45	1.84865267985	100
21320	21320	81362	81362	63.40	64.50	63.60	62.10	63.10	62.67	63.90	65.03	64.17	63.13	64.21	63.48	1.84941942089	100
21420	21420	81262	81262	63.45	64.33	63.48	62.15	62.95	62.58	63.83	64.97	64.22	63.14	64.08	63.42	1.84871448135	100
21520	21520	81162	81162	63.27	64.17	63.42	61.88	62.90	62.40	63.80	64.95	64.12	62.98	64.01	63.32	1.84883406052	100
21620	21620	81062	81062	63.20	64.22	63.27	61.77	62.65	62.30	63.67	64.70	64.10	62.88	63.86	63.23	1.84923655636	100
21720	21720	80962	80962	63.08	64.22	63.10	61.75	62.67	62.17	63.45	64.75	63.92	62.76	63.88	63.07	1.84995101332	100
21820	21820	80862	80862	62.90	64.17	62.95	61.65	62.55	62.15	63.58	64.65	63.73	62.71	63.79	62.94	1.84899545301	100
21920	21920	80762	80762	62.98	64.03	62.88	61.62	62.42	62.02	63.33	64.60	63.60	62.64	63.68	62.83	1.8501284128	100
22020	22020	80662	80662	62.70	63.95	62.77	61.60	62.35	61.88	63.30	64.47	63.48	62.53	63.59	62.71	1.849336301	100
22120	22120	80562	80562	62.52	63.85	62.65	61.55	62.38	61.83	63.20	64.35	63.38	62.42	63.52	62.62	1.84934932589	100
22220	22220	80462	80462	62.40	63.80	62.58	61.50	62.33	61.75	63.23	64.17	63.30	62.38	63.43	62.54	1.84965944397	100
22320	22320	80362	80362	62.27	63.77	62.50	61.50	62.15	61.67	63.17	64.10	63.30	62.32	63.34	62.49	1.85037318622	100
22420	22420	80262	80262	62.35	63.75	62.42	61.33	62.17	61.58	63.02	64.00	63.23	62.23	63.31	62.41	1.85016117165	100
22520	22520	80162	80162	62.35	63.73	62.25	61.20	62.17	61.52	63.08	64.00	63.08	62.21	63.30	62.28	1.85036888257	100
22620	22620	80062	80062	62.15	63.65	62.23	61.17	62.12	61.52	62.95	63.95	63.02	62.09	63.24	62.26	1.85032459387	100
22720	22720	79962	79962	62.00	63.50	62.12	61.00	62.08	61.50	62.85	63.70	62.83	61.95	63.09	62.15	1.85045405598	100
22820	22820	79862	79862	61.95	63.30	62.02	61.02	62.10	61.38	62.77	63.75	62.62	61.92	63.05	62.01	1.85141324861	100
22920	22920	79762	79762	61.73	63.20	61.88	61.02	62.02	61.27	62.55	63.58	62.48	61.77	62.93	61.88	1.85212193529	100
23020	23020	79662	79662	61.70	63.12	61.65	60.98	62.00	61.23	62.58	63.50	62.40	61.75	62.88	61.76	1.85425700756	100
23120	23120	79562	79562	61.58	63.10	61.45	60.88	61.90	61.20	62.33	63.42	62.30	61.59	62.81	61.65	1.85359527198	100
23220	23220	79462	79462	61.62	63.05	61.27	60.85	61.85	61.00	62.10	63.35	62.23	61.52	62.75	61.50	1.85335087885	100
23320	23320	79362	79362	61.55	62.85	61.33	60.70	61.83	60.95	61.95	63.27	62.08	61.40	62.65	61.45	1.85333935518	100
23420	23420	79262	79262	61.48	62.85	61.23	60.62	61.88	60.90	61.75	63.15	62.00	61.28	62.62	61.38	1.85370149765	100
23520	23520	79162	79162	61.42	62.67	61.23	60.55	61.77	60.77	61.75	63.12	61.98	61.24	62.52	61.33	1.85315784447	100
23620	23620	79062	79062	61.33	62.60	61.20	60.42	61.67	60.60	61.65	62.98	61.85	61.13	62.42	61.22	1.85294011035	100
23720	23720	78962	78962	61.15	62.60	61.17	60.35	61.65	60.50	61.55	62.90	61.77	61.02	62.38	61.15	1.85418144433	100
23820	23820	78862	78862	60.90	62.45	61.20	60.12	61.62	60.45	61.17	62.85	61.70	60.73	62.31	61.12	1.85522080803	100
23920	23920	78762	78762	60.85	62.50	61.15	60.12	61.55	60.40	61.15	62.65	61.52	60.71	62.23	61.02	1.85535622863	100
24020	24020	78662	78662	60.85	62.50	61.08	60.00	61.60	60.35	61.05	62.62	61.48	60.63	62.24	60.97	1.855294499	100
24120	24120	78562	78562	60.77	62.50	61.08	59.90	61.48	60.27	61.02	62.58	61.52	60.57	62.18	60.96	1.85572124184	100
24220	24220	78462	78462	60.65	62.42	60.92	59.88	61.40	60.33	61.08	62.50	61.35	60.53	62.11	60.87	1.8557830396	100
24320	24320	78362	78362	60.67	62.33	61.00	59.83	61.38	60.20	61.10	62.50	61.35	60.53	62.07	60.85	1.85554767164	100
24420	24420	78262	78262	60.55	62.23	60.95	59.75	61.23	60.10	61.00	62.40	61.27	60.43	61.95	60.77	1.85550953827	100
24520	24520	78162	78162	60.52	62.23	60.80	59.52	61.20	60.05	60.90	62.40	61.17	60.32	61.94	60.67	1.85610629804	100
24620	24620	78062	78062	60.33	62.12	60.75	59.45	61.20	60.00	60.73	62.40	61.02	60.17	61.91	60.59	1.85484187803	100
24720	24720	77962	77962	60.30	62.20	60.67	59.50	61.12	59.92	60.73	62.30	61.02	60.17	61.88	60.54	1.85592807848	100
24820	24820	77862	77862	60.23	62.15	60.65	59.42	61.05	59.85	60.65	62.42	61.00	60.10	61.88	60.50	1.85585251448	100
24920	24920	77762	77762	60.17	62.05	60.48	59.35	60.95	59.83	60.60	62.40	60.98	60.04	61.80	60.42	1.85588097286	100
25020	25020	77662	77662	60.00	61.98	60.33	59.15	60.95	59.75	60.50	62.17	60.88	59.88	61.70	60.32	1.85513961533	100
25120	25120	77562	77562	59.92	61.77	60.30	59.17	60.98	59.62	60.30	62.02	60.73	59.80	61.59	60.22	1.855412817	100
25220	25220	77462	77462	59.90	61.77	60.23	59.17	60.88	59.60	60.00	62.02	60.55	59.69	61.56	60.12	1.85504846807	100
25320	25320	77362	77362	59.75	61.62	60.05	59.08	60.80	59.52	59.92	61.85	60.48	59.58	61.42	60.02	1.85656570012	100
25420	25420	77262	77262	59.73	61.60	60.08	58.95	60.73	59.33	59.95	61.75	60.38	59.54	61.36	59.92	1.85471745595	100
25520	25520	77162	77162	59.60	61.62	60.02	58.90	60.77	59.27	59.77	61.70	60.33	59.42	61.37	59.88	1.85373948664	100
25620	25620	77062	77062	59.58	61.50	59.90	58.90	60.62	59.23	59.60	61.58	60.27	59.36	61.23	59.80	1.85480755735	100
25720	25720	76962	76962	59.50	61.38	59.77	58.85	60.67	59.23	59.52	61.48	60.12	59.29	61.17	59.71	1.85489864064	100
25820	25820	76862	76862	59.40	61.42	59.73	58.80	60.62	59.17	59.35	61.35	59.98	59.18	61.13	59.62	1.85593568469	100
25920	25920	76762	76762	59.27	61.25	59.70	58.67	60.52	59.02	59.35	61.33	59.98	59.10	61.03	59.57	1.85654754251	100
26020	26020	76662	76662	59.27	61.10	59.67	58.70	60.40	59.00	59.25	61.30	59.88	59.08	60.93	59.52	1.856956924	100
26120	26120	76562	76562	59.25	61.10	59.60	58.55	60.42	58.98	59.02	61.25	59.88	58.94	60.92	59.48	1.85594492078	100
26220	26220	76462	76462	59.17	60.98	59.48	58.48	60.40	58.95	58.83	61.20	59.73	58.83	60.86	59.38	1.85697205368	100
26320	26320	76362	76362	59.20	60.85	59.50	58.45	60.25	58.90	58.80	61.23	59.65	58.82	60.77	59.35	1.85696019179	100
26420	26420	76262	76262	59.15	60.75	59.35	58.33	60.05	58.80	58.67	60.98	59.52	58.72	60.59	59.23	1.85762314247	100
26520	26520	76162	76162	59.08	60.80	59.30	58.20	59.95	58.75	58.65	60.92	59.40	58.64	60.56	59.15	1.85765971296	100
26620	26620	76062	76062	59.05	60.65	59.15	58.08	59.88	58.65	58.48	60.95	59.30	58.53	60.49	59.03	1.858793549	100
26720	26720	75962	75962	58.95	60.55	59.10	58.00	59.88	58.45	58.45	60.85	59.25	58.47	60.42	58.93	1.85847867249	100
26820	26820	75862	75862	58.85	60.48	59.10	57.95	59.77	58.42	58.48	60.75	59.27	58.42	60.33	58.93	1.85929716516	100
26920	26920	75762	75762	58.70	60.35	59.05	57.85	59.77	58.35	58.27	60.65	59.15	58.27	60.26	58.85	1.8593611531	100
27020	27020	75662	75662	58.75	60.38	59.05	57.85	59.73	58.23	58.17	60.50	59.08	58.26	60.20	58.78	1.85946751418	100
27120	27120	75562	75562	58.67	60.33	58.90	57.77	59.67	58.12	58.17	60.48	58.98	58.21	60.16	58.67	1.85983327895	100
27220	27220	75462	75462	58.62	60.10	58.73	57.77	59.67	58.10	58.02	60.42	58.92	58.14	60.07	58.58	1.85937209061	100
27320	27320	75362	75362	58.55	60.08	58.75	57.67	59.62	58.00	57.92	60.42	58.92	58.05	60.04	58.56	1.85964843808	100
27420	27420	75262	75262	58.50	59.92	58.67	57.55	59.50	57.95	57.90	60.23	58.83	57.98	59.88	58.48	1.86027290148	100
27520	27520	75162	75162	58.38	59.85	58.55	57.35	59.38	57.83	57.95	60.15	58.75	57.89	59.79	58.38	1.8609477072	100
27620	27620	75062	75062	58.30	59.80	58.45	57.23	59.17	57.75	57.70	60.00	58.60	57.74	59.66	58.27	1.86146884753	100
27720	27720	74962	74962	58.25	59.80	58.42	57.15	59.00	57.65	57.65	59.90	58.52	57.68	59.57	58.20	1.86202655263	100
27820	27820	74862	74862	58.17	59.80	58.38	57.02	58.98	57.52	57.52	59.98	58.45	57.58	59.58	58.12	1.86219879645	100
27920	27920	74762	74762	58.10	59.85	58.30	56.98	58.95	57.55	57.48	59.92	58.42	57.52	59.58	58.09	1.86202987433	100
28020	28020	74662	74662	57.98	59.70	58.23	56.88	58.98	57.52	57.40	59.88	58.30	57.42	59.52	58.02	1.86185360129	100
28120	28120	74562	74562	57.75	59.67	58.20	56.75	58.90	57.42	57.30	59.77	58.25	57.27	59.45	57.96	1.86252818639	100
28220	28220	74462	74462	57.75	59.55	58.20	56.62	58.90	57.35	57.25	59.80	58.12	57.21	59.42	57.89	1.86282929954	100
28320	28320	74362	74362	57.70	59.58	58.20	56.58	58.77	57.23	57.10	59.75	58.05	57.12	59.37	57.83	1.86375258085	100
28420	28420	74262	74262	57.62	59.42	58.08	56.45	58.67	57.25	56.90	59.70	57.98	56.99	59.27	57.77	1.86360345386	100
28520	28520	74162	74162	57.50	59.35	58.10	56.42	58.70	57.15	56.75	59.62	57.95	56.89	59.23	57.73	1.86316293556	100
28620	28620	74062	74062	57.40	59.35	58.08	56.38	58.67	57.15	56.75	59.60	57.90	56.84	59.21	57.71	1.86284263168	100
28720	28720	73962	73962	57.30	59.33	57.98	56.27	58.70	57.12	56.70	59.60	57.83	56.76	59.21	57.64	1.8632123644	100
28820	28820	73862	73862	57.30	59.30	57.95	56.12	58.50	57.08	56.60	59.55	57.77	56.67	59.12	57.60	1.86354529257	100
28920	28920	73762	73762	57.23	59.35	57.80	56.05	58.50	56.92	56.55	59.30	57.65	56.61	59.05	57.46	1.86394561416	100
29020	29020	73662	73662	57.20	59.27	57.67	55.98	58.48	56.88	56.50	59.27	57.65	56.56	59.01	57.40	1.86410510323	100
29120	29120	73562	73562	57.20	59.35	57.62	55.92	58.40	56.90	56.50	59.35	57.58	56.54	59.03	57.37	1.86422881299	100
29220	29220	73462	73462	57.20	59.30	57.55	55.85	58.40	56.83	56.33	59.27	57.52	56.46	58.99	57.30	1.86522242061	100
29320	29320	73362	73362	57.10	59.20	57.52	55.80	58.35	56.77	56.25	59.25	57.38	56.38	58.93	57.23	1.86741157993	100
29420	29420	73262	73262	56.92	59.08	57.45	55.75	58.25	56.77	56.17	59.20	57.23	56.28	58.84	57.15	1.86823154971	100
29520	29520	73162	73162	56.88	59.10	57.27	55.65	58.23	56.67	56.08	59.05	57.12	56.20	58.79	57.02	1.86971427402	100
29620	29620	73062	73062	56.88	59.10	57.23	55.52	58.17	56.62	55.95	59.02	57.00	56.12	58.77	56.95	1.87211168532	100
29720	29720	72962	72962	56.67	59.00	57.15	55.50	58.08	56.52	55.85	58.88	56.90	56.01	58.65	56.86	1.87620008895	100
29820	29820	72862	72862	56.60	58.98	57.05	55.42	58.08	56.33	55.73	58.83	56.85	55.92	58.62	56.74	1.87660389329	100
29920	29920	72762	72762	56.48	58.92	56.98	55.27	58.05	56.30	55.75	58.80	56.83	55.83	58.59	56.70	1.87605359536	100
30020	30020	72662	72662	56.42	58.77	56.80	55.23	57.98	56.23	55.70	58.70	56.67	55.78	58.48	56.57	1.87515876519	100
30120	30120	72562	72562	56.30	58.77	56.80	55.17	57.98	56.12	55.62	58.67	56.60	55.70	58.48	56.51	1.87506359589	100
30220	30220	72462	72462	56.25	58.75	56.75	55.12	57.92	56.10	55.50	58.65	56.55	55.62	58.44	56.47	1.87526481591	100
30320	30320	72362	72362	56.15	58.60	56.75	55.17	57.83	56.02	55.48	58.50	56.58	55.60	58.31	56.45	1.87580081633	100
30420	30420	72262	72262	56.12	58.52	56.65	55.15	57.73	56.08	55.48	58.58	56.35	55.58	58.27	56.36	1.87506977254	100
30520	30520	72162	72162	56.10	58.52	56.62	55.10	57.80	56.02	55.48	58.52	56.35	55.56	58.28	56.33	1.87480100737	100
30620	30620	72062	72062	56.10	58.45	56.58	55.12	57.77	55.95	55.50	58.45	56.27	55.58	58.23	56.27	1.87461354064	100
30720	30720	71962	71962	56.10	58.45	56.60	55.10	57.77	55.90	55.40	58.35	56.25	55.53	58.19	56.25	1.87390108748	100
30820	30820	71862	71862	56.10	58.40	56.62	55.10	57.77	55.85	55.35	58.33	56.27	55.52	58.17	56.25	1.87412881576	100
30920	30920	71762	71762	56.02	58.35	56.62	55.02	57.77	55.75	55.35	58.20	56.33	55.47	58.11	56.23	1.87430411912	100
31020	31020	71662	71662	55.98	58.30	56.52	54.98	57.70	55.77	55.27	58.27	56.27	55.41	58.09	56.19	1.87495446275	100
31120	31120	71562	71562	55.92	58.17	56.45	54.88	57.62	55.75	55.30	58.23	56.23	55.37	58.01	56.14	1.87502945705	100
31220	31220	71462	71462	55.92	58.30	56.45	54.88	57.55	55.75	55.33	58.12	56.17	55.38	57.99	56.12	1.8748618639	100
31320	31320	71362	71362	55.88	58.30	56.38	54.77	57.52	55.75	55.20	58.08	56.12	55.28	57.97	56.08	1.87509702358	100
31420	31420	71262	71262	55.88	58.25	56.33	54.67	57.42	55.60	55.15	58.08	56.12	55.23	57.92	56.02	1.8749375261	100
31520	31520	71162	71162	55.85	58.27	56.35	54.73	57.40	55.65	55.15	58.10	56.08	55.24	57.92	56.02	1.87461741093	100
31620	31620	71062	71062	55.75	58.15	56.38	54.70	57.40	55.60	55.15	58.17	55.95	55.20	57.91	55.98	1.87534106676	100
31720	31720	70962	70962	55.73	58.05	56.30	54.70	57.38	55.60	55.23	58.10	56.00	55.22	57.84	55.97	1.87527620253	100
31820	31820	70862	70862	55.70	58.10	56.27	54.70	57.35	55.62	55.15	58.02	55.98	55.18	57.83	55.96	1.87600968552	100
31920	31920	70762	70762	55.65	58.10	56.30	54.62	57.38	55.60	55.17	57.92	55.90	55.15	57.80	55.93	1.87638625977	100
32020	32020	70662	70662	55.62	57.98	56.25	54.62	57.38	55.55	55.02	57.98	55.85	55.09	57.77	55.88	1.87645734151	100
32120	32120	70562	70562	55.60	57.92	56.25	54.62	57.33	55.45	54.98	57.98	55.85	55.07	57.74	55.85	1.87657163176	100
32220	32220	70462	70462	55.55	57.90	56.17	54.58	57.30	55.42	54.90	57.98	55.85	55.01	57.73	55.82	1.87647680983	100
32320	32320	70362	70362	55.42	57.90	56.10	54.55	57.25	55.45	54.73	57.98	55.85	54.90	57.71	55.80	1.87742232159	100
32420	32420	70262	70262	55.40	57.90	56.10	54.48	57.20	55.35	54.83	57.98	55.85	54.90	57.69	55.77	1.87848030531	100
32520	32520	70162	70162	55.40	57.83	56.10	54.45	57.10	55.42	54.75	57.92	55.83	54.87	57.62	55.78	1.87895114446	100
32620	32620	70062	70062	55.38	57.75	56.05	54.45	57.05	55.40	54.75	57.85	55.85	54.86	57.55	55.77	1.87972443639	100
32720	32720	69962	69962	55.33	57.75	55.98	54.45	56.98	55.40	54.73	57.80	55.83	54.83	57.51	55.73	1.88109392651	100
32820	32820	69862	69862	55.33	57.67	56.00	54.42	57.08	55.35	54.73	57.73	55.77	54.83	57.49	55.71	1.88141121954	100
32920	32920	69762	69762	55.27	57.60	56.00	54.40	57.10	55.35	54.73	57.75	55.77	54.80	57.48	55.71	1.88232284065	100
33020	33020	69662	69662	55.25	57.55	55.98	54.38	57.00	55.35	54.70	57.67	55.73	54.77	57.41	55.68	1.88256267777	100
33120	33120	69562	69562	55.23	57.52	55.92	54.38	57.00	55.38	54.67	57.60	55.75	54.76	57.38	55.68	1.8831852902	100
33220	33220	69462	69462	55.20	57.52	55.92	54.33	56.98	55.35	54.60	57.65	55.75	54.71	57.38	55.67	1.88365129327	100
33320	33320	69362	69362	55.23	57.52	55.88	54.20	56.88	55.33	54.58	57.62	55.70	54.67	57.34	55.63	1.88406381533	100
33420	33420	69262	69262	55.12	57.50	55.88	54.12	56.90	55.35	54.60	57.55	55.70	54.62	57.32	55.64	1.88399692341	100
33520	33520	69162	69162	55.08	57.50	55.88	54.15	56.95	55.30	54.62	57.52	55.67	54.62	57.33	55.62	1.88430872736	100
33620	33620	69062	69062	55.08	57.50	55.80	54.17	56.88	55.27	54.67	57.52	55.67	54.64	57.30	55.58	1.88436160774	100
33720	33720	68962	68962	55.08	57.52	55.77	54.12	56.85	55.17	54.62	57.52	55.62	54.61	57.30	55.52	1.88430769274	100
33820	33820	68862	68862	55.05	57.48	55.75	54.08	56.83	55.15	54.60	57.48	55.60	54.58	57.26	55.50	1.88479438548	100
33920	33920	68762	68762	55.00	57.48	55.67	54.05	56.80	55.17	54.48	57.48	55.58	54.51	57.25	55.48	1.88551697254	100
34020	34020	68662	68662	54.98	57.45	55.67	54.00	56.80	55.12	54.35	57.48	55.55	54.44	57.24	55.45	1.88584300401	100
34120	34120	68562	68562	55.00	57.35	55.65	53.98	56.77	55.10	54.35	57.48	55.52	54.44	57.20	55.42	1.88646135819	100
34220	34220	68462	68462	54.92	57.38	55.60	53.95	56.73	55.00	54.35	57.42	55.52	54.41	57.17	55.38	1.88706690635	100
34320	34320	68362	68362	54.90	57.38	55.62	53.95	56.80	55.02	54.40	57.38	55.50	54.42	57.18	55.38	1.88768225939	100
34420	34420	68262	68262	54.90	57.27	55.62	53.95	56.77	55.00	54.38	57.42	55.48	54.41	57.16	55.37	1.88818882677	100
34520	34520	68162	68162	54.88	57.20	55.58	53.90	56.75	55.00	54.38	57.33	55.38	54.38	57.09	55.32	1.88937952179	100
34620	34620	68062	68062	54.88	57.27	55.52	53.88	56.73	55.00	54.38	57.27	55.38	54.38	57.09	55.30	1.88993738857	100
34720	34720	67962	67962	54.88	57.23	55.50	53.88	56.73	55.00	54.33	57.23	55.33	54.36	57.06	55.27	1.89030580575	100
34820	34820	67862	67862	54.85	57.20	55.42	53.85	56.70	54.95	54.33	57.12	55.35	54.34	57.01	55.24	1.89099946655	100
34920	34920	67762	67762	54.88	57.23	55.40	53.83	56.67	54.95	54.33	57.12	55.38	54.34	57.01	55.24	1.89163899947	100
35020	35020	67662	67662	54.88	57.23	55.42	53.77	56.65	54.92	54.30	57.02	55.33	54.32	56.97	55.23	1.89173913822	100
35120	35120	67562	67562	54.88	57.17	55.40	53.73	56.65	54.88	54.30	57.08	55.27	54.30	56.97	55.18	1.89223425515	100
35220	35220	67462	67462	54.85	57.17	55.42	53.73	56.62	54.88	54.33	56.98	55.25	54.30	56.92	55.18	1.89307567376	100
35320	35320	67362	67362	54.80	57.17	55.48	53.73	56.58	54.85	54.30	57.05	55.27	54.27	56.93	55.20	1.89341189951	100
35420	35420	67262	67262	54.85	57.15	55.40	53.75	56.50	54.83	54.30	57.10	55.23	54.30	56.92	55.15	1.89360038801	100
35520	35520	67162	67162	54.80	57.10	55.42	53.75	56.55	54.83	54.30	57.02	55.20	54.28	56.89	55.15	1.89426248579	100
35620	35620	67062	67062	54.77	57.02	55.40	53.70	56.50	54.75	54.30	57.02	55.15	54.26	56.85	55.10	1.89509209216	100
35720	35720	66962	66962	54.77	57.02	55.38	53.67	56.52	54.73	54.27	57.00	55.17	54.24	56.85	55.09	1.89581396306	100
35820	35820	66862	66862	54.73	56.95	55.38	53.65	56.58	54.70	54.27	57.02	55.15	54.22	56.85	55.08	1.89693345191	100
35920	35920	66762	66762	54.70	56.95	55.38	53.70	56.55	54.70	54.25	57.02	55.15	54.22	56.84	55.08	1.89726259151	100
36020	36020	66662	66662	54.70	56.95	55.33	53.67	56.52	54.62	54.20	57.00	55.10	54.19	56.83	55.02	1.89757157105	100
36120	36120	66562	66562	54.65	56.98	55.30	53.65	56.52	54.60	54.17	57.00	55.10	54.16	56.83	55.00	1.89811693245	100
36220	36220	66462	66462	54.65	56.95	55.27	53.60	56.45	54.60	54.20	56.92	55.08	54.15	56.77	54.98	1.89892759909	100
36320	36320	66362	66362	54.65	56.95	55.27	53.60	56.50	54.62	54.15	56.90	55.05	54.13	56.78	54.98	1.89955683975	100
36420	36420	66262	66262	54.60	56.92	55.27	53.58	56.50	54.58	54.15	56.90	55.05	54.11	56.77	54.97	1.89986685834	100
36520	36520	66162	66162	54.58	56.92	55.27	53.52	56.42	54.58	54.12	56.90	55.05	54.08	56.75	54.97	1.90042142154	100
36620	36620	66062	66062	54.52	56.95	55.27	53.50	56.33	54.58	54.10	56.88	55.00	54.04	56.72	54.95	1.90100070149	100
36720	36720	65962	65962	54.48	56.92	55.25	53.50	56.33	54.58	54.10	56.85	54.98	54.02	56.70	54.93	1.90133691339	100
36820	36820	65862	65862	54.48	56.95	55.25	53.52	56.27	54.50	54.10	56.83	55.00	54.03	56.68	54.92	1.90137776229	100
36920	36920	65762	65762	54.50	56.90	55.33	53.50	56.27	54.48	54.10	56.77	54.98	54.03	56.65	54.92	1.90270029509	100
37020	37020	65662	65662	54.50	56.85	55.27	53.52	56.23	54.50	54.12	56.77	54.88	54.05	56.62	54.88	1.90339459059	100
37120	37120	65562	65562	54.52	56.77	55.30	53.48	56.23	54.42	54.08	56.77	54.83	54.02	56.59	54.85	1.9034639623	100
37220	37220	65462	65462	54.50	56.77	55.25	53.45	56.23	54.42	54.08	56.80	54.80	54.01	56.60	54.83	1.90436422981	100
37320	37320	65362	65362	54.58	56.80	55.25	53.45	56.25	54.40	54.12	56.83	54.80	54.05	56.62	54.82	1.90459554818	100
37420	37420	65262	65262	54.60	56.83	55.23	53.40	56.27	54.40	54.12	56.83	54.80	54.04	56.64	54.81	1.90487009355	100
37520	37520	65162	65162	54.62	56.73	55.23	53.40	56.23	54.38	54.02	56.73	54.80	54.02	56.56	54.80	1.90556054999	100
37620	37620	65062	65062	54.55	56.73	55.17	53.38	56.17	54.35	54.00	56.73	54.80	53.98	56.54	54.77	1.90535268199	100
37720	37720	64962	64962	54.58	56.67	55.17	53.35	56.17	54.35	54.02	56.75	54.80	53.98	56.53	54.77	1.90612025738	100
37820	37820	64862	64862	54.60	56.67	55.20	53.33	56.17	54.35	54.05	56.73	54.80	53.99	56.52	54.78	1.90639781429	100
37920	37920	64762	64762	54.55	56.62	55.20	53.35	56.10	54.33	54.00	56.67	54.75	53.97	56.47	54.76	1.90707702764	100
38020	38020	64662	64662	54.55	56.55	55.12	53.38	56.10	54.33	54.02	56.67	54.77	53.98	56.44	54.74	1.90730815349	100
38120	38120	64562	64562	54.50	56.55	55.10	53.38	56.10	54.33	54.00	56.70	54.75	53.96	56.45	54.73	1.90750106529	100
38220	38220	64462	64462	54.55	56.50	55.12	53.38	56.08	54.33	54.00	56.67	54.73	53.98	56.42	54.73	1.90821895002	100
38320	38320	64362	64362	54.48	56.48	55.10	53.35	56.08	54.33	54.00	56.65	54.73	53.94	56.40	54.72	1.90895648048	100
38420	38420	64262	64262	54.52	56.48	55.12	53.33	56.10	54.33	53.92	56.55	54.73	53.92	56.38	54.73	1.90922581382	100
38520	38520	64162	64162	54.50	56.48	55.12	53.33	56.10	54.35	53.92	56.55	54.73	53.92	56.38	54.73	1.90925711551	100
38620	38620	64062	64062	54.50	56.45	55.10	53.35	56.05	54.30	53.92	56.55	54.75	53.92	56.35	54.72	1.90987914888	100
38720	38720	63962	63962	54.58	56.45	55.12	53.33	56.08	54.35	53.95	56.52	54.70	53.95	56.35	54.73	1.91020800412	100
38820	38820	63862	63862	54.55	56.42	55.12	53.35	56.05	54.38	53.92	56.48	54.73	53.94	56.32	54.74	1.91061856476	100
38920	38920	63762	63762	54.55	56.40	55.10	53.33	56.00	54.35	53.88	56.48	54.73	53.92	56.29	54.73	1.91050224304	100
39020	39020	63662	63662	54.60	56.40	55.10	53.27	55.98	54.38	53.95	56.40	54.70	53.94	56.26	54.73	1.910504583	100
39120	39120	63562	63562	54.55	56.40	55.10	53.23	56.00	54.38	53.98	56.40	54.73	53.92	56.27	54.73	1.91115152197	100
39220	39220	63462	63462	54.50	56.38	55.08	53.23	56.08	54.40	53.88	56.38	54.70	53.87	56.27	54.73	1.9112897753	100
39320	39320	63362	63362	54.48	56.35	55.05	53.17	56.08	54.40	53.90	56.40	54.70	53.85	56.27	54.72	1.91190917232	100
39420	39420	63262	63262	54.40	56.35	55.05	53.17	56.00	54.38	53.90	56.38	54.67	53.83	56.24	54.70	1.91224687196	100
39520	39520	63162	63162	54.35	56.40	55.08	53.17	56.00	54.38	53.90	56.38	54.67	53.81	56.26	54.71	1.91278409755	100
39620	39620	63062	63062	54.38	56.35	55.02	53.20	55.95	54.38	53.88	56.30	54.65	53.82	56.20	54.68	1.91357487697	100
39720	39720	62962	62962	54.35	56.30	55.00	53.20	55.92	54.35	53.88	56.30	54.65	53.81	56.17	54.67	1.91407637147	100
39820	39820	62862	62862	54.30	56.30	55.02	53.17	55.92	54.33	53.85	56.30	54.60	53.77	56.17	54.65	1.91460352693	100
39920	39920	62762	62762	54.33	56.33	55.02	53.20	55.92	54.35	53.88	56.27	54.60	53.80	56.17	54.66	1.91483793415	100
40020	40020	62662	62662	54.27	56.33	55.02	53.20	55.95	54.33	53.85	56.27	54.60	53.77	56.18	54.65	1.91554274723	100
40120	40120	62562	62562	54.30	56.30	55.02	53.17	55.95	54.33	53.85	56.27	54.58	53.77	56.17	54.64	1.91625731729	100
40220	40220	62462	62462	54.27	56.30	55.00	53.17	55.95	54.30	53.85	56.23	54.60	53.77	56.16	54.63	1.9164346167	100
40320	40320	62362	62362	54.25	56.23	54.98	53.17	55.98	54.30	53.80	56.17	54.55	53.74	56.12	54.61	1.9164169803	100
40420	40420	62262	62262	54.30	56.23	54.95	53.20	55.88	54.33	53.77	56.17	54.50	53.76	56.09	54.59	1.91642655027	100
40520	40520	62162	62162	54.27	56.20	54.88	53.20	55.92	54.30	53.83	56.15	54.45	53.77	56.09	54.54	1.91700750681	100
40620	40620	62062	62062	54.30	56.20	54.88	53.20	55.90	54.33	53.83	56.12	54.48	53.77	56.08	54.56	1.91739811217	100
40720	40720	61962	61962	54.23	56.15	54.85	53.17	55.88	54.30	53.83	56.12	54.48	53.74	56.05	54.54	1.91783687201	100
40820	40820	61862	61862	54.23	56.12	54.85	53.17	55.88	54.30	53.85	56.12	54.48	53.75	56.04	54.54	1.91826719787	100
40920	40920	61762	61762	54.23	56.12	54.80	53.15	55.85	54.27	53.85	56.12	54.48	53.74	56.03	54.52	1.91823324749	100
41020	41020	61662	61662	54.20	56.12	54.80	53.12	55.83	54.30	53.88	56.10	54.48	53.73	56.02	54.52	1.9184574341	100
41120	41120	61562	61562	54.17	56.08	54.80	53.12	55.83	54.27	53.85	56.08	54.48	53.72	55.99	54.52	1.91866549522	100
41220	41220	61462	61462	54.10	56.05	54.77	53.17	55.80	54.27	53.85	56.10	54.45	53.71	55.98	54.50	1.91915296608	100
41320	41320	61362	61362	54.08	56.10	54.73	53.17	55.80	54.25	53.88	56.10	54.50	53.71	56.00	54.49	1.9193300587	100
41420	41420	61262	61262	54.10	56.08	54.73	53.20	55.80	54.25	53.88	56.12	54.52	53.73	56.00	54.50	1.91950163691	100
41520	41520	61162	61162	54.08	56.05	54.65	53.17	55.80	54.23	53.85	56.12	54.52	53.70	55.99	54.47	1.91949400527	100
41620	41620	61062	61062	54.08	56.05	54.67	53.17	55.75	54.20	53.85	56.12	54.52	53.70	55.98	54.47	1.91952977584	100
41720	41720	60962	60962	54.08	56.05	54.60	53.15	55.77	54.17	53.85	56.08	54.48	53.69	55.97	54.42	1.91996756019	100
41820	41820	60862	60862	54.08	56.02	54.65	53.15	55.73	54.20	53.88	56.05	54.45	53.70	55.93	54.43	1.91980016748	100
41920	41920	60762	60762	54.08	56.00	54.65	53.15	55.70	54.20	53.85	56.08	54.42	53.69	55.92	54.42	1.91999168826	100
42020	42020	60662	60662	54.05	55.98	54.62	53.12	55.73	54.17	53.88	56.05	54.40	53.68	55.92	54.40	1.9207689652	100
42120	42120	60562	60562	54.02	55.98	54.62	53.12	55.67	54.20	53.85	56.02	54.40	53.67	55.89	54.41	1.92130344498	100
42220	42220	60462	60462	54.05	55.98	54.62	53.12	55.62	54.23	53.83	56.05	54.40	53.67	55.88	54.42	1.92093472692	100
42320	42320	60362	60362	54.05	55.95	54.60	53.10	55.62	54.20	53.85	56.08	54.40	53.67	55.88	54.40	1.92114843563	100
42420	42420	60262	60262	54.08	55.92	54.62	53.12	55.62	54.17	53.83	56.08	54.38	53.67	55.88	54.39	1.92161156518	100
42520	42520	60162	60162	54.08	55.85	54.62	53.12	55.65	54.15	53.83	56.05	54.38	53.67	55.85	54.38	1.9214917349	100
42620	42620	60062	60062	54.08	55.85	54.62	53.10	55.62	54.17	53.83	56.02	54.30	53.67	55.83	54.37	1.92169237509	100
42720	42720	59962	59962	54.05	55.83	54.62	53.10	55.55	54.17	53.83	56.02	54.33	53.66	55.80	54.38	1.92219831218	100
42820	42820	59862	59862	54.02	55.85	54.60	53.08	55.55	54.17	53.83	56.05	54.33	53.64	55.82	54.37	1.92239848037	100
42920	42920	59762	59762	54.05	55.83	54.60	53.10	55.58	54.17	53.83	56.02	54.33	53.66	55.81	54.37	1.92286716172	100
43020	43020	59662	59662	54.02	55.83	54.60	53.05	55.62	54.20	53.83	56.00	54.30	53.63	55.82	54.37	1.9231020832	100
43120	43120	59562	59562	53.98	55.77	54.55	53.05	55.62	54.20	53.83	56.05	54.30	53.62	55.82	54.35	1.92357353046	100
43220	43220	59462	59462	53.98	55.77	54.50	53.08	55.55	54.20	53.83	56.00	54.30	53.62	55.77	54.33	1.92398574188	100
43320	43320	59362	59362	54.00	55.77	54.48	53.08	55.55	54.20	53.77	56.00	54.33	53.62	55.77	54.33	1.92397883282	100
43420	43420	59262	59262	53.98	55.77	54.45	53.15	55.55	54.20	53.75	55.95	54.30	53.62	55.76	54.32	1.92465646353	100
43520	43520	59162	59162	53.98	55.77	54.45	53.17	55.55	54.15	53.75	55.95	54.27	53.63	55.76	54.29	1.92486985024	100
43620	43620	59062	59062	53.98	55.83	54.42	53.10	55.55	54.10	53.77	55.92	54.30	53.62	55.77	54.27	1.92501984591	100
43720	43720	58962	58962	53.92	55.83	54.42	53.12	55.50	54.10	53.73	55.92	54.27	53.59	55.75	54.27	1.92536016869	100
43820	43820	58862	58862	53.92	55.83	54.42	53.15	55.48	54.08	53.73	55.95	54.27	53.60	55.75	54.26	1.92537841887	100
43920	43920	58762	58762	53.95	55.80	54.42	53.12	55.45	54.10	53.75	55.92	54.27	53.61	55.73	54.27	1.92593275606	100
44020	44020	58662	58662	53.98	55.85	54.38	53.12	55.45	54.10	53.70	55.90	54.27	53.60	55.73	54.25	1.92679708297	100
44120	44120	58562	58562	53.92	55.83	54.35	53.05	55.45	54.10	53.70	55.83	54.25	53.56	55.70	54.23	1.92736553336	100
44220	44220	58462	58462	53.92	55.85	54.33	53.10	55.45	54.15	53.67	55.83	54.20	53.57	55.71	54.23	1.92744138101	100
44320	44320	58362	58362	53.90	55.83	54.33	53.12	55.52	54.15	53.70	55.85	54.23	53.58	55.73	54.23	1.92758533553	100
44420	44420	58262	58262	53.90	55.83	54.30	53.12	55.50	54.15	53.67	55.88	54.25	53.57	55.73	54.23	1.92783791083	100
44520	44520	58162	58162	53.90	55.77	54.30	53.12	55.45	54.12	53.67	55.85	54.25	53.57	55.69	54.23	1.92766739712	100
44620	44620	58062	58062	53.88	55.77	54.30	53.15	55.42	54.12	53.70	55.80	54.17	53.58	55.67	54.20	1.92821753898	100
44720	44720	57962	57962	53.83	55.75	54.30	53.12	55.42	54.15	53.70	55.75	54.17	53.55	55.64	54.21	1.92833995102	100
44820	44820	57862	57862	53.85	55.75	54.30	53.10	55.40	54.17	53.73	55.70	54.15	53.56	55.62	54.21	1.92794435407	100
44920	44920	57762	57762	53.88	55.73	54.30	53.08	55.38	54.15	53.73	55.70	54.17	53.56	55.60	54.21	1.92803211709	100
45020	45020	57662	57662	53.85	55.73	54.30	53.10	55.38	54.15	53.73	55.73	54.15	53.56	55.61	54.20	1.92821027209	100
45120	45120	57562	57562	53.85	55.73	54.30	53.12	55.38	54.12	53.73	55.60	54.12	53.57	55.57	54.18	1.9285104476	100
45220	45220	57462	57462	53.90	55.73	54.27	53.10	55.38	54.05	53.73	55.60	54.12	53.58	55.57	54.15	1.92870367364	100
45320	45320	57362	57362	53.88	55.73	54.23	53.17	55.38	54.12	53.73	55.58	54.08	53.59	55.56	54.14	1.92903558058	100
45420	45420	57262	57262	53.83	55.67	54.23	53.15	55.38	54.12	53.73	55.58	54.08	53.57	55.54	54.14	1.92950727354	100
45520	45520	57162	57162	53.85	55.67	54.20	53.12	55.35	54.17	53.75	55.58	54.08	53.58	55.53	54.15	1.92964970128	100
45620	45620	57062	57062	53.83	55.67	54.20	53.12	55.35	54.15	53.75	55.58	54.05	53.57	55.53	54.13	1.92980013542	100
45720	45720	56962	56962	53.80	55.75	54.20	53.12	55.40	54.12	53.77	55.58	54.05	53.57	55.58	54.12	1.92999401434	100
45820	45820	56862	56862	53.80	55.73	54.20	53.10	55.40	54.08	53.73	55.52	54.00	53.54	55.55	54.09	1.92975599555	100
45920	45920	56762	56762	53.85	55.75	54.20	53.12	55.33	54.10	53.73	55.50	54.00	53.57	55.52	54.10	1.93003145717	100
46020	46020	56662	56662	53.83	55.67	54.20	53.15	55.40	54.12	53.73	55.50	54.00	53.57	55.52	54.11	1.93024854039	100
46120	46120	56562	56562	53.83	55.67	54.20	53.15	55.40	54.12	53.73	55.45	54.02	53.57	55.51	54.12	1.93010267811	100
46220	46220	56462	56462	53.85	55.67	54.20	53.17	55.38	54.12	53.73	55.48	53.98	53.58	55.51	54.10	1.93079472137	100
46320	46320	56362	56362	53.85	55.62	54.20	53.17	55.35	54.10	53.73	55.50	54.02	53.58	55.49	54.11	1.93137135641	100
46420	46420	56262	56262	53.85	55.58	54.20	53.17	55.35	54.08	53.73	55.52	54.05	53.58	55.48	54.11	1.93111771904	100
46520	46520	56162	56162	53.83	55.55	54.20	53.17	55.35	54.08	53.73	55.45	54.02	53.58	55.45	54.10	1.93094087639	100
46620	46620	56062	56062	53.83	55.58	54.17	53.17	55.35	54.08	53.73	55.50	54.00	53.58	55.48	54.08	1.93112326221	100
46720	46720	55962	55962	53.85	55.55	54.20	53.20	55.35	54.05	53.75	55.45	54.02	53.60	55.45	54.09	1.93179175997	100
46820	46820	55862	55862	53.88	55.55	54.23	53.15	55.35	54.08	53.77	55.42	53.98	53.60	55.44	54.09	1.93185467879	100
46920	46920	55762	55762	53.88	55.52	54.20	53.10	55.35	54.08	53.77	55.38	54.00	53.58	55.42	54.09	1.93207220155	100
47020	47020	55662	55662	53.85	55.52	54.25	53.10	55.30	54.10	53.77	55.35	54.00	53.58	55.39	54.12	1.9324413708	100
47120	47120	55562	55562	53.88	55.50	54.27	53.10	55.30	54.05	53.77	55.30	53.98	53.58	55.37	54.10	1.93296338847	100
47220	47220	55462	55462	53.80	55.50	54.23	53.10	55.33	54.08	53.77	55.42	53.95	53.56	55.42	54.08	1.93307193393	100
47320	47320	55362	55362	53.83	55.50	54.17	53.12	55.33	54.08	53.75	55.35	53.95	53.57	55.39	54.07	1.93332882421	100
47420	47420	55262	55262	53.83	55.45	54.15	53.10	55.30	54.08	53.77	55.38	53.98	53.57	55.38	54.07	1.93377265993	100
47520	47520	55162	55162	53.85	55.48	54.15	53.10	55.27	54.08	53.75	55.38	53.98	53.57	55.38	54.07	1.9338887683	100
47620	47620	55062	55062	53.85	55.48	54.15	53.12	55.27	54.08	53.88	55.33	53.98	53.62	55.36	54.07	1.93420886428	100
47720	47720	54962	54962	53.83	55.45	54.15	53.08	55.27	54.05	53.85	55.38	53.95	53.58	55.37	54.05	1.93397426993	100
47820	47820	54862	54862	53.83	55.50	54.15	53.05	55.23	54.05	53.83	55.42	53.88	53.57	55.38	54.02	1.93399845407	100
47920	47920	54762	54762	53.83	55.42	54.12	53.05	55.25	54.05	53.85	55.40	53.88	53.58	55.36	54.02	1.93449973823	100
48020	48020	54662	54662	53.83	55.42	54.12	53.05	55.25	54.02	53.88	55.42	53.88	53.58	55.37	54.01	1.93508838448	100
48120	48120	54562	54562	53.80	55.40	54.12	53.05	55.25	54.02	53.85	55.40	53.88	53.57	55.35	54.01	1.93500702524	100
48220	48220	54462	54462	53.83	55.40	54.12	53.05	55.25	54.05	53.90	55.38	53.88	53.59	55.34	54.02	1.93509731756	100
48320	48320	54362	54362	53.80	55.42	54.15	53.02	55.23	54.02	53.90	55.33	53.88	53.58	55.33	54.02	1.93563734072	100
48420	48420	54262	54262	53.80	55.48	54.15	53.00	55.23	54.02	53.90	55.42	53.88	53.57	55.38	54.02	1.93561095919	100
48520	48520	54162	54162	53.83	55.45	54.15	53.00	55.25	54.02	53.88	55.42	53.88	53.57	55.38	54.02	1.93574170777	100
48620	48620	54062	54062	53.83	55.48	54.15	53.05	55.20	54.05	53.90	55.40	53.92	53.59	55.36	54.04	1.93601813518	100
48720	48720	53962	53962	53.85	55.48	54.15	53.00	55.23	54.05	53.88	55.40	53.92	53.58	55.37	54.04	1.93628296849	100
48820	48820	53862	53862	53.85	55.45	54.15	53.00	55.23	54.02	53.88	55.40	53.92	53.58	55.36	54.03	1.93609346665	100
48920	48920	53762	53762	53.80	55.50	54.15	53.02	55.25	54.05	53.90	55.38	53.92	53.58	55.38	54.04	1.93659092717	100
49020	49020	53662	53662	53.83	55.45	54.15	53.02	55.25	54.08	53.90	55.38	53.90	53.58	55.36	54.04	1.93635746972	100
49120	49120	53562	53562	53.83	55.48	54.17	53.02	55.23	54.10	53.92	55.30	53.90	53.59	55.33	54.06	1.93686499096	100
49220	49220	53462	53462	53.83	55.48	54.15	53.02	55.23	54.10	53.92	55.35	53.92	53.59	55.35	54.06	1.93681609818	100
49320	49320	53362	53362	53.83	55.48	54.15	53.02	55.23	54.08	53.90	55.30	53.92	53.58	55.33	54.05	1.93694954647	100
49420	49420	53262	53262	53.80	55.48	54.17	53.02	55.20	54.10	53.90	55.30	53.92	53.58	55.33	54.07	1.93707754184	100
49520	49520	53162	53162	53.83	55.48	54.20	53.02	55.20	54.10	53.90	55.25	53.90	53.58	55.31	54.07	1.93713231729	100
49620	49620	53062	53062	53.80	55.48	54.20	53.00	55.17	54.10	53.88	55.27	53.90	53.56	55.31	54.07	1.93748565861	100
49720	49720	52962	52962	53.80	55.48	54.20	53.00	55.15	54.10	53.90	55.27	53.92	53.57	55.30	54.08	1.93777444919	100
49820	49820	52862	52862	53.83	55.48	54.20	53.00	55.17	54.10	53.90	55.25	53.90	53.58	55.30	54.07	1.93816994512	100
49920	49920	52762	52762	53.80	55.48	54.17	53.00	55.20	54.10	53.90	55.30	53.90	53.57	55.33	54.06	1.9382755955	100
50020	50020	52662	52662	53.80	55.48	54.15	53.00	55.23	54.10	53.88	55.30	53.90	53.56	55.33	54.05	1.93839991182	100
50120	50120	52562	52562	53.77	55.48	54.15	53.02	55.17	54.10	53.90	55.27	53.90	53.57	55.31	54.05	1.93871785814	100
50220	50220	52462	52462	53.83	55.45	54.12	53.00	55.17	54.12	53.92	55.33	53.90	53.58	55.32	54.05	1.93895746805	100
50320	50320	52362	52362	53.83	55.50	54.12	53.00	55.17	54.10	53.92	55.25	53.90	53.58	55.31	54.04	1.9391963989	100
50420	50420	52262	52262	53.83	55.48	54.12	52.98	55.17	54.12	53.92	55.35	53.92	53.58	55.33	54.06	1.9391894446	100
50520	50520	52162	52162	53.85	55.50	54.15	53.00	55.15	54.15	53.88	55.38	53.92	53.58	55.34	54.08	1.93927650949	100
50620	50620	52062	52062	53.80	55.50	54.15	53.00	55.15	54.17	53.90	55.35	53.92	53.57	55.33	54.08	1.93972013598	100
50720	50720	51962	51962	53.83	55.50	54.15	53.00	55.12	54.17	53.88	55.33	53.92	53.57	55.32	54.08	1.94005975537	100
50820	50820	51862	51862	53.85	55.48	54.15	52.98	55.12	54.17	53.88	55.33	53.90	53.57	55.31	54.08	1.94008155453	100
50920	50920	51762	51762	53.80	55.45	54.15	52.98	55.15	54.17	53.85	55.33	53.90	53.54	55.31	54.08	1.94010427214	100
51020	51020	51662	51662	53.80	55.42	54.15	52.90	55.15	54.15	53.83	55.27	53.90	53.51	55.28	54.07	1.94029408113	100
51120	51120	51562	51562	53.80	55.45	54.15	52.92	55.12	54.15	53.85	55.25	53.90	53.52	55.27	54.07	1.94065520041	100
51220	51220	51462	51462	53.77	55.48	54.15	52.85	55.12	54.10	53.80	55.27	53.90	53.48	55.29	54.05	1.94094110679	100
51320	51320	51362	51362	53.77	55.40	54.17	52.90	55.12	54.12	53.83	55.23	53.92	53.50	55.25	54.08	1.94067729795	100
51420	51420	51262	51262	53.77	55.40	54.12	52.90	55.12	54.10	53.80	55.20	53.92	53.49	55.24	54.05	1.94089878759	100
51520	51520	51162	51162	53.77	55.40	54.12	52.88	55.12	54.15	53.80	55.23	53.92	53.48	55.25	54.07	1.94129816925	100
51620	51620	51062	51062	53.80	55.42	54.15	52.90	55.12	54.15	53.80	55.23	53.95	53.50	55.26	54.08	1.94158598984	100
51720	51720	50962	50962	53.80	55.40	54.15	52.90	55.10	54.17	53.80	55.25	53.92	53.50	55.25	54.08	1.94191212358	100
51820	51820	50862	50862	53.83	55.40	54.17	52.90	55.10	54.15	53.77	55.25	53.95	53.50	55.25	54.09	1.94177694899	100
51920	51920	50762	50762	53.83	55.40	54.20	52.90	55.10	54.20	53.80	55.23	53.95	53.51	55.24	54.12	1.94176067309	100
52020	52020	50662	50662	53.83	55.42	54.17	52.92	55.12	54.20	53.85	55.27	53.95	53.53	55.27	54.11	1.94229593145	100
52120	52120	50562	50562	53.83	55.42	54.20	52.92	55.12	54.20	53.83	55.30	53.95	53.52	55.28	54.12	1.94213064519	100
52220	52220	50462	50462	53.83	55.40	54.20	52.92	55.12	54.12	53.80	55.27	53.92	53.52	55.27	54.08	1.94237997122	100
52320	52320	50362	50362	53.83	55.40	54.17	52.92	55.12	54.12	53.83	55.30	53.92	53.52	55.27	54.08	1.94254525589	100
52420	52420	50262	50262	53.83	55.42	54.17	52.92	55.10	54.12	53.80	55.30	53.95	53.52	55.27	54.08	1.94253731821	100
52520	52520	50162	50162	53.85	55.42	54.17	52.90	55.10	54.15	53.83	55.27	53.95	53.52	55.27	54.09	1.94306131421	100
52620	52620	50062	50062	53.85	55.42	54.17	52.92	55.10	54.15	53.83	55.30	53.95	53.53	55.27	54.09	1.94297337535	100
52720	52720	49962	49962	53.85	55.42	54.17	52.92	55.10	54.12	53.85	55.27	53.92	53.54	55.27	54.08	1.94307729937	100
52820	52820	49862	49862	53.85	55.48	54.17	52.92	55.12	54.12	53.85	55.27	53.92	53.54	55.29	54.08	1.94324814906	100
52920	52920	49762	49762	53.83	55.45	54.15	52.92	55.12	54.15	53.83	55.23	53.95	53.52	55.27	54.08	1.94347084971	100
53020	53020	49662	49662	53.85	55.45	54.20	52.92	55.12	54.15	53.85	55.25	53.98	53.54	55.27	54.11	1.94366787549	100
53120	53120	49562	49562	53.83	55.45	54.17	52.92	55.12	54.12	53.80	55.25	53.92	53.52	55.27	54.08	1.94432486628	100
53220	53220	49462	49462	53.85	55.45	54.20	52.92	55.15	54.15	53.80	55.25	53.92	53.52	55.28	54.09	1.94443526739	100
53320	53320	49362	49362	53.85	55.52	54.17	52.92	55.15	54.15	53.80	55.25	53.90	53.52	55.31	54.08	1.94509268633	100
53420	53420	49262	49262	53.85	55.50	54.12	52.92	55.15	54.15	53.80	55.23	53.90	53.52	55.29	54.06	1.94519941622	100
53520	53520	49162	49162	53.85	55.52	54.15	52.92	55.12	54.15	53.80	55.23	53.90	53.52	55.29	54.07	1.94545792636	100
53620	53620	49062	49062	53.83	55.52	54.15	52.92	55.17	54.15	53.80	55.25	53.90	53.52	55.32	54.07	1.94577893183	100
53720	53720	48962	48962	53.83	55.55	54.12	52.92	55.15	54.15	53.80	55.25	53.90	53.52	55.32	54.06	1.94587348782	100
53820	53820	48862	48862	53.83	55.55	54.12	52.92	55.12	54.17	53.83	55.25	53.90	53.52	55.31	54.07	1.94614479744	100
53920	53920	48762	48762	53.83	55.55	54.12	52.92	55.15	54.15	53.83	55.23	53.90	53.52	55.31	54.06	1.946754789	100
54020	54020	48662	48662	53.83	55.55	54.12	52.92	55.12	54.17	53.83	55.25	53.90	53.52	55.31	54.07	1.94702616407	100
54120	54120	48562	48562	53.80	55.55	54.12	52.92	55.17	54.15	53.83	55.23	53.90	53.52	55.32	54.06	1.94738011994	100
54220	54220	48462	48462	53.85	55.55	54.12	52.92	55.15	54.15	53.80	55.27	53.90	53.52	55.33	54.06	1.94768451891	100
54320	54320	48362	48362	53.83	55.55	54.17	52.92	55.17	54.17	53.80	55.27	53.90	53.52	55.33	54.08	1.94785278581	100
54420	54420	48262	48262	53.85	55.60	54.20	52.92	55.10	54.17	53.77	55.25	53.92	53.52	55.32	54.10	1.94854724999	100
54520	54520	48162	48162	53.83	55.62	54.20	52.92	55.10	54.17	53.77	55.27	53.90	53.51	55.33	54.09	1.94868469297	100
54620	54620	48062	48062	53.88	55.60	54.20	52.92	55.12	54.20	53.77	55.30	53.90	53.52	55.34	54.10	1.94915879507	100
54720	54720	47962	47962	53.88	55.58	54.20	52.92	55.10	54.20	53.80	55.33	53.90	53.53	55.33	54.10	1.94929659538	100
54820	54820	47862	47862	53.88	55.58	54.20	52.92	55.15	54.23	53.77	55.35	53.90	53.52	55.36	54.11	1.95005945889	100
54920	54920	47762	47762	53.88	55.58	54.20	52.92	55.15	54.25	53.77	55.35	53.90	53.52	55.36	54.12	1.95061802324	100
55020	55020	47662	47662	53.85	55.55	54.20	52.92	55.15	54.27	53.77	55.33	53.90	53.52	55.34	54.12	1.95150288592	100
55120	55120	47562	47562	53.85	55.55	54.23	52.92	55.12	54.27	53.80	55.30	53.90	53.52	55.33	54.13	1.95139798291	100
55220	55220	47462	47462	53.85	55.55	54.20	52.95	55.08	54.27	53.83	55.30	53.90	53.54	55.31	54.12	1.95174000122	100
55320	55320	47362	47362	53.85	55.55	54.20	52.95	55.08	54.27	53.80	55.33	53.88	53.53	55.32	54.12	1.95199253031	100
55420	55420	47262	47262	53.88	55.55	54.20	52.95	55.02	54.27	53.80	55.35	53.88	53.54	55.31	54.12	1.95212491662	100
55520	55520	47162	47162	53.88	55.58	54.20	52.95	55.00	54.30	53.80	55.38	53.90	53.54	55.32	54.13	1.95208100571	100
55620	55620	47062	47062	53.88	55.55	54.20	52.95	55.00	54.30	53.83	55.38	53.90	53.55	55.31	54.13	1.95185780601	100
55720	55720	46962	46962	53.88	55.55	54.20	52.92	55.00	54.33	53.80	55.38	53.90	53.53	55.31	54.14	1.95188059984	100
55820	55820	46862	46862	53.88	55.60	54.20	52.92	55.00	54.33	53.77	55.38	53.90	53.52	55.33	54.14	1.95181881219	100
55920	55920	46762	46762	53.88	55.62	54.17	52.92	54.98	54.33	53.77	55.33	53.95	53.52	55.31	54.15	1.95211903552	100
56020	56020	46662	46662	53.88	55.62	54.20	52.92	54.98	54.33	53.77	55.33	53.90	53.52	55.31	54.14	1.95174149989	100
56120	56120	46562	46562	53.88	55.62	54.25	52.95	54.98	54.35	53.75	55.33	53.90	53.52	55.31	54.17	1.95191477368	100
56220	56220	46462	46462	53.88	55.65	54.25	52.95	54.98	54.38	53.75	55.30	53.85	53.52	55.31	54.16	1.95205684141	100
56320	56320	46362	46362	53.88	55.65	54.25	52.98	54.98	54.33	53.77	55.30	53.88	53.54	55.31	54.15	1.95200382726	100
56420	56420	46262	46262	53.85	55.65	54.25	52.98	54.98	54.33	53.77	55.30	53.85	53.53	55.31	54.14	1.95231378702	100
56520	56520	46162	46162	53.85	55.70	54.25	53.00	55.00	54.33	53.77	55.30	53.88	53.54	55.33	54.15	1.95197969254	100
56620	56620	46062	46062	53.83	55.70	54.25	53.00	55.00	54.33	53.77	55.33	53.88	53.53	55.34	54.15	1.9523901279	100
56720	56720	45962	45962	53.85	55.70	54.25	53.00	55.00	54.33	53.77	55.33	53.88	53.54	55.34	54.15	1.95258266739	100
56820	56820	45862	45862	53.80	55.70	54.30	53.00	55.02	54.33	53.77	55.30	53.88	53.52	55.34	54.17	1.95277715545	100
56920	56920	45762	45762	53.80	55.70	54.30	53.00	55.02	54.38	53.77	55.27	53.88	53.52	55.33	54.18	1.95290753886	100
57020	57020	45662	45662	53.80	55.70	54.30	53.00	55.02	54.40	53.77	55.27	53.88	53.52	55.33	54.19	1.95309142432	100
57120	57120	45562	45562	53.77	55.67	54.30	53.02	55.02	54.38	53.77	55.25	53.88	53.52	55.32	54.18	1.95287850884	100
57220	57220	45462	45462	53.77	55.70	54.33	53.02	55.02	54.35	53.80	55.23	53.88	53.53	55.32	54.18	1.95301650933	100
57320	57320	45362	45362	53.77	55.67	54.33	53.02	55.02	54.35	53.80	55.25	53.90	53.53	55.32	54.19	1.95310637149	100
57420	57420	45262	45262	53.77	55.67	54.30	53.05	55.05	54.35	53.80	55.25	53.90	53.54	55.33	54.18	1.95296872585	100
57520	57520	45162	45162	53.80	55.67	54.30	53.12	55.08	54.38	53.80	55.27	53.90	53.58	55.34	54.19	1.95278562779	100
57620	57620	45062	45062	53.77	55.70	54.30	53.10	55.05	54.40	53.80	55.23	53.88	53.56	55.33	54.19	1.95284660374	100
57720	57720	44962	44962	53.80	55.70	54.30	53.10	55.05	54.42	53.80	55.25	53.88	53.57	55.33	54.20	1.95343774293	100
57820	57820	44862	44862	53.83	55.73	54.30	53.10	55.08	54.42	53.80	55.25	53.88	53.58	55.35	54.20	1.95320110009	100
57920	57920	44762	44762	53.83	55.67	54.30	53.10	55.08	54.40	53.80	55.25	53.90	53.58	55.33	54.20	1.95308734541	100
58020	58020	44662	44662	53.83	55.70	54.30	53.10	55.10	54.42	53.80	55.25	53.90	53.58	55.35	54.21	1.95272308521	100
58120	58120	44562	44562	53.80	55.73	54.27	53.10	55.08	54.42	53.77	55.23	53.92	53.56	55.34	54.21	1.9527576701	100
58220	58220	44462	44462	53.80	55.75	54.30	53.10	55.10	54.45	53.77	55.23	53.92	53.56	55.36	54.23	1.95299821153	100
58320	58320	44362	44362	53.80	55.77	54.30	53.08	55.10	54.42	53.77	55.23	53.92	53.55	55.37	54.22	1.95329400635	100
58420	58420	44262	44262	53.77	55.77	54.30	53.08	55.08	54.45	53.77	55.25	53.92	53.54	55.37	54.23	1.9527891107	100
58520	58520	44162	44162	53.77	55.77	54.27	53.10	55.10	54.45	53.77	55.25	53.92	53.55	55.38	54.22	1.95280164996	100
58620	58620	44062	44062	53.77	55.77	54.27	53.08	55.10	54.40	53.77	55.25	53.98	53.54	55.38	54.22	1.95258495551	100
58720	58720	43962	43962	53.75	55.77	54.25	53.08	55.12	54.45	53.77	55.25	53.98	53.53	55.38	54.23	1.9523755727	100
58820	58820	43862	43862	53.75	55.75	54.25	53.10	55.12	54.42	53.77	55.25	53.98	53.54	55.38	54.22	1.95205557793	100
58920	58920	43762	43762	53.73	55.77	54.27	53.10	55.12	54.42	53.75	55.25	53.98	53.52	55.38	54.23	1.95196548551	100
59020	59020	43662	43662	53.73	55.77	54.25	53.10	55.12	54.48	53.75	55.25	53.98	53.52	55.38	54.23	1.95198135504	100
59120	59120	43562	43562	53.73	55.77	54.27	53.10	55.12	54.48	53.75	55.25	53.98	53.52	55.38	54.24	1.95209584343	100
59220	59220	43462	43462	53.73	55.75	54.27	53.08	55.10	54.45	53.77	55.25	54.00	53.52	55.37	54.24	1.95186281925	100
59320	59320	43362	43362	53.73	55.75	54.25	53.10	55.15	54.45	53.77	55.25	54.00	53.53	55.38	54.23	1.95152905674	100
59420	59420	43262	43262	53.73	55.75	54.27	53.08	55.15	54.48	53.77	55.17	54.02	53.52	55.36	54.26	1.9514526345	100
59520	59520	43162	43162	53.70	55.75	54.30	53.08	55.15	54.50	53.77	55.25	54.00	53.52	55.38	54.27	1.95172941291	100
59620	59620	43062	43062	53.67	55.73	54.30	53.08	55.12	54.52	53.80	55.25	54.00	53.52	55.37	54.27	1.95189623156	100
59720	59720	42962	42962	53.70	55.70	54.35	53.08	55.12	54.52	53.80	55.23	54.02	53.52	55.35	54.30	1.95155565118	100
59820	59820	42862	42862	53.70	55.70	54.35	53.08	55.12	54.52	53.80	55.27	54.08	53.52	55.37	54.32	1.95183438116	100
59920	59920	42762	42762	53.70	55.67	54.35	53.08	55.15	54.50	53.83	55.25	54.05	53.53	55.36	54.30	1.95182211416	100
60020	60020	42662	42662	53.73	55.65	54.35	53.08	55.15	54.50	53.80	55.27	54.05	53.53	55.36	54.30	1.95202148933	100
60120	60120	42562	42562	53.73	55.65	54.38	53.08	55.15	54.52	53.80	55.30	54.10	53.53	55.37	54.33	1.95161982002	100
60220	60220	42462	42462	53.73	55.70	54.38	53.08	55.15	54.52	53.77	55.33	54.10	53.52	55.39	54.33	1.95165012043	100
60320	60320	42362	42362	53.75	55.67	54.40	53.08	55.15	54.52	53.80	55.35	54.05	53.54	55.39	54.33	1.95152360305	100
60420	60420	42262	42262	53.75	55.67	54.42	53.05	55.15	54.52	53.77	55.38	54.05	53.52	55.40	54.33	1.95183675875	100
60520	60520	42162	42162	53.75	55.67	54.40	53.08	55.20	54.52	53.77	55.42	54.02	53.53	55.43	54.32	1.95216916542	100
60620	60620	42062	42062	53.77	55.70	54.40	53.08	55.17	54.55	53.77	55.45	54.05	53.54	55.44	54.33	1.95257881593	100
60720	60720	41962	41962	53.77	55.67	54.42	53.08	55.17	54.55	53.83	55.48	54.02	53.56	55.44	54.33	1.95368756274	100
60820	60820	41862	41862	53.77	55.70	54.42	53.08	55.15	54.52	53.83	55.48	54.02	53.56	55.44	54.33	1.95316813327	100
60920	60920	41762	41762	53.75	55.70	54.42	53.08	55.17	54.55	53.77	55.48	54.08	53.53	55.45	54.35	1.95229974214	100
61020	61020	41662	41662	53.75	55.73	54.40	53.08	55.17	54.55	53.80	55.48	54.08	53.54	55.46	54.34	1.95214716584	100
61120	61120	41562	41562	53.75	55.75	54.42	53.08	55.17	54.55	53.77	55.45	54.10	53.53	55.46	54.36	1.95168884864	100
61220	61220	41462	41462	53.75	55.75	54.42	53.08	55.17	54.55	53.75	55.45	54.12	53.52	55.46	54.37	1.95115926321	100
61320	61320	41362	41362	53.73	55.75	54.42	53.12	55.17	54.58	53.75	55.48	54.10	53.53	55.47	54.37	1.95075275626	100
61420	61420	41262	41262	53.75	55.80	54.42	53.08	55.17	54.55	53.75	55.45	54.12	53.52	55.48	54.37	1.95038583621	100
61520	61520	41162	41162	53.75	55.77	54.42	53.08	55.17	54.58	53.75	55.45	54.12	53.52	55.47	54.38	1.95043251469	100
61620	61620	41062	41062	53.75	55.83	54.42	53.08	55.17	54.58	53.75	55.42	54.12	53.52	55.48	54.38	1.95032792195	100
61720	61720	40962	40962	53.75	55.80	54.42	53.08	55.20	54.58	53.77	55.42	54.12	53.53	55.48	54.38	1.95020100884	100
61820	61820	40862	40862	53.73	55.80	54.42	53.10	55.17	54.58	53.77	55.42	54.12	53.53	55.47	54.38	1.94968156515	100
61920	61920	40762	40762	53.75	55.80	54.42	53.08	55.20	54.58	53.77	55.42	54.12	53.53	55.48	54.38	1.94919471451	100
62020	62020	40662	40662	53.75	55.77	54.42	53.08	55.25	54.55	53.77	55.45	54.12	53.53	55.49	54.37	1.94931289916	100
62120	62120	40562	40562	53.75	55.77	54.42	53.08	55.23	54.58	53.77	55.45	54.12	53.53	55.48	54.38	1.9486254323	100
62220	62220	40462	40462	53.73	55.80	54.42	53.08	55.23	54.58	53.77	55.50	54.12	53.52	55.51	54.38	1.9483346555	100
62320	62320	40362	40362	53.70	55.77	54.40	53.08	55.25	54.60	53.80	55.52	54.15	53.52	55.52	54.38	1.9477120752	100
62420	62420	40262	40262	53.70	55.80	54.40	53.10	55.27	54.60	53.83	55.52	54.15	53.54	55.53	54.38	1.94705100413	100
62520	62520	40162	40162	53.70	55.85	54.42	53.08	55.25	54.65	53.83	55.52	54.12	53.53	55.54	54.40	1.94684691488	100
62620	62620	40062	40062	53.70	55.85	54.42	53.08	55.27	54.65	53.83	55.50	54.12	53.53	55.54	54.40	1.946464074	100
62720	62720	39962	39962	53.70	55.83	54.42	53.08	55.27	54.70	53.77	55.55	54.10	53.52	55.55	54.41	1.9465489623	100
62820	62820	39862	39862	53.75	55.83	54.45	53.08	55.25	54.67	53.80	55.52	54.12	53.54	55.53	54.42	1.94559447035	100
62920	62920	39762	39762	53.77	55.83	54.42	53.08	55.27	54.67	53.80	55.50	54.12	53.55	55.53	54.41	1.9446333271	100
63020	63020	39662	39662	53.75	55.83	54.42	53.08	55.27	54.65	53.85	55.50	54.08	53.56	55.53	54.38	1.94439236155	100
63120	63120	39562	39562	53.75	55.83	54.42	53.08	55.27	54.65	53.83	55.50	54.08	53.55	55.53	54.38	1.94384424085	100
63220	63220	39462	39462	53.77	55.88	54.42	53.08	55.27	54.65	53.83	55.48	54.08	53.56	55.54	54.38	1.94371703405	100
63320	63320	39362	39362	53.77	55.90	54.42	53.08	55.27	54.65	53.83	55.48	54.08	53.56	55.55	54.38	1.94323104106	100
63420	63420	39262	39262	53.77	55.90	54.42	53.08	55.27	54.65	53.80	55.50	54.10	53.55	55.56	54.39	1.94302164174	100
63520	63520	39162	39162	53.77	55.88	54.42	53.08	55.27	54.65	53.80	55.48	54.10	53.55	55.54	54.39	1.94308586763	100
63620	63620	39062	39062	53.80	55.88	54.42	53.08	55.27	54.67	53.83	55.48	54.05	53.57	55.54	54.38	1.94287826506	100
63720	63720	38962	38962	53.77	55.88	54.48	53.08	55.30	54.67	53.83	55.50	54.08	53.56	55.56	54.41	1.94225643028	100
63820	63820	38862	38862	53.77	55.88	54.45	53.08	55.27	54.67	53.83	55.55	54.08	53.56	55.57	54.40	1.94131788215	100
63920	63920	38762	38762	53.77	55.88	54.48	53.08	55.30	54.67	53.83	55.52	54.08	53.56	55.57	54.41	1.94098504345	100
64020	64020	38662	38662	53.77	55.95	54.48	53.08	55.30	54.65	53.85	55.58	54.08	53.57	55.61	54.40	1.9408556174	100
64120	64120	38562	38562	53.77	55.92	54.48	53.08	55.27	54.67	53.85	55.58	54.10	53.57	55.59	54.42	1.94236292086	100
64220	64220	38462	38462	53.77	55.90	54.48	53.08	55.30	54.70	53.85	55.58	54.10	53.57	55.59	54.42	1.94336580363	100
64320	64320	38362	38362	53.77	55.88	54.50	53.08	55.23	54.70	53.85	55.62	54.10	53.57	55.58	54.43	1.94242159363	100
64420	64420	38262	38262	53.77	55.88	54.48	53.15	55.23	54.73	53.85	55.60	54.10	53.59	55.57	54.43	1.94054579633	100
64520	64520	38162	38162	53.77	55.90	54.48	53.12	55.27	54.75	53.85	55.62	54.10	53.58	55.60	54.44	1.93984652786	100
64620	64620	38062	38062	53.77	55.88	54.48	53.12	55.23	54.75	53.85	55.67	54.10	53.58	55.59	54.44	1.93843427678	100
64720	64720	37962	37962	53.77	55.88	54.48	53.15	55.25	54.75	53.88	55.67	54.10	53.60	55.60	54.44	1.937553098	100
64820	64820	37862	37862	53.80	55.88	54.50	53.17	55.30	54.75	53.85	55.67	54.08	53.61	55.62	54.44	1.93779590755	100
64920	64920	37762	37762	53.83	55.88	54.50	53.17	55.27	54.75	53.83	55.62	54.08	53.61	55.59	54.44	1.93689374744	100
65020	65020	37662	37662	53.83	55.88	54.50	53.17	55.27	54.75	53.85	55.67	54.08	53.62	55.61	54.44	1.93595274842	100
65120	65120	37562	37562	53.83	55.88	54.52	53.15	55.25	54.75	53.85	55.67	54.08	53.61	55.60	54.45	1.93524057875	100
65220	65220	37462	37462	53.83	55.88	54.52	53.15	55.27	54.77	53.85	55.70	54.08	53.61	55.62	54.46	1.93415627895	100
65320	65320	37362	37362	53.80	55.88	54.55	53.15	55.30	54.75	53.85	55.70	54.08	53.60	55.62	54.46	1.93480485951	100
