12120	12120	94562	94562	75.10	77.75	79.85	74.58	77.62	79.25	75.28	78.53	79.88	74.98	77.97	79.66	1.71527342543
12120	12120	92562	92562	75.08	77.75	79.85	74.55	77.65	79.25	75.30	78.53	79.88	74.97	77.97	79.66	1.70505627321	50
12170	12170	92512	92512	75.20	77.00	79.65	74.53	76.92	79.05	76.05	78.40	80.05	75.26	77.44	79.58	1.8066228572	50
12220	12220	92462	92462	75.28	77.53	79.50	74.75	77.33	79.17	75.75	78.40	79.88	75.26	77.75	79.52	1.853746898	50
12270	12270	92412	92412	75.47	77.25	79.45	74.65	77.00	78.97	75.83	78.10	80.12	75.32	77.45	79.52	1.86088176171	50
12320	12320	92362	92362	75.45	77.12	79.38	74.50	77.03	78.92	75.92	77.95	79.95	75.29	77.37	79.42	1.87073609171	50
12370	12370	92312	92312	75.65	77.15	79.40	74.62	76.75	78.80	76.05	77.72	79.80	75.44	77.21	79.33	1.87232721715	50
12420	12420	92262	92262	75.88	77.08	79.40	74.70	76.70	78.78	76.25	77.90	79.72	75.61	77.22	79.30	1.86128441254	50
12470	12470	92212	92212	76.03	77.17	79.15	74.83	76.75	78.65	76.20	78.05	79.62	75.68	77.33	79.14	1.86192514995	50
12520	12520	92162	92162	76.17	76.80	78.65	74.92	76.65	78.50	76.28	77.72	79.80	75.79	77.06	78.98	1.86014241158	50
12570	12570	92112	92112	75.83	76.78	78.72	74.90	76.50	78.22	76.20	77.53	79.97	75.64	76.93	78.97	1.86162299948	50
12620	12620	92062	92062	75.83	76.92	78.65	74.72	76.33	78.22	76.38	77.62	79.83	75.64	76.96	78.90	1.85870245569	50
12670	12670	92012	92012	75.42	76.75	78.15	74.62	75.88	78.12	76.28	77.38	79.85	75.44	76.67	78.71	1.86018565545	50
12720	12720	91962	91962	75.58	76.80	78.12	74.42	75.83	77.92	76.40	77.42	79.80	75.47	76.68	78.62	1.85824387701	50
12770	12770	91912	91912	75.70	76.58	78.25	74.45	75.58	77.67	76.38	77.28	79.58	75.51	76.47	78.50	1.85738763075	50
12820	12820	91862	91862	75.75	76.53	78.28	74.38	75.42	77.83	76.55	77.20	79.47	75.56	76.38	78.53	1.86261150758	50
12870	12870	91812	91812	75.35	76.40	78.28	74.45	75.60	77.60	76.55	76.88	79.42	75.45	76.29	78.43	1.86687740015	50
12920	12920	91762	91762	75.17	76.53	78.25	74.55	75.42	77.55	76.62	76.80	79.22	75.45	76.25	78.34	1.86652681685	50
12970	12970	91712	91712	75.40	76.60	78.25	74.50	75.55	77.58	76.67	76.83	79.40	75.53	76.33	78.41	1.87097510529	50
13020	13020	91662	91662	75.22	76.53	78.05	74.53	75.60	77.12	76.65	76.78	79.28	75.47	76.30	78.15	1.8681800258	50
13070	13070	91612	91612	75.22	76.55	78.08	74.53	75.47	76.90	76.75	76.70	79.30	75.50	76.24	78.09	1.86728105376	50
13120	13120	91562	91562	75.05	76.45	78.10	74.58	75.33	76.83	76.62	76.78	79.20	75.42	76.18	78.04	1.86710080699	50
13170	13170	91512	91512	75.05	76.53	78.08	74.50	75.35	76.62	76.78	76.55	79.08	75.44	76.14	77.92	1.86214031247	50
13220	13220	91462	91462	74.90	76.28	77.90	74.47	75.25	76.50	77.03	76.35	79.00	75.47	75.96	77.80	1.85948032105	50
13270	13270	91412	91412	75.03	76.28	77.67	74.30	75.33	76.38	76.72	76.58	78.78	75.35	76.06	77.61	1.85484314092	50
13320	13320	91362	91362	74.78	76.22	77.72	74.12	75.17	76.28	76.45	76.40	78.90	75.12	75.93	77.63	1.85523436341	50
13370	13370	91312	91312	74.75	76.38	77.72	74.22	75.10	76.17	76.53	76.55	78.72	75.17	76.01	77.54	1.85467925597	50
13420	13420	91262	91262	74.80	76.20	77.65	74.17	74.92	76.03	76.30	76.50	78.67	75.09	75.88	77.45	1.85362727917	50
13470	13470	91212	91212	74.62	76.40	77.45	74.03	74.83	76.03	76.40	76.53	78.75	75.02	75.92	77.41	1.85303250143	50
13520	13520	91162	91162	74.47	76.22	77.35	74.00	74.75	75.78	76.30	76.08	78.60	74.92	75.68	77.24	1.85380278466	50
13570	13570	91112	91112	74.65	76.28	77.28	74.17	74.40	75.62	76.30	76.00	78.55	75.04	75.56	77.15	1.85113113248	50
13620	13620	91062	91062	74.53	76.25	77.30	73.92	74.55	75.50	76.00	76.05	78.38	74.82	75.62	77.06	1.84953266639	50
13670	13670	91012	91012	74.53	76.12	77.25	74.00	74.47	75.38	76.25	75.95	78.22	74.92	75.52	76.95	1.84996499656	50
13720	13720	90962	90962	74.28	75.97	77.20	73.92	74.47	75.53	76.30	76.00	78.35	74.83	75.48	77.03	1.84900170204	50
13770	13770	90912	90912	74.20	75.60	77.12	73.70	74.35	75.58	76.22	75.95	78.22	74.71	75.30	76.97	1.84807833162	50
13820	13820	90862	90862	74.25	75.72	77.17	73.53	74.20	75.45	76.17	76.05	77.90	74.65	75.33	76.84	1.84988451568	50
13870	13870	90812	90812	74.33	75.65	77.17	73.47	74.25	75.35	75.95	76.03	77.72	74.58	75.31	76.75	1.85003974444	50
13920	13920	90762	90762	74.38	75.65	76.88	73.35	74.08	75.38	75.83	75.90	77.75	74.52	75.21	76.67	1.84630025819	50
13970	13970	90712	90712	74.20	75.53	77.03	73.35	74.00	75.25	75.78	75.70	77.53	74.44	75.08	76.60	1.84646620373	50
14020	14020	90662	90662	74.12	75.28	76.80	73.53	73.88	75.22	75.55	75.50	77.47	74.40	74.88	76.50	1.84546869436	50
14070	14070	90612	90612	74.15	75.25	76.78	73.45	73.72	75.12	75.80	75.58	77.40	74.47	74.85	76.43	1.84237588032	50
14120	14120	90562	90562	74.05	75.00	76.53	73.38	73.80	75.03	75.55	75.25	77.35	74.33	74.68	76.30	1.84045586601	50
14170	14170	90512	90512	73.80	75.03	76.55	73.28	73.53	74.95	75.30	75.28	77.33	74.12	74.61	76.28	1.8395474525	50
14220	14220	90462	90462	73.90	74.97	76.28	73.30	73.60	74.90	75.25	75.30	77.33	74.15	74.62	76.17	1.84087703825	50
14270	14270	90412	90412	73.85	74.83	76.22	73.35	73.53	74.92	75.30	75.17	77.22	74.17	74.51	76.12	1.8400723061	50
14320	14320	90362	90362	73.83	74.58	76.05	73.15	73.42	74.70	75.00	74.97	76.92	73.99	74.33	75.89	1.83981774706	50
14370	14370	90312	90312	73.83	74.50	76.05	73.15	73.47	74.70	75.03	74.75	76.95	74.00	74.24	75.90	1.83744897963	50
14420	14420	90262	90262	73.85	74.50	75.90	72.95	73.40	74.38	75.00	74.78	76.80	73.93	74.22	75.69	1.83842660561	50
14470	14470	90212	90212	73.78	74.47	75.85	72.88	73.28	74.40	74.95	74.72	76.90	73.87	74.16	75.72	1.83948621026	50
14520	14520	90162	90162	73.83	74.45	75.85	72.70	73.28	74.55	74.83	74.67	76.85	73.78	74.13	75.75	1.83897224969	50
14570	14570	90112	90112	73.60	74.38	75.75	72.55	73.25	74.38	74.85	74.75	76.80	73.67	74.12	75.64	1.83790747098	50
14620	14620	90062	90062	73.62	74.42	75.58	72.45	73.03	74.20	74.90	74.50	76.65	73.66	73.98	75.47	1.83755087596	50
14670	14670	90012	90012	73.60	74.22	75.42	72.30	73.03	74.00	74.67	74.40	76.60	73.53	73.88	75.34	1.83661133671	50
14720	14720	89962	89962	73.45	74.22	75.30	72.22	72.80	74.05	74.58	74.30	76.60	73.42	73.78	75.32	1.83763060907	50
14770	14770	89912	89912	73.35	74.00	75.28	72.28	72.83	73.88	74.45	74.25	76.72	73.36	73.69	75.29	1.83493849365	50
14820	14820	89862	89862	73.25	73.97	75.00	71.97	72.75	73.85	74.45	74.20	76.60	73.22	73.64	75.15	1.83644120142	50
14870	14870	89812	89812	73.00	73.90	74.90	71.83	72.47	73.58	74.50	74.10	76.50	73.11	73.49	74.99	1.83429940281	50
14920	14920	89762	89762	73.28	73.78	75.00	71.85	72.22	73.58	74.45	74.12	76.47	73.19	73.38	75.02	1.83371395219	50
14970	14970	89712	89712	73.03	73.55	74.80	71.80	72.25	73.42	74.30	73.97	76.25	73.04	73.26	74.83	1.8364791811	50
15020	15020	89662	89662	72.95	73.45	74.83	71.62	72.00	73.30	74.25	73.83	76.10	72.94	73.09	74.74	1.83259596932	50
15070	15070	89612	89612	72.92	73.45	74.83	71.83	71.78	73.15	74.22	73.83	76.10	72.99	73.02	74.69	1.83066998811	50
15120	15120	89562	89562	73.00	73.28	74.75	71.85	71.88	73.05	74.10	73.83	76.15	72.98	72.99	74.65	1.82964831418	50
15170	15170	89512	89512	72.83	73.35	74.47	71.72	71.75	72.85	73.97	73.88	75.85	72.84	72.99	74.39	1.83119414695	50
15220	15220	89462	89462	72.72	73.40	74.45	71.47	71.75	72.85	73.85	73.80	75.75	72.68	72.98	74.35	1.83013865229	50
15270	15270	89412	89412	72.72	73.33	74.38	71.45	71.72	72.83	73.80	73.83	75.70	72.66	72.96	74.30	1.82719786697	50
15320	15320	89362	89362	72.83	73.33	74.25	71.28	71.60	72.58	73.53	73.60	75.53	72.54	72.84	74.12	1.83027810194	50
15370	15370	89312	89312	72.65	73.30	74.05	71.22	71.78	72.50	73.38	73.65	75.47	72.42	72.91	74.01	1.83240298077	50
15420	15420	89262	89262	72.60	73.22	73.85	71.15	71.62	72.45	73.33	73.47	75.38	72.36	72.78	73.89	1.83291783101	50
15470	15470	89212	89212	72.42	73.30	73.72	71.00	71.60	72.40	73.17	73.28	75.33	72.20	72.72	73.82	1.83320601658	50
15520	15520	89162	89162	72.22	73.17	73.58	71.00	71.47	72.35	73.20	73.30	75.20	72.14	72.65	73.71	1.83155565376	50
15570	15570	89112	89112	72.12	72.95	73.50	70.92	71.38	72.38	73.12	73.15	75.05	72.06	72.49	73.64	1.8313062827	50
15620	15620	89062	89062	72.12	73.03	73.53	70.92	71.20	72.33	73.17	73.12	75.08	72.08	72.45	73.64	1.83082773463	50
15670	15670	89012	89012	72.30	72.90	73.38	70.70	71.03	72.10	72.97	73.12	74.88	71.99	72.35	73.45	1.83376851507	50
15720	15720	88962	88962	72.25	72.78	73.42	70.62	70.85	72.12	73.08	73.12	74.80	71.98	72.25	73.45	1.83162033972	50
15770	15770	88912	88912	72.15	72.80	73.25	70.60	70.95	72.10	73.08	73.08	74.72	71.94	72.28	73.36	1.83073674278	50
15820	15820	88862	88862	71.88	72.72	73.28	70.42	70.90	71.95	73.05	73.05	74.58	71.78	72.22	73.27	1.83164148194	50
15870	15870	88812	88812	71.58	72.65	73.25	70.20	70.83	71.95	72.83	73.05	74.38	71.53	72.17	73.19	1.83205004875	50
15920	15920	88762	88762	71.60	72.50	73.00	70.10	70.70	71.97	72.85	73.00	74.38	71.52	72.07	73.12	1.83236087425	50
15970	15970	88712	88712	71.62	72.30	73.00	70.12	70.67	71.78	72.75	72.88	74.33	71.50	71.95	73.03	1.83226322554	50
16020	16020	88662	88662	71.58	72.20	72.90	70.12	70.58	71.67	72.62	72.90	74.22	71.44	71.89	72.93	1.83117068128	50
16070	16070	88612	88612	71.38	71.72	72.67	70.10	70.38	71.60	72.40	72.90	74.08	71.29	71.67	72.78	1.83512183835	50
16120	16120	88562	88562	71.38	71.65	72.62	70.22	70.47	71.60	72.33	72.90	73.92	71.31	71.67	72.72	1.83371248733	50
16170	16170	88512	88512	71.25	71.67	72.70	70.17	70.53	71.53	72.28	72.80	73.97	71.23	71.67	72.73	1.83402512398	50
16220	16220	88462	88462	71.17	71.88	72.70	70.17	70.50	71.33	72.22	72.70	73.85	71.19	71.69	72.62	1.83297831658	50
16270	16270	88412	88412	71.28	71.72	72.75	70.10	70.25	71.05	72.20	72.58	73.72	71.19	71.52	72.51	1.83291149363	50
16320	16320	88362	88362	71.12	71.55	72.50	70.05	70.28	70.95	72.05	72.47	73.60	71.08	71.43	72.35	1.83225180786	50
16370	16370	88312	88312	71.08	71.47	72.55	69.95	70.12	70.83	71.83	72.45	73.60	70.95	71.35	72.33	1.83394643729	50
16420	16420	88262	88262	71.10	71.40	72.45	69.90	70.00	70.72	71.83	72.47	73.38	70.94	71.29	72.18	1.83361241873	50
16470	16470	88212	88212	70.97	71.33	72.35	69.67	69.88	70.62	71.75	72.25	73.15	70.80	71.15	72.04	1.83306744067	50
16520	16520	88162	88162	71.00	71.20	72.38	69.58	69.97	70.55	71.85	72.28	73.08	70.81	71.15	72.00	1.83038601231	50
16570	16570	88112	88112	70.83	71.12	72.28	69.38	69.95	70.47	71.78	72.12	73.12	70.66	71.07	71.96	1.8299328825	50
16620	16620	88062	88062	70.72	71.12	72.08	69.35	69.90	70.50	71.62	71.92	72.83	70.57	70.98	71.80	1.83069816619	50
16670	16670	88012	88012	70.75	71.22	71.95	69.33	69.83	70.58	71.60	71.85	72.67	70.56	70.97	71.73	1.8293290121	50
16720	16720	87962	87962	70.75	71.03	71.83	69.03	69.50	70.35	71.33	71.85	72.65	70.37	70.79	71.61	1.83051490566	50
16770	16770	87912	87912	70.47	71.00	71.75	69.10	69.45	70.22	71.22	71.72	72.58	70.27	70.72	71.52	1.83175164501	50
16820	16820	87862	87862	70.42	70.85	71.70	69.10	69.53	70.00	71.20	71.58	72.30	70.24	70.65	71.33	1.83215434841	50
16870	16870	87812	87812	70.35	70.90	71.62	69.12	69.60	69.97	71.10	71.58	72.40	70.19	70.69	71.33	1.8330316086	50
16920	16920	87762	87762	70.40	70.78	71.62	69.10	69.53	69.85	71.03	71.53	72.35	70.17	70.61	71.28	1.83288998062	50
16970	16970	87712	87712	70.28	70.78	71.60	69.03	69.47	69.70	70.83	71.55	72.20	70.04	70.60	71.17	1.8344137195	50
17020	17020	87662	87662	70.20	70.65	71.55	69.08	69.20	69.53	70.83	71.35	72.15	70.03	70.40	71.08	1.83448243778	50
17070	17070	87612	87612	70.10	70.53	71.45	68.95	69.22	69.55	70.85	71.20	72.10	69.97	70.32	71.03	1.83598567889	50
17120	17120	87562	87562	70.10	70.50	71.30	69.03	69.00	69.58	70.88	71.38	72.12	70.00	70.29	71.00	1.83584774168	50
17170	17170	87512	87512	70.10	70.47	71.30	68.95	69.05	69.55	70.85	71.15	72.15	69.97	70.22	71.00	1.8372517436	50
17220	17220	87462	87462	70.22	70.35	71.20	68.83	68.92	69.35	70.67	71.00	71.88	69.91	70.09	70.81	1.83665035711	50
17270	17270	87412	87412	69.95	70.25	71.17	68.80	68.80	69.28	70.58	70.80	71.80	69.78	69.95	70.75	1.83633409809	50
17320	17320	87362	87362	69.90	70.25	70.95	68.85	68.85	69.10	70.62	70.75	71.65	69.79	69.95	70.57	1.83653665732	50
17370	17370	87312	87312	69.90	70.03	70.88	68.58	68.67	68.95	70.50	70.85	71.65	69.66	69.85	70.49	1.83628022846	50
17420	17420	87262	87262	69.83	70.08	70.78	68.45	68.55	68.90	70.30	70.70	71.40	69.53	69.78	70.36	1.83649855359	50
17470	17470	87212	87212	69.65	70.10	70.65	68.35	68.45	68.90	70.25	70.75	71.40	69.42	69.77	70.32	1.83796235155	50
17520	17520	87162	87162	69.50	70.00	70.53	68.35	68.45	68.85	69.95	70.78	71.28	69.27	69.74	70.22	1.83664703088	50
17570	17570	87112	87112	69.28	69.85	70.38	68.35	68.50	68.70	69.78	70.70	71.20	69.13	69.68	70.09	1.8358752026	50
17620	17620	87062	87062	68.95	69.70	70.30	68.05	68.42	68.53	69.70	70.83	71.05	68.90	69.65	69.96	1.83515355057	50
17670	17670	87012	87012	69.03	69.83	70.15	67.88	68.35	68.42	69.75	70.83	70.92	68.88	69.67	69.83	1.83557329753	50
17720	17720	86962	86962	68.85	69.70	70.08	67.70	68.10	68.33	69.58	70.72	70.65	68.71	69.51	69.68	1.83729820885	50
17770	17770	86912	86912	68.67	69.45	69.95	67.65	68.10	68.15	69.42	70.60	70.53	68.58	69.38	69.54	1.83483399778	50
17820	17820	86862	86862	68.67	69.40	69.90	67.38	68.15	68.10	69.28	70.60	70.40	68.44	69.38	69.47	1.83391979318	50
17870	17870	86812	86812	68.58	69.28	69.83	67.20	68.03	68.12	69.28	70.47	70.28	68.35	69.26	69.41	1.83418228815	50
17920	17920	86762	86762	68.55	69.15	69.70	67.00	67.88	68.10	69.08	70.50	70.15	68.21	69.17	69.32	1.83530729249	50
17970	17970	86712	86712	68.35	69.22	69.53	67.08	67.75	67.90	68.78	70.33	70.03	68.07	69.10	69.15	1.83677429795	50
18020	18020	86662	86662	68.25	69.17	69.50	67.10	67.75	67.78	68.80	70.28	70.03	68.05	69.07	69.10	1.83489147339	50
18070	18070	86612	86612	68.05	69.20	69.50	67.03	67.65	67.72	68.67	70.20	70.08	67.92	69.02	69.10	1.83553730173	50
18120	18120	86562	86562	68.05	69.05	69.38	67.08	67.55	67.85	68.70	70.25	69.95	67.94	68.95	69.06	1.83527417073	50
18170	18170	86512	86512	67.90	69.03	69.45	66.92	67.47	67.58	68.55	70.15	69.85	67.79	68.88	68.96	1.83556407964	50
18220	18220	86462	86462	67.83	68.92	69.12	66.70	67.42	67.55	68.38	70.10	69.58	67.63	68.82	68.75	1.83623541557	50
18270	18270	86412	86412	67.80	68.92	69.10	66.70	67.45	67.55	68.25	69.97	69.58	67.58	68.78	68.74	1.83585053352	50
18320	18320	86362	86362	67.67	68.90	69.03	66.67	67.45	67.42	68.22	69.88	69.42	67.53	68.74	68.62	1.83558648416	50
18370	18370	86312	86312	67.62	68.70	68.95	66.67	67.33	67.47	68.28	69.75	69.45	67.53	68.59	68.62	1.83579567219	50
18420	18420	86262	86262	67.72	68.67	68.67	66.70	67.17	67.45	68.15	69.62	69.38	67.53	68.49	68.50	1.83681280295	50
18470	18470	86212	86212	67.45	68.53	68.72	66.58	67.12	67.33	68.12	69.58	69.30	67.38	68.41	68.45	1.83769936723	50
18520	18520	86162	86162	67.50	68.58	68.62	66.45	67.08	67.22	68.17	69.45	69.17	67.38	68.37	68.34	1.835095466	50
18570	18570	86112	86112	67.30	68.60	68.58	66.50	66.97	67.17	67.97	69.47	69.08	67.26	68.35	68.28	1.83507614641	50
18620	18620	86062	86062	67.22	68.45	68.60	66.42	67.08	66.90	67.85	69.38	68.83	67.17	68.30	68.11	1.83582782174	50
18670	18670	86012	86012	67.17	68.45	68.40	66.40	66.83	66.80	67.83	69.30	68.92	67.13	68.19	68.04	1.8378235196	50
18720	18720	85962	85962	66.97	68.28	68.47	66.35	66.78	66.65	67.75	69.25	68.75	67.03	68.10	67.96	1.8394192901	50
18770	18770	85912	85912	66.88	68.15	68.30	66.10	66.67	66.67	67.65	69.05	68.72	66.88	67.96	67.90	1.83738926623	50
18820	18820	85862	85862	66.97	68.10	68.22	65.85	66.62	66.67	67.62	69.05	68.53	66.82	67.92	67.81	1.83802495294	50
18870	18870	85812	85812	66.88	68.05	68.12	65.80	66.70	66.35	67.25	69.08	68.55	66.64	67.94	67.67	1.83844332958	50
18920	18920	85762	85762	66.78	67.90	68.00	65.72	66.70	66.40	67.20	68.92	68.35	66.57	67.84	67.58	1.83895042642	50
18970	18970	85712	85712	66.78	67.83	67.97	65.70	66.72	66.40	67.25	68.78	68.22	66.58	67.78	67.53	1.83942455487	50
19020	19020	85662	85662	66.78	67.67	67.85	65.62	66.53	66.22	67.15	68.65	68.15	66.52	67.62	67.41	1.83816797942	50
19070	19070	85612	85612	66.78	67.67	67.67	65.55	66.47	66.17	67.00	68.67	68.08	66.44	67.61	67.31	1.83779277782	50
19120	19120	85562	85562	66.62	67.65	67.60	65.40	66.40	66.05	66.83	68.60	68.00	66.28	67.55	67.22	1.83877433577	50
19170	19170	85512	85512	66.58	67.53	67.53	65.40	66.33	65.85	66.75	68.42	67.85	66.24	67.42	67.08	1.83908087881	50
19220	19220	85462	85462	66.58	67.47	67.55	65.40	66.38	65.88	66.72	68.40	67.92	66.23	67.42	67.12	1.83964233699	50
19270	19270	85412	85412	66.58	67.45	67.38	65.30	66.25	65.65	66.70	68.47	67.65	66.19	67.39	66.89	1.84161580168	50
19320	19320	85362	85362	66.47	67.40	67.20	65.22	66.28	65.72	66.55	68.30	67.78	66.08	67.33	66.90	1.84228033938	50
19370	19370	85312	85312	66.40	67.25	67.12	65.15	66.15	65.75	66.47	68.28	67.80	66.01	67.22	66.89	1.8414909604	50
19420	19420	85262	85262	66.28	67.25	67.15	65.25	66.20	65.67	66.45	68.25	67.67	65.99	67.23	66.83	1.84008869499	50
19470	19470	85212	85212	66.17	67.20	67.05	65.08	66.10	65.67	66.33	68.17	67.53	65.86	67.16	66.75	1.83990260098	50
19520	19520	85162	85162	66.33	67.10	67.00	65.00	66.10	65.67	66.30	68.08	67.40	65.88	67.09	66.69	1.83950969996	50
19570	19570	85112	85112	66.25	67.05	66.92	64.95	66.03	65.67	66.30	68.10	67.33	65.83	67.06	66.64	1.83959013399	50
19620	19620	85062	85062	66.12	66.97	66.90	64.90	65.97	65.60	66.20	68.10	67.20	65.74	67.02	66.57	1.83966953413	50
19670	19670	85012	85012	66.10	66.88	66.83	64.83	65.88	65.47	66.17	67.95	67.12	65.70	66.90	66.47	1.84063826676	50
19720	19720	84962	84962	65.97	66.88	66.75	64.80	65.90	65.45	66.20	67.92	67.10	65.66	66.90	66.43	1.84192932478	50
19770	19770	84912	84912	65.92	66.78	66.70	64.78	65.78	65.38	66.08	67.70	67.03	65.59	66.75	66.37	1.84150783082	50
19820	19820	84862	84862	65.92	66.70	66.60	64.72	65.78	65.35	66.00	67.70	66.75	65.55	66.72	66.23	1.84218903982	50
19870	19870	84812	84812	65.80	66.60	66.53	64.75	65.78	65.30	66.00	67.67	66.75	65.52	66.68	66.19	1.84239554472	50
19920	19920	84762	84762	65.67	66.47	66.33	64.67	65.62	65.33	65.88	67.42	66.67	65.41	66.51	66.11	1.84197706937	50
19970	19970	84712	84712	65.58	66.30	66.22	64.60	65.47	64.95	65.85	67.28	66.55	65.34	66.35	65.91	1.84188246659	50
20020	20020	84662	84662	65.50	66.25	66.28	64.65	65.50	64.83	65.70	67.10	66.45	65.28	66.28	65.85	1.84204017829	50
20070	20070	84612	84612	65.42	66.12	66.08	64.55	65.28	64.83	65.58	67.03	66.33	65.18	66.14	65.74	1.84202944627	50
20120	20120	84562	84562	65.45	66.08	65.97	64.50	65.12	64.80	65.53	66.95	66.22	65.16	66.05	65.67	1.84211093041	50
20170	20170	84512	84512	65.40	66.05	65.97	64.42	65.17	64.67	65.50	66.85	66.12	65.11	66.03	65.59	1.84256713047	50
20220	20220	84462	84462	65.35	66.00	65.83	64.45	65.08	64.58	65.50	66.85	66.05	65.10	65.97	65.48	1.84241613947	50
20270	20270	84412	84412	65.20	65.97	65.72	64.30	65.08	64.53	65.35	66.60	65.97	64.95	65.88	65.41	1.84365143483	50
20320	20320	84362	84362	65.22	66.00	65.85	64.35	65.10	64.53	65.35	66.60	66.03	64.97	65.90	65.47	1.84338790645	50
20370	20370	84312	84312	65.15	65.92	65.83	64.30	65.12	64.42	65.40	66.60	65.97	64.95	65.88	65.41	1.84288369747	50
20420	20420	84262	84262	65.05	65.95	65.78	64.12	65.08	64.42	65.33	66.55	65.95	64.83	65.86	65.38	1.84285969544	50
20470	20470	84212	84212	64.90	65.90	65.75	64.12	64.97	64.33	65.25	66.45	65.90	64.76	65.78	65.33	1.84328155681	50
20520	20520	84162	84162	64.85	65.83	65.67	63.83	64.95	64.25	65.20	66.38	65.92	64.62	65.72	65.28	1.842292149	50
20570	20570	84112	84112	64.75	65.70	65.60	63.75	64.92	64.15	65.15	66.35	65.75	64.55	65.66	65.17	1.84279093698	50
20620	20620	84062	84062	64.65	65.62	65.55	63.65	64.83	64.10	65.15	66.28	65.75	64.48	65.58	65.13	1.84303414572	50
20670	20670	84012	84012	64.60	65.67	65.42	63.58	64.85	64.08	65.10	66.33	65.62	64.42	65.62	65.04	1.84347344011	50
20720	20720	83962	83962	64.60	65.58	65.38	63.42	64.80	63.98	65.05	66.22	65.60	64.36	65.53	64.98	1.84510896007	50
20770	20770	83912	83912	64.50	65.53	65.33	63.48	64.67	63.83	65.05	66.15	65.53	64.34	65.45	64.89	1.84445972773	50
20820	20820	83862	83862	64.53	65.47	65.28	63.52	64.62	63.80	65.05	66.10	65.45	64.37	65.40	64.84	1.84563193021	50
20870	20870	83812	83812	64.50	65.38	65.25	63.52	64.60	63.77	65.00	65.92	65.35	64.34	65.30	64.79	1.84565555411	50
20920	20920	83762	83762	64.42	65.38	65.08	63.48	64.60	63.75	64.92	65.92	65.35	64.28	65.30	64.72	1.84500902325	50
20970	20970	83712	83712	64.35	65.28	65.03	63.42	64.58	63.70	64.88	65.85	65.33	64.22	65.23	64.68	1.84490021597	50
21020	21020	83662	83662	64.28	65.17	65.03	63.45	64.50	63.65	64.80	65.78	65.30	64.17	65.15	64.66	1.84622743173	50
21070	21070	83612	83612	64.25	65.08	64.90	63.40	64.45	63.70	64.85	65.80	65.22	64.17	65.11	64.61	1.84568273847	50
21120	21120	83562	83562	64.15	65.12	64.85	63.40	64.38	63.65	64.80	65.67	65.15	64.12	65.06	64.55	1.84539267577	50
21170	21170	83512	83512	64.12	64.97	64.72	63.25	64.30	63.60	64.78	65.65	65.12	64.05	64.97	64.48	1.8455302028	50
21220	21220	83462	83462	64.08	64.90	64.50	63.23	64.25	63.58	64.72	65.55	64.92	64.01	64.90	64.33	1.84605496189	50
21270	21270	83412	83412	64.00	64.88	64.30	63.08	64.22	63.60	64.70	65.60	64.90	63.92	64.90	64.27	1.84523953063	50
21320	21320	83362	83362	64.00	64.90	64.42	63.00	64.15	63.60	64.65	65.35	64.80	63.88	64.80	64.28	1.84579355501	50
21370	21370	83312	83312	63.85	64.83	64.38	62.90	64.15	63.60	64.58	65.35	64.80	63.77	64.78	64.26	1.84673893576	50
21420	21420	83262	83262	63.85	64.72	64.25	62.90	64.05	63.55	64.55	65.35	64.75	63.77	64.71	64.18	1.84637722284	50
21470	21470	83212	83212	63.73	64.70	64.17	62.80	64.08	63.58	64.65	65.25	64.78	63.73	64.67	64.17	1.84708856324	50
21520	21520	83162	83162	63.67	64.70	64.20	62.80	64.00	63.50	64.55	65.25	64.65	63.67	64.65	64.12	1.84778687873	50
21570	21570	83112	83112	63.77	64.72	64.00	62.88	63.95	63.45	64.40	65.22	64.62	63.68	64.63	64.03	1.8473311113	50
21620	21620	83062	83062	63.67	64.58	64.03	62.83	63.90	63.48	64.40	65.38	64.50	63.63	64.62	64.00	1.84635679084	50
21670	21670	83012	83012	63.52	64.38	63.95	62.83	63.80	63.42	64.42	65.22	64.58	63.59	64.47	63.98	1.84714037059	50
21720	21720	82962	82962	63.48	64.47	63.88	62.73	63.70	63.30	64.35	65.17	64.45	63.52	64.45	63.88	1.846487182	50
21770	21770	82912	82912	63.42	64.45	63.85	62.58	63.75	63.23	64.30	65.15	64.47	63.43	64.45	63.85	1.84654778548	50
21820	21820	82862	82862	63.38	64.55	63.85	62.48	63.67	63.20	64.22	65.00	64.45	63.36	64.41	63.83	1.84746458177	50
21870	21870	82812	82812	63.35	64.47	63.73	62.35	63.67	63.15	64.17	64.97	64.45	63.29	64.38	63.77	1.84893360379	50
21920	21920	82762	82762	63.30	64.45	63.73	62.35	63.60	63.08	64.08	65.03	64.42	63.24	64.36	63.74	1.84993692046	50
21970	21970	82712	82712	63.20	64.38	63.65	62.20	63.50	63.02	64.00	65.05	64.28	63.13	64.31	63.65	1.84892322782	50
22020	22020	82662	82662	63.23	64.35	63.65	62.20	63.60	62.98	64.00	64.97	64.17	63.14	64.31	63.60	1.84868805966	50
22070	22070	82612	82612	63.23	64.35	63.58	62.12	63.60	62.90	63.85	64.97	64.15	63.07	64.31	63.54	1.85020024203	50
22120	22120	82562	82562	63.08	64.28	63.60	62.00	63.58	62.90	63.80	64.97	64.17	62.96	64.28	63.56	1.85096958648	50
22170	22170	82512	82512	63.08	64.17	63.52	61.95	63.48	62.90	63.67	64.95	64.10	62.90	64.20	63.51	1.85050939874	50
22220	22220	82462	82462	62.92	64.30	63.42	61.95	63.48	62.77	63.60	64.85	64.10	62.83	64.21	63.43	1.84994015762	50
22270	22270	82412	82412	62.83	64.28	63.30	61.95	63.45	62.62	63.62	64.88	64.05	62.80	64.20	63.33	1.84980221252	50
22320	22320	82362	82362	62.80	64.17	63.25	61.88	63.35	62.52	63.60	64.90	64.08	62.76	64.14	63.28	1.85062570967	50
22370	22370	82312	82312	62.77	64.10	63.23	61.85	63.40	62.50	63.50	65.00	63.98	62.71	64.17	63.23	1.8507506194	50
22420	22420	82262	82262	62.70	64.05	63.17	61.83	63.35	62.50	63.45	65.00	63.95	62.66	64.13	63.21	1.85163377166	50
22470	22470	82212	82212	62.60	64.12	63.15	61.83	63.30	62.45	63.38	64.97	63.90	62.60	64.13	63.17	1.85165662807	50
22520	22520	82162	82162	62.55	63.98	63.05	61.88	63.20	62.40	63.38	64.92	63.85	62.60	64.03	63.10	1.85187134718	50
22570	22570	82112	82112	62.58	64.08	62.95	61.77	63.05	62.40	63.23	64.83	63.80	62.52	63.98	63.05	1.85251287226	50
22620	22620	82062	82062	62.65	64.08	62.92	61.80	63.05	62.38	63.23	64.60	63.80	62.56	63.91	63.03	1.85269536324	50
22670	22670	82012	82012	62.73	63.92	62.80	61.75	63.05	62.40	63.12	64.50	63.80	62.53	63.83	63.00	1.8533856477	50
22720	22720	81962	81962	62.77	63.85	62.77	61.70	63.02	62.42	63.08	64.50	63.67	62.52	63.79	62.96	1.85346355929	50
22770	22770	81912	81912	62.70	63.88	62.77	61.65	62.92	62.40	63.02	64.47	63.55	62.46	63.76	62.91	1.85345149365	50
22820	22820	81862	81862	62.62	63.88	62.77	61.62	62.92	62.33	62.98	64.50	63.55	62.41	63.77	62.88	1.8530521377	50
22870	22870	81812	81812	62.40	63.85	62.73	61.52	62.75	62.23	62.95	64.38	63.50	62.29	63.66	62.82	1.85311952421	50
22920	22920	81762	81762	62.33	63.83	62.65	61.33	62.70	62.15	62.92	64.35	63.38	62.19	63.62	62.73	1.85460158906	50
22970	22970	81712	81712	62.35	63.80	62.62	61.30	62.75	62.08	62.67	64.28	63.35	62.11	63.61	62.68	1.8542555732	50
23020	23020	81662	81662	62.35	63.80	62.58	61.25	62.75	62.02	62.70	64.28	63.33	62.10	63.61	62.64	1.85438699147	50
23070	23070	81612	81612	62.38	63.80	62.52	61.27	62.65	62.05	62.65	64.22	63.23	62.10	63.56	62.60	1.85444448301	50
23120	23120	81562	81562	62.38	63.80	62.48	61.23	62.65	61.92	62.60	64.15	63.15	62.07	63.53	62.52	1.85533528773	50
23170	23170	81512	81512	62.33	63.73	62.48	61.17	62.65	61.92	62.58	64.10	63.17	62.02	63.49	62.52	1.85653905855	50
23220	23220	81462	81462	62.23	63.70	62.42	61.15	62.65	61.85	62.58	64.17	63.12	61.98	63.51	62.47	1.85698939019	50
23270	23270	81412	81412	62.25	63.73	62.38	61.08	62.60	61.85	62.52	64.12	62.98	61.95	63.48	62.40	1.85766598579	50
23320	23320	81362	81362	62.20	63.65	62.35	61.08	62.58	61.83	62.50	64.08	62.98	61.92	63.43	62.38	1.85680261585	50
23370	23370	81312	81312	62.17	63.58	62.38	61.00	62.58	61.83	62.48	64.03	62.92	61.88	63.39	62.38	1.85665381152	50
23420	23420	81262	81262	62.05	63.50	62.35	60.98	62.55	61.70	62.42	63.95	62.85	61.82	63.33	62.30	1.85650383432	50
23470	23470	81212	81212	62.00	63.35	62.30	60.90	62.45	61.62	62.40	63.90	62.90	61.77	63.23	62.27	1.8568562303	50
23520	23520	81162	81162	62.02	63.33	62.23	60.88	62.35	61.58	62.38	63.90	62.85	61.76	63.19	62.22	1.85641751903	50
23570	23570	81112	81112	61.98	63.23	62.23	60.83	62.35	61.65	62.40	63.90	62.85	61.73	63.16	62.24	1.85596767704	50
23620	23620	81062	81062	61.95	63.30	62.17	60.85	62.33	61.60	62.38	63.88	62.75	61.73	63.17	62.17	1.85519365731	50
23670	23670	81012	81012	61.92	63.27	62.12	60.85	62.35	61.60	62.30	63.85	62.73	61.69	63.16	62.15	1.85573276705	50
23720	23720	80962	80962	61.92	63.23	62.17	60.80	62.40	61.48	62.27	63.83	62.67	61.67	63.15	62.11	1.85498348598	50
23770	23770	80912	80912	61.83	63.15	62.12	60.75	62.38	61.50	62.15	63.67	62.55	61.58	63.07	62.06	1.85559446926	50
23820	23820	80862	80862	61.70	63.25	62.10	60.62	62.25	61.50	62.08	63.60	62.50	61.47	63.03	62.03	1.85551706587	50
23870	23870	80812	80812	61.77	63.20	62.05	60.65	62.23	61.48	62.10	63.52	62.38	61.51	62.98	61.97	1.8553914573	50
23920	23920	80762	80762	61.80	63.12	62.02	60.67	62.20	61.35	62.00	63.48	62.33	61.49	62.93	61.90	1.85569357609	50
23970	23970	80712	80712	61.70	63.17	62.02	60.65	62.23	61.38	62.05	63.45	62.33	61.47	62.95	61.91	1.85623483741	50
24020	24020	80662	80662	61.62	63.25	62.00	60.60	62.23	61.33	61.98	63.45	62.35	61.40	62.98	61.89	1.85688347779	50
24070	24070	80612	80612	61.60	63.12	61.98	60.58	62.23	61.27	61.85	63.35	62.30	61.34	62.90	61.85	1.85738344157	50
24120	24120	80562	80562	61.48	63.17	61.90	60.60	62.17	61.27	61.85	63.40	62.25	61.31	62.92	61.81	1.85790959253	50
24170	24170	80512	80512	61.42	63.00	61.80	60.55	62.12	61.23	61.75	63.27	62.20	61.24	62.80	61.74	1.85803257284	50
24220	24220	80462	80462	61.30	62.95	61.80	60.52	62.20	61.23	61.67	63.33	62.10	61.17	62.83	61.71	1.85803537389	50
24270	24270	80412	80412	61.23	62.92	61.77	60.45	62.15	61.17	61.67	63.27	62.02	61.12	62.78	61.66	1.85820828093	50
24320	24320	80362	80362	61.12	62.92	61.70	60.35	62.10	61.17	61.55	63.12	61.98	61.01	62.72	61.62	1.85838390941	50
24370	24370	80312	80312	60.92	62.92	61.70	60.42	62.02	61.08	61.55	63.08	62.00	60.97	62.67	61.59	1.85885968354	50
24420	24420	80262	80262	60.98	62.85	61.62	60.33	61.98	61.05	61.52	63.10	61.95	60.94	62.64	61.54	1.85999959948	50
24470	24470	80212	80212	60.85	62.80	61.60	60.33	62.02	61.00	61.62	63.12	61.92	60.93	62.65	61.51	1.86005088252	50
24520	24520	80162	80162	60.77	62.83	61.60	60.30	62.00	60.88	61.60	62.95	61.80	60.89	62.59	61.42	1.85905523162	50
24570	24570	80112	80112	60.80	62.85	61.55	60.23	62.02	60.88	61.62	62.95	61.73	60.88	62.61	61.38	1.85876948952	50
24620	24620	80062	80062	60.77	62.67	61.50	60.20	61.95	60.83	61.60	62.85	61.80	60.86	62.49	61.38	1.85888718732	50
24670	24670	80012	80012	60.80	62.62	61.45	60.08	61.88	60.80	61.42	62.98	61.67	60.77	62.49	61.31	1.8591012525	50
24720	24720	79962	79962	60.75	62.48	61.40	60.02	61.80	60.77	61.40	62.85	61.65	60.73	62.38	61.27	1.85912029983	50
24770	24770	79912	79912	60.67	62.48	61.25	59.95	61.83	60.75	61.27	62.83	61.60	60.63	62.38	61.20	1.85913305854	50
24820	24820	79862	79862	60.60	62.33	61.23	60.00	61.77	60.70	61.27	62.67	61.62	60.62	62.26	61.18	1.8593586171	50
24870	24870	79812	79812	60.58	62.33	61.25	59.90	61.75	60.67	61.17	62.62	61.62	60.55	62.23	61.18	1.85980883706	50
24920	24920	79762	79762	60.48	62.38	61.23	59.92	61.77	60.67	61.17	62.67	61.58	60.52	62.27	61.16	1.85915368166	50
24970	24970	79712	79712	60.42	62.42	61.10	59.98	61.77	60.60	61.12	62.67	61.52	60.51	62.29	61.08	1.85997848995	50
25020	25020	79662	79662	60.38	62.42	61.10	59.90	61.75	60.62	61.20	62.60	61.42	60.49	62.26	61.05	1.8593390574	50
25070	25070	79612	79612	60.38	62.42	61.08	59.85	61.75	60.58	61.10	62.70	61.45	60.44	62.29	61.03	1.8596252184	50
25120	25120	79562	79562	60.35	62.27	61.05	59.88	61.73	60.55	61.02	62.62	61.40	60.42	62.21	61.00	1.86012374784	50
25170	25170	79512	79512	60.33	62.30	60.98	59.75	61.62	60.45	60.92	62.62	61.42	60.33	62.18	60.95	1.86111068009	50
25220	25220	79462	79462	60.27	62.33	60.92	59.70	61.62	60.42	60.90	62.62	61.38	60.29	62.19	60.91	1.8615761845	50
25270	25270	79412	79412	60.17	62.38	60.85	59.70	61.58	60.42	60.83	62.50	61.42	60.23	62.15	60.90	1.86158973713	50
25320	25320	79362	79362	60.30	62.33	60.73	59.65	61.58	60.40	60.90	62.60	61.40	60.28	62.17	60.84	1.86084708473	50
25370	25370	79312	79312	60.30	62.27	60.77	59.65	61.55	60.38	60.73	62.58	61.35	60.23	62.13	60.83	1.86015463845	50
25420	25420	79262	79262	60.23	62.20	60.70	59.62	61.58	60.33	60.73	62.48	61.30	60.19	62.08	60.77	1.86039373171	50
25470	25470	79212	79212	60.12	62.15	60.77	59.60	61.55	60.30	60.77	62.35	61.27	60.17	62.02	60.78	1.86001063911	50
25520	25520	79162	79162	60.12	62.10	60.67	59.55	61.50	60.30	60.65	62.30	61.30	60.11	61.97	60.76	1.8603016295	50
25570	25570	79112	79112	60.08	62.08	60.65	59.60	61.42	60.30	60.65	62.33	61.30	60.11	61.94	60.75	1.86149196873	50
25620	25620	79062	79062	59.95	62.02	60.67	59.55	61.45	60.25	60.67	62.27	61.27	60.06	61.92	60.73	1.86114688113	50
25670	25670	79012	79012	59.95	62.10	60.60	59.52	61.42	60.23	60.70	62.23	61.10	60.06	61.92	60.64	1.86119073177	50
25720	25720	78962	78962	59.92	62.05	60.60	59.52	61.40	60.20	60.62	62.15	61.10	60.02	61.87	60.63	1.86129086289	50
25770	25770	78912	78912	59.98	62.02	60.55	59.48	61.33	60.17	60.60	62.12	61.08	60.02	61.83	60.60	1.86118662242	50
25820	25820	78862	78862	59.95	62.00	60.50	59.50	61.25	60.12	60.62	62.00	61.05	60.02	61.75	60.56	1.86076900435	50
25870	25870	78812	78812	59.90	62.12	60.48	59.45	61.25	60.02	60.55	62.00	61.02	59.97	61.79	60.51	1.86098273005	50
25920	25920	78762	78762	59.90	62.02	60.48	59.45	61.25	59.95	60.52	62.00	60.90	59.96	61.76	60.44	1.86092665249	50
25970	25970	78712	78712	59.90	61.95	60.40	59.42	61.27	59.92	60.45	61.98	60.90	59.92	61.73	60.41	1.86156017078	50
26020	26020	78662	78662	59.77	61.85	60.38	59.35	61.23	59.90	60.42	62.02	60.90	59.85	61.70	60.39	1.86132320936	50
26070	26070	78612	78612	59.77	61.88	60.33	59.33	61.27	59.88	60.30	61.98	60.83	59.80	61.71	60.34	1.86093917425	50
26120	26120	78562	78562	59.77	61.73	60.30	59.27	61.23	59.88	60.15	61.95	60.85	59.73	61.63	60.34	1.8610070227	50
26170	26170	78512	78512	59.70	61.62	60.23	59.25	61.25	59.88	60.10	61.90	60.75	59.68	61.59	60.28	1.86267519761	50
26220	26220	78462	78462	59.70	61.65	60.17	59.23	61.23	59.88	59.95	61.95	60.70	59.62	61.61	60.25	1.86266401034	50
26270	26270	78412	78412	59.58	61.65	60.12	59.20	61.23	59.83	59.90	61.95	60.65	59.56	61.61	60.20	1.86174965826	50
26320	26320	78362	78362	59.55	61.55	60.00	59.20	61.23	59.77	59.92	61.95	60.62	59.56	61.58	60.13	1.86259489958	50
26370	26370	78312	78312	59.48	61.62	59.98	59.10	61.12	59.70	59.80	61.98	60.60	59.46	61.58	60.09	1.86310857271	50
26420	26420	78262	78262	59.42	61.62	59.95	59.05	61.02	59.70	59.75	61.92	60.52	59.41	61.52	60.06	1.86292149135	50
26470	26470	78212	78212	59.35	61.58	59.88	59.00	61.00	59.60	59.77	61.85	60.52	59.38	61.48	60.00	1.86319701214	50
26520	26520	78162	78162	59.33	61.42	59.83	59.05	60.92	59.60	59.73	61.83	60.40	59.37	61.39	59.94	1.8647786732	50
26570	26570	78112	78112	59.30	61.35	59.80	58.98	61.00	59.58	59.70	61.65	60.27	59.33	61.33	59.88	1.86430059196	50
26620	26620	78062	78062	59.23	61.23	59.83	58.92	60.90	59.60	59.60	61.70	60.25	59.25	61.27	59.89	1.86417407863	50
26670	26670	78012	78012	59.20	61.23	59.80	58.92	60.85	59.55	59.58	61.67	60.17	59.23	61.25	59.84	1.86343102219	50
26720	26720	77962	77962	59.17	61.23	59.77	58.95	60.62	59.50	59.60	61.55	60.10	59.24	61.13	59.79	1.86373610561	50
26770	26770	77912	77912	59.10	61.17	59.73	58.98	60.65	59.52	59.55	61.55	60.08	59.21	61.12	59.77	1.86369493577	50
26820	26820	77862	77862	59.08	61.20	59.70	58.85	60.60	59.42	59.48	61.52	60.05	59.13	61.11	59.73	1.86266043553	50
26870	26870	77812	77812	59.02	61.20	59.70	58.88	60.55	59.38	59.45	61.48	60.02	59.12	61.08	59.70	1.86241504529	50
26920	26920	77762	77762	59.00	61.15	59.65	58.80	60.52	59.35	59.45	61.42	60.02	59.08	61.03	59.67	1.86332383284	50
26970	26970	77712	77712	58.92	61.10	59.60	58.75	60.52	59.25	59.40	61.38	59.95	59.02	61.00	59.60	1.86376434604	50
27020	27020	77662	77662	58.98	61.17	59.55	58.67	60.55	59.27	59.42	61.33	60.00	59.02	61.02	59.61	1.86424628359	50
27070	27070	77612	77612	58.98	61.12	59.48	58.60	60.52	59.15	59.35	61.40	59.95	58.98	61.02	59.52	1.86397850031	50
27120	27120	77562	77562	59.02	61.05	59.48	58.55	60.45	59.10	59.25	61.42	59.90	58.94	60.98	59.49	1.86345694793	50
27170	27170	77512	77512	58.95	61.10	59.45	58.42	60.48	59.12	59.30	61.45	59.83	58.89	61.01	59.47	1.86397811294	49
27219	27219	77463	77463	58.98	61.00	59.40	58.35	60.50	59.12	59.27	61.40	59.83	58.87	60.97	59.45	1.86451686719	50
27269	27269	77413	77413	58.92	61.02	59.38	58.38	60.48	59.08	59.17	61.33	59.85	58.83	60.94	59.43	1.86447846234	50
27319	27319	77363	77363	58.90	60.95	59.35	58.38	60.42	59.05	59.20	61.25	59.90	58.83	60.88	59.43	1.86474882345	50
27369	27369	77313	77313	58.85	60.90	59.27	58.40	60.38	59.00	59.17	61.17	59.85	58.81	60.82	59.38	1.86578839821	50
27419	27419	77263	77263	58.88	60.92	59.25	58.38	60.27	58.98	59.20	61.17	59.83	58.82	60.79	59.35	1.86499753948	50
27469	27469	77213	77213	58.90	60.92	59.17	58.30	60.20	58.95	59.15	61.17	59.80	58.78	60.77	59.31	1.86492192406	50
27519	27519	77163	77163	58.85	60.92	59.12	58.33	60.23	58.98	59.12	61.15	59.73	58.77	60.77	59.27	1.86483507748	50
27569	27569	77113	77113	58.83	60.88	59.12	58.27	60.23	58.83	58.98	61.10	59.60	58.69	60.73	59.18	1.86561243545	50
27619	27619	77063	77063	58.85	60.75	59.12	58.20	60.20	58.85	58.95	61.00	59.60	58.67	60.65	59.19	1.8657740395	50
27669	27669	77013	77013	58.73	60.80	59.05	58.20	60.12	58.75	58.83	60.95	59.55	58.58	60.62	59.12	1.86634405682	50
27719	27719	76963	76963	58.62	60.77	59.05	58.15	60.02	58.73	58.85	60.95	59.52	58.54	60.58	59.10	1.86624462442	50
27769	27769	76913	76913	58.58	60.60	58.95	58.12	60.05	58.75	58.75	60.77	59.48	58.48	60.48	59.06	1.86612352233	50
27819	27819	76863	76863	58.62	60.62	58.92	58.10	60.02	58.73	58.80	60.77	59.40	58.51	60.48	59.02	1.86643334576	50
27869	27869	76813	76813	58.58	60.50	58.92	58.08	59.95	58.62	58.75	60.70	59.42	58.47	60.38	58.99	1.86665991186	50
27919	27919	76763	76763	58.60	60.50	58.95	58.10	59.90	58.62	58.62	60.62	59.42	58.44	60.34	59.00	1.86665450663	50
27969	27969	76713	76713	58.60	60.42	58.92	58.02	59.83	58.52	58.58	60.60	59.38	58.40	60.28	58.94	1.86672903028	50
28019	28019	76663	76663	58.55	60.40	58.85	58.00	59.75	58.50	58.55	60.60	59.20	58.37	60.25	58.85	1.86650392199	50
28069	28069	76613	76613	58.50	60.35	58.83	57.85	59.73	58.45	58.60	60.50	59.17	58.32	60.19	58.82	1.86660515221	50
28119	28119	76563	76563	58.50	60.38	58.77	57.77	59.67	58.38	58.48	60.42	59.08	58.25	60.16	58.74	1.86772782226	50
28169	28169	76513	76513	58.45	60.25	58.80	57.83	59.55	58.35	58.45	60.35	58.98	58.24	60.05	58.71	1.86858668756	50
28219	28219	76463	76463	58.42	60.20	58.77	57.70	59.55	58.27	58.35	60.33	58.90	58.16	60.02	58.65	1.86857609636	50
28269	28269	76413	76413	58.45	60.05	58.75	57.80	59.42	58.27	58.33	60.25	58.83	58.19	59.91	58.62	1.86790752157	50
28319	28319	76363	76363	58.35	60.02	58.73	57.70	59.42	58.23	58.38	60.23	58.85	58.14	59.89	58.60	1.86818250963	50
28369	28369	76313	76313	58.33	60.00	58.73	57.62	59.42	58.12	58.23	60.15	58.65	58.06	59.86	58.50	1.86854729884	50
28419	28419	76263	76263	58.33	60.02	58.70	57.70	59.38	58.10	58.23	60.05	58.62	58.08	59.82	58.48	1.86829984498	50
28469	28469	76213	76213	58.27	59.98	58.65	57.65	59.33	58.05	58.20	60.10	58.62	58.04	59.80	58.44	1.86843671703	50
28519	28519	76163	76163	58.23	59.95	58.65	57.58	59.23	58.05	58.17	60.05	58.60	57.99	59.74	58.43	1.8689019188	50
28569	28569	76113	76113	58.20	59.98	58.52	57.48	59.25	57.95	58.10	60.08	58.55	57.92	59.77	58.34	1.86898354346	50
28619	28619	76063	76063	58.15	59.92	58.45	57.45	59.25	57.92	58.08	60.10	58.58	57.89	59.76	58.32	1.86900746389	50
28669	28669	76013	76013	58.10	59.90	58.42	57.38	59.25	57.88	58.08	60.02	58.45	57.85	59.73	58.25	1.86880958203	50
28719	28719	75963	75963	58.10	59.92	58.38	57.25	59.30	57.90	58.02	60.10	58.45	57.79	59.77	58.24	1.86956860411	50
28769	28769	75913	75913	58.08	59.85	58.40	57.25	59.23	57.90	57.98	60.05	58.50	57.77	59.71	58.27	1.86951715265	50
28819	28819	75863	75863	58.00	59.77	58.33	57.25	59.25	57.85	57.98	60.02	58.45	57.74	59.68	58.21	1.86970650725	50
28869	28869	75813	75813	57.98	59.77	58.23	57.25	59.20	57.75	57.92	60.00	58.42	57.72	59.66	58.13	1.8693023065	50
28919	28919	75763	75763	57.95	59.73	58.17	57.23	59.20	57.80	57.92	60.02	58.42	57.70	59.65	58.13	1.8697255821	50
28969	28969	75713	75713	57.92	59.70	58.17	57.23	59.17	57.77	57.95	59.95	58.33	57.70	59.61	58.09	1.86970969957	50
29019	29019	75663	75663	57.88	59.70	58.12	57.17	59.12	57.77	57.92	59.90	58.25	57.66	59.58	58.05	1.869915688	50
29069	29069	75613	75613	57.83	59.62	58.10	57.12	59.08	57.70	57.88	59.88	58.20	57.61	59.52	58.00	1.87028086606	50
29119	29119	75563	75563	57.80	59.58	58.08	57.12	59.12	57.70	57.80	59.88	58.20	57.58	59.52	57.99	1.87104298671	50
29169	29169	75513	75513	57.85	59.52	58.05	57.12	59.10	57.75	57.83	59.83	58.08	57.60	59.48	57.96	1.87115267666	50
29219	29219	75463	75463	57.83	59.48	58.05	57.10	59.10	57.73	57.73	59.80	58.02	57.55	59.46	57.93	1.87125445479	50
29269	29269	75413	75413	57.85	59.50	58.08	57.05	59.05	57.65	57.65	59.83	58.02	57.52	59.46	57.92	1.87111791762	50
29319	29319	75363	75363	57.83	59.45	58.08	57.05	59.08	57.67	57.67	59.88	58.02	57.52	59.47	57.92	1.87083976086	50
29369	29369	75313	75313	57.75	59.58	58.00	57.08	59.08	57.65	57.62	59.83	57.92	57.48	59.49	57.86	1.8701367495	50
29419	29419	75263	75263	57.77	59.52	57.95	57.02	59.00	57.60	57.67	59.77	57.92	57.49	59.43	57.83	1.87076479818	50
29469	29469	75213	75213	57.77	59.42	57.92	57.02	58.98	57.62	57.58	59.80	57.85	57.46	59.40	57.80	1.87108599158	50
29519	29519	75163	75163	57.77	59.45	57.90	57.02	58.95	57.60	57.55	59.75	57.83	57.45	59.38	57.77	1.87114500262	50
29569	29569	75113	75113	57.75	59.40	57.85	57.00	58.88	57.58	57.50	59.65	57.80	57.42	59.31	57.74	1.8711130733	50
29619	29619	75063	75063	57.73	59.45	57.80	56.92	58.88	57.55	57.38	59.65	57.73	57.34	59.33	57.69	1.87108003008	50
29669	29669	75013	75013	57.75	59.38	57.85	56.90	58.92	57.55	57.25	59.67	57.67	57.30	59.33	57.69	1.87175830823	50
29719	29719	74963	74963	57.60	59.40	57.75	56.92	58.88	57.55	57.12	59.58	57.73	57.22	59.28	57.67	1.87178118491	50
29769	29769	74913	74913	57.60	59.38	57.73	56.88	58.83	57.55	57.10	59.60	57.65	57.19	59.27	57.64	1.87167470384	50
29819	29819	74863	74863	57.50	59.38	57.73	56.80	58.80	57.52	57.10	59.50	57.65	57.13	59.23	57.63	1.87290520991	50
29869	29869	74813	74813	57.55	59.33	57.70	56.77	58.75	57.52	57.08	59.48	57.58	57.13	59.18	57.60	1.87301723113	50
29919	29919	74763	74763	57.50	59.30	57.67	56.75	58.77	57.48	57.08	59.48	57.60	57.11	59.18	57.58	1.87285868044	50
29969	29969	74713	74713	57.50	59.23	57.65	56.73	58.70	57.48	57.02	59.45	57.58	57.08	59.12	57.57	1.87308000096	50
30019	30019	74663	74663	57.45	59.20	57.62	56.70	58.70	57.40	56.98	59.42	57.55	57.04	59.11	57.52	1.87295874724	50
30069	30069	74613	74613	57.40	59.17	57.62	56.65	58.67	57.40	57.02	59.40	57.50	57.02	59.08	57.51	1.87365373672	50
30119	30119	74563	74563	57.35	59.23	57.65	56.60	58.75	57.38	56.95	59.38	57.50	56.97	59.12	57.51	1.87414811358	50
30169	30169	74513	74513	57.38	59.15	57.65	56.58	58.75	57.40	56.88	59.42	57.52	56.94	59.11	57.52	1.87405916868	50
30219	30219	74463	74463	57.30	59.12	57.60	56.60	58.73	57.30	56.75	59.45	57.55	56.88	59.10	57.48	1.8744699941	50
30269	30269	74413	74413	57.23	59.10	57.60	56.55	58.67	57.30	56.70	59.38	57.55	56.83	59.05	57.48	1.874603923	50
30319	30319	74363	74363	57.25	59.08	57.60	56.48	58.67	57.23	56.73	59.35	57.55	56.82	59.03	57.46	1.87484969147	50
30369	30369	74313	74313	57.17	59.10	57.52	56.48	58.73	57.23	56.70	59.35	57.55	56.78	59.06	57.43	1.87461134194	50
30419	30419	74263	74263	57.10	59.10	57.50	56.48	58.62	57.10	56.70	59.33	57.50	56.76	59.02	57.37	1.87466395488	50
30469	30469	74213	74213	57.12	59.05	57.52	56.33	58.60	57.10	56.67	59.35	57.52	56.71	59.00	57.38	1.87443892251	50
30519	30519	74163	74163	57.10	59.00	57.42	56.38	58.45	57.02	56.60	59.35	57.52	56.69	58.93	57.33	1.87528324554	50
30569	30569	74113	74113	57.05	58.98	57.30	56.35	58.40	57.02	56.55	59.33	57.45	56.65	58.90	57.26	1.8756862662	50
30619	30619	74063	74063	57.08	58.92	57.27	56.30	58.42	57.02	56.52	59.27	57.45	56.63	58.88	57.25	1.8762645232	50
30669	30669	74013	74013	57.10	58.85	57.30	56.30	58.45	57.02	56.55	59.27	57.42	56.65	58.86	57.25	1.87695545791	50
30719	30719	73963	73963	57.12	58.90	57.30	56.27	58.40	57.00	56.55	59.33	57.42	56.65	58.88	57.24	1.87706406221	50
30769	30769	73913	73913	57.05	58.90	57.30	56.27	58.40	56.95	56.50	59.30	57.45	56.61	58.87	57.23	1.87684389289	50
30819	30819	73863	73863	57.05	58.88	57.27	56.27	58.35	56.92	56.48	59.25	57.50	56.60	58.83	57.23	1.87712544087	50
30869	30869	73813	73813	57.08	58.85	57.25	56.25	58.35	56.90	56.40	59.27	57.48	56.58	58.83	57.21	1.87727572842	50
30919	30919	73763	73763	57.00	58.90	57.23	56.23	58.30	56.90	56.38	59.30	57.48	56.53	58.83	57.20	1.87747009835	50
30969	30969	73713	73713	56.98	58.92	57.20	56.27	58.27	56.90	56.35	59.25	57.48	56.53	58.82	57.19	1.87833483096	50
31019	31019	73663	73663	56.90	58.90	57.20	56.23	58.25	56.85	56.30	59.20	57.48	56.48	58.78	57.17	1.87844614356	50
31069	31069	73613	73613	56.90	58.90	57.23	56.20	58.25	56.80	56.33	59.25	57.45	56.48	58.80	57.16	1.87887778291	50
31119	31119	73563	73563	56.92	58.77	57.23	56.17	58.20	56.80	56.35	59.23	57.42	56.48	58.73	57.15	1.879264222	50
31169	31169	73513	73513	56.92	58.75	57.15	56.15	58.17	56.80	56.27	59.15	57.40	56.45	58.69	57.12	1.8794847282	50
31219	31219	73463	73463	56.85	58.77	57.15	56.10	58.15	56.80	56.38	59.12	57.42	56.44	58.68	57.12	1.87931903623	50
31269	31269	73413	73413	56.85	58.70	57.17	56.10	58.08	56.77	56.33	59.08	57.38	56.42	58.62	57.11	1.8795476119	50
31319	31319	73363	73363	56.88	58.73	57.17	56.08	58.08	56.80	56.30	59.05	57.38	56.42	58.62	57.12	1.87908928864	50
31369	31369	73313	73313	56.77	58.70	57.10	56.05	58.05	56.80	56.23	59.02	57.35	56.35	58.59	57.08	1.87975287086	50
31419	31419	73263	73263	56.73	58.62	57.12	56.08	58.08	56.80	56.20	59.08	57.35	56.33	58.59	57.09	1.8802774729	50
31469	31469	73213	73213	56.70	58.65	57.08	56.02	58.08	56.77	56.23	59.00	57.35	56.32	58.58	57.07	1.88042240048	50
31519	31519	73163	73163	56.62	58.60	57.10	56.02	58.08	56.73	56.17	58.95	57.25	56.27	58.54	57.02	1.88072649676	50
31569	31569	73113	73113	56.62	58.60	57.08	56.00	58.05	56.70	56.15	58.98	57.23	56.26	58.54	57.00	1.88046681402	50
31619	31619	73063	73063	56.62	58.58	57.05	55.98	58.00	56.70	56.12	58.98	57.27	56.24	58.52	57.01	1.88036419098	50
31669	31669	73013	73013	56.58	58.55	57.05	55.98	58.00	56.65	56.10	58.88	57.23	56.22	58.48	56.98	1.88059915787	50
31719	31719	72963	72963	56.60	58.50	57.08	55.92	57.92	56.65	56.10	58.88	57.20	56.21	58.43	56.98	1.88087922244	50
31769	31769	72913	72913	56.50	58.42	57.02	55.98	57.95	56.65	56.08	58.83	57.12	56.18	58.40	56.93	1.88067915192	50
31819	31819	72863	72863	56.50	58.48	57.02	55.92	57.88	56.65	56.00	58.80	57.15	56.14	58.38	56.94	1.88112537718	50
31869	31869	72813	72813	56.50	58.48	57.00	55.90	57.88	56.62	56.05	58.83	57.08	56.15	58.39	56.90	1.88168454498	50
31919	31919	72763	72763	56.50	58.45	56.98	55.85	57.85	56.62	55.95	58.83	57.08	56.10	58.38	56.89	1.88178565602	50
31969	31969	72713	72713	56.50	58.50	56.98	55.83	57.88	56.62	55.98	58.85	57.08	56.10	58.41	56.89	1.88208332837	50
32019	32019	72663	72663	56.45	58.50	56.95	55.80	57.85	56.62	55.95	58.77	57.00	56.07	58.38	56.86	1.88196179338	50
32069	32069	72613	72613	56.42	58.48	56.92	55.83	57.88	56.60	55.95	58.75	57.02	56.07	58.37	56.85	1.88215942993	50
32119	32119	72563	72563	56.40	58.45	56.92	55.73	57.85	56.58	55.88	58.75	57.00	56.00	58.35	56.83	1.8825279923	50
32169	32169	72513	72513	56.35	58.45	56.90	55.75	57.83	56.55	55.83	58.75	56.95	55.98	58.34	56.80	1.88249964181	50
32219	32219	72463	72463	56.40	58.42	56.85	55.70	57.80	56.52	55.85	58.73	56.95	55.98	58.32	56.77	1.88222147645	50
32269	32269	72413	72413	56.40	58.40	56.88	55.70	57.75	56.50	55.77	58.70	56.95	55.96	58.28	56.77	1.88198981955	50
32319	32319	72363	72363	56.40	58.42	56.85	55.73	57.73	56.48	55.75	58.67	56.95	55.96	58.27	56.76	1.88245157461	50
32369	32369	72313	72313	56.40	58.42	56.80	55.67	57.73	56.48	55.73	58.70	56.95	55.93	58.28	56.74	1.88304786912	50
32419	32419	72263	72263	56.30	58.48	56.85	55.67	57.70	56.48	55.73	58.70	56.90	55.90	58.29	56.74	1.8840517582	50
32469	32469	72213	72213	56.33	58.45	56.85	55.70	57.75	56.48	55.77	58.65	56.90	55.93	58.28	56.74	1.88416035508	50
32519	32519	72163	72163	56.27	58.48	56.80	55.62	57.75	56.48	55.77	58.67	56.85	55.89	58.30	56.71	1.88436830651	50
32569	32569	72113	72113	56.27	58.48	56.77	55.62	57.73	56.40	55.80	58.52	56.85	55.90	58.24	56.67	1.88515184388	50
32619	32619	72063	72063	56.27	58.48	56.77	55.58	57.73	56.40	55.77	58.58	56.88	55.88	58.26	56.68	1.88593215072	50
32669	32669	72013	72013	56.23	58.48	56.83	55.55	57.70	56.35	55.77	58.55	56.90	55.85	58.24	56.69	1.88592702944	50
32719	32719	71963	71963	56.25	58.48	56.77	55.50	57.75	56.35	55.70	58.50	56.90	55.82	58.24	56.67	1.88671575293	50
32769	32769	71913	71913	56.23	58.50	56.75	55.50	57.73	56.33	55.73	58.50	56.90	55.82	58.24	56.66	1.88654731429	50
32819	32819	71863	71863	56.20	58.50	56.70	55.48	57.73	56.30	55.67	58.50	56.83	55.78	58.24	56.61	1.88727604813	50
32869	32869	71813	71813	56.20	58.45	56.70	55.50	57.70	56.30	55.75	58.52	56.83	55.82	58.23	56.61	1.88653802987	50
32919	32919	71763	71763	56.17	58.48	56.70	55.48	57.67	56.30	55.73	58.52	56.77	55.79	58.23	56.59	1.88688072019	50
32969	32969	71713	71713	56.15	58.48	56.70	55.42	57.70	56.27	55.73	58.52	56.75	55.77	58.23	56.58	1.88707210491	50
33019	33019	71663	71663	56.12	58.50	56.67	55.45	57.62	56.30	55.70	58.50	56.67	55.76	58.21	56.55	1.88720801917	50
33069	33069	71613	71613	56.12	58.45	56.67	55.38	57.67	56.30	55.67	58.50	56.62	55.73	58.21	56.53	1.88770633617	50
33119	33119	71563	71563	56.10	58.38	56.70	55.33	57.60	56.25	55.70	58.48	56.62	55.71	58.15	56.52	1.88837613828	50
33169	33169	71513	71513	56.08	58.38	56.60	55.30	57.60	56.20	55.75	58.48	56.65	55.71	58.15	56.48	1.88908951028	50
33219	33219	71463	71463	56.10	58.38	56.62	55.27	57.60	56.20	55.73	58.42	56.60	55.70	58.13	56.48	1.88876164233	50
33269	33269	71413	71413	56.05	58.33	56.60	55.27	57.65	56.20	55.65	58.40	56.60	55.66	58.12	56.47	1.88928786725	50
33319	33319	71363	71363	56.02	58.27	56.60	55.27	57.67	56.15	55.67	58.30	56.55	55.66	58.08	56.43	1.88919496726	50
33369	33369	71313	71313	56.00	58.30	56.60	55.20	57.67	56.15	55.62	58.33	56.58	55.61	58.10	56.44	1.8892240512	50
33419	33419	71263	71263	56.00	58.27	56.55	55.15	57.65	56.12	55.62	58.33	56.60	55.59	58.08	56.42	1.88931912281	50
33469	33469	71213	71213	55.95	58.38	56.58	55.12	57.60	56.05	55.67	58.38	56.62	55.58	58.12	56.42	1.89018549614	50
33519	33519	71163	71163	56.05	58.25	56.58	55.10	57.58	56.05	55.65	58.23	56.52	55.60	58.02	56.38	1.89021464258	50
33569	33569	71113	71113	55.98	58.25	56.52	55.02	57.50	55.98	55.65	58.23	56.55	55.55	57.99	56.35	1.89027995725	50
33619	33619	71063	71063	55.98	58.17	56.52	54.95	57.52	55.98	55.55	58.15	56.48	55.49	57.95	56.33	1.89067589359	50
33669	33669	71013	71013	55.95	58.17	56.52	54.95	57.48	55.95	55.52	58.17	56.50	55.48	57.94	56.33	1.89070850578	50
33719	33719	70963	70963	55.92	58.12	56.52	54.95	57.50	55.88	55.52	58.15	56.52	55.47	57.92	56.31	1.89085041075	50
33769	33769	70913	70913	55.95	58.12	56.52	55.00	57.50	55.90	55.48	58.15	56.45	55.48	57.92	56.29	1.89178426554	50
33819	33819	70863	70863	55.92	58.15	56.42	54.95	57.48	55.90	55.42	58.12	56.45	55.43	57.92	56.26	1.89202859767	50
33869	33869	70813	70813	55.88	58.10	56.42	54.92	57.40	55.92	55.38	58.12	56.40	55.39	57.88	56.25	1.89177538138	50
33919	33919	70763	70763	55.88	58.17	56.42	54.90	57.42	55.92	55.33	58.15	56.45	55.37	57.92	56.27	1.89219141107	50
33969	33969	70713	70713	55.90	58.15	56.40	54.90	57.42	55.92	55.35	58.17	56.45	55.38	57.92	56.26	1.89165392438	50
34019	34019	70663	70663	55.85	58.08	56.40	54.92	57.45	55.92	55.38	58.15	56.45	55.38	57.89	56.26	1.89240908884	50
34069	34069	70613	70613	55.80	58.00	56.38	54.83	57.45	55.88	55.33	58.17	56.40	55.32	57.88	56.22	1.89251598377	50
34119	34119	70563	70563	55.77	58.00	56.35	54.85	57.40	55.90	55.30	58.15	56.30	55.31	57.85	56.18	1.89255188505	50
34169	34169	70513	70513	55.75	58.02	56.33	54.83	57.38	55.88	55.27	58.08	56.30	55.28	57.83	56.17	1.89259781371	50
34219	34219	70463	70463	55.75	58.02	56.35	54.77	57.35	55.90	55.25	58.10	56.23	55.26	57.83	56.16	1.89268294548	50
34269	34269	70413	70413	55.73	58.00	56.38	54.80	57.33	55.88	55.25	58.10	56.25	55.26	57.81	56.17	1.8926554713	50
34319	34319	70363	70363	55.77	58.00	56.35	54.75	57.27	55.83	55.27	58.10	56.25	55.27	57.79	56.14	1.89264081205	50
34369	34369	70313	70313	55.77	57.95	56.38	54.70	57.23	55.75	55.25	58.05	56.17	55.24	57.74	56.10	1.89422369781	50
34419	34419	70263	70263	55.77	57.90	56.35	54.73	57.25	55.75	55.25	58.05	56.20	55.25	57.73	56.10	1.89387836777	50
34469	34469	70213	70213	55.83	57.92	56.33	54.70	57.23	55.67	55.23	58.10	56.17	55.25	57.75	56.06	1.89380798645	50
34519	34519	70163	70163	55.77	57.90	56.35	54.67	57.20	55.67	55.23	58.05	56.12	55.23	57.72	56.05	1.89397764789	50
34569	34569	70113	70113	55.75	57.85	56.33	54.62	57.25	55.73	55.23	58.05	56.10	55.20	57.72	56.05	1.89484341947	50
34619	34619	70063	70063	55.70	57.85	56.30	54.65	57.23	55.75	55.25	58.00	56.10	55.20	57.69	56.05	1.89453715018	50
34669	34669	70013	70013	55.70	57.85	56.30	54.65	57.27	55.70	55.25	57.98	56.10	55.20	57.70	56.03	1.89524712084	50
34719	34719	69963	69963	55.65	57.85	56.30	54.65	57.23	55.70	55.23	58.05	56.10	55.17	57.71	56.03	1.89569993073	50
34769	34769	69913	69913	55.62	57.90	56.27	54.62	57.17	55.70	55.25	58.08	56.10	55.17	57.72	56.02	1.89613796691	50
34819	34819	69863	69863	55.65	57.88	56.27	54.62	57.17	55.67	55.23	58.02	56.12	55.17	57.69	56.02	1.89648289083	50
34869	34869	69813	69813	55.67	57.83	56.30	54.58	57.17	55.65	55.20	57.98	56.10	55.15	57.66	56.02	1.89697179331	50
34919	34919	69763	69763	55.65	57.83	56.23	54.58	57.12	55.67	55.23	57.98	56.08	55.15	57.64	55.99	1.89690298779	50
34969	34969	69713	69713	55.65	57.80	56.25	54.55	57.12	55.73	55.15	57.98	56.10	55.12	57.63	56.02	1.89681542925	50
35019	35019	69663	69663	55.58	57.75	56.23	54.50	57.12	55.65	55.17	57.95	56.10	55.08	57.61	55.99	1.89755948916	50
35069	35069	69613	69613	55.58	57.75	56.23	54.48	57.12	55.62	55.12	57.98	56.10	55.06	57.62	55.98	1.89763550594	50
35119	35119	69563	69563	55.60	57.83	56.20	54.48	57.08	55.65	55.08	57.98	56.05	55.05	57.62	55.97	1.89749587824	50
35169	35169	69513	69513	55.58	57.83	56.17	54.40	57.05	55.62	55.08	57.90	56.08	55.02	57.59	55.96	1.89781900213	50
35219	35219	69463	69463	55.55	57.83	56.15	54.38	57.00	55.65	55.10	57.88	56.08	55.01	57.57	55.96	1.89803647446	50
35269	35269	69413	69413	55.60	57.83	56.15	54.38	57.00	55.60	55.15	57.88	56.05	55.04	57.57	55.93	1.89880179253	50
35319	35319	69363	69363	55.52	57.80	56.10	54.35	56.98	55.60	55.08	57.88	56.05	54.98	57.55	55.92	1.89903151082	50
35369	35369	69313	69313	55.58	57.80	56.10	54.35	56.92	55.60	55.08	57.90	56.08	55.00	57.54	55.92	1.89889945418	50
35419	35419	69263	69263	55.60	57.75	56.10	54.38	56.92	55.58	55.02	57.90	56.02	55.00	57.52	55.90	1.89969862968	50
35469	35469	69213	69213	55.58	57.73	56.10	54.33	56.92	55.55	55.00	57.88	56.05	54.97	57.51	55.90	1.89927670713	50
35519	35519	69163	69163	55.52	57.73	56.10	54.33	56.92	55.55	54.95	57.88	56.05	54.93	57.51	55.90	1.89933361321	50
35569	35569	69113	69113	55.50	57.73	56.05	54.35	56.92	55.52	54.98	57.88	56.02	54.94	57.51	55.87	1.89939291695	50
35619	35619	69063	69063	55.48	57.73	56.02	54.35	56.95	55.50	54.92	57.88	56.05	54.92	57.52	55.86	1.90020763823	50
35669	35669	69013	69013	55.45	57.70	56.05	54.30	56.92	55.55	54.98	57.90	56.05	54.91	57.51	55.88	1.89987840709	50
35719	35719	68963	68963	55.50	57.67	56.05	54.27	56.95	55.48	54.98	57.88	56.02	54.92	57.50	55.85	1.90019650954	50
35769	35769	68913	68913	55.45	57.62	56.10	54.33	56.92	55.48	54.95	57.83	56.05	54.91	57.46	55.88	1.90033797933	50
35819	35819	68863	68863	55.38	57.65	56.08	54.27	56.88	55.45	54.90	57.85	56.02	54.85	57.46	55.85	1.90036793373	50
35869	35869	68813	68813	55.38	57.70	56.05	54.30	56.88	55.42	54.88	57.90	55.92	54.85	57.49	55.80	1.90058389598	50
35919	35919	68763	68763	55.35	57.65	56.05	54.33	56.88	55.45	54.88	57.88	55.92	54.85	57.47	55.81	1.90089112719	50
35969	35969	68713	68713	55.27	57.60	56.02	54.33	56.88	55.42	54.85	57.88	55.92	54.82	57.45	55.79	1.9015042204	50
36019	36019	68663	68663	55.27	57.60	56.05	54.33	56.85	55.40	54.83	57.83	55.92	54.81	57.42	55.79	1.90150288214	50
36069	36069	68613	68613	55.33	57.60	56.10	54.35	56.90	55.42	54.83	57.80	55.88	54.83	57.43	55.80	1.90194840532	50
36119	36119	68563	68563	55.35	57.60	56.08	54.33	56.88	55.42	54.77	57.77	55.88	54.82	57.42	55.79	1.90262434385	50
36169	36169	68513	68513	55.38	57.62	56.05	54.33	56.88	55.38	54.77	57.77	55.88	54.83	57.42	55.77	1.90268554447	50
36219	36219	68463	68463	55.33	57.60	56.08	54.27	56.85	55.38	54.80	57.80	55.85	54.80	57.42	55.77	1.9024091187	50
36269	36269	68413	68413	55.35	57.60	56.08	54.27	56.83	55.35	54.80	57.77	55.83	54.81	57.40	55.75	1.90261832199	50
36319	36319	68363	68363	55.33	57.60	56.05	54.27	56.80	55.38	54.85	57.77	55.83	54.82	57.39	55.75	1.90214330443	50
36369	36369	68313	68313	55.27	57.58	56.05	54.30	56.85	55.35	54.88	57.75	55.83	54.82	57.39	55.74	1.90227834738	50
36419	36419	68263	68263	55.30	57.55	56.10	54.27	56.83	55.35	54.85	57.75	55.83	54.81	57.38	55.76	1.90243387426	50
36469	36469	68213	68213	55.30	57.58	56.10	54.27	56.77	55.35	54.85	57.62	55.83	54.81	57.33	55.76	1.90287920303	50
36519	36519	68163	68163	55.30	57.60	56.10	54.27	56.77	55.35	54.83	57.65	55.83	54.80	57.34	55.76	1.90320858119	50
36569	36569	68113	68113	55.30	57.58	56.10	54.20	56.77	55.33	54.88	57.60	55.80	54.79	57.32	55.74	1.90351230611	50
36619	36619	68063	68063	55.25	57.52	56.10	54.17	56.77	55.35	54.85	57.65	55.77	54.76	57.32	55.74	1.9042397957	50
36669	36669	68013	68013	55.27	57.50	56.10	54.17	56.77	55.33	54.90	57.52	55.77	54.78	57.27	55.73	1.90476954207	50
36719	36719	67963	67963	55.27	57.48	56.12	54.17	56.73	55.33	54.88	57.55	55.77	54.77	57.25	55.74	1.90485088323	50
36769	36769	67913	67913	55.30	57.42	56.12	54.17	56.83	55.30	54.88	57.52	55.77	54.78	57.26	55.73	1.9051440689	50
36819	36819	67863	67863	55.27	57.45	56.10	54.17	56.77	55.27	54.83	57.58	55.77	54.76	57.27	55.72	1.90497031595	50
36869	36869	67813	67813	55.25	57.42	56.05	54.15	56.77	55.23	54.85	57.52	55.77	54.75	57.24	55.68	1.90550510656	50
36919	36919	67763	67763	55.25	57.40	56.05	54.17	56.77	55.23	54.77	57.58	55.73	54.73	57.25	55.67	1.90597996618	50
36969	36969	67713	67713	55.25	57.42	56.02	54.17	56.77	55.23	54.73	57.58	55.75	54.72	57.26	55.67	1.90566288319	50
37019	37019	67663	67663	55.25	57.40	56.00	54.15	56.77	55.27	54.73	57.48	55.73	54.71	57.22	55.67	1.90591903272	50
37069	37069	67613	67613	55.25	57.40	56.00	54.17	56.80	55.25	54.70	57.48	55.80	54.71	57.23	55.68	1.90563063602	50
37119	37119	67563	67563	55.27	57.38	55.98	54.17	56.77	55.25	54.67	57.42	55.80	54.71	57.19	55.67	1.90568524501	50
37169	37169	67513	67513	55.25	57.38	55.95	54.20	56.80	55.25	54.70	57.42	55.77	54.72	57.20	55.66	1.9058220756	50
37219	37219	67463	67463	55.27	57.42	55.95	54.20	56.77	55.27	54.73	57.38	55.80	54.73	57.19	55.67	1.90585238659	50
37269	37269	67413	67413	55.25	57.42	55.95	54.17	56.80	55.23	54.75	57.38	55.75	54.73	57.20	55.64	1.9058439433	50
37319	37319	67363	67363	55.25	57.40	55.95	54.25	56.80	55.23	54.75	57.38	55.77	54.75	57.19	55.65	1.90613230967	50
37369	37369	67313	67313	55.25	57.38	55.95	54.25	56.85	55.23	54.70	57.33	55.75	54.73	57.18	55.64	1.90628694285	50
37419	37419	67263	67263	55.27	57.42	55.90	54.25	56.80	55.20	54.70	57.33	55.75	54.74	57.18	55.62	1.90628207744	50
37469	37469	67213	67213	55.20	57.42	55.85	54.23	56.83	55.20	54.67	57.33	55.70	54.70	57.19	55.58	1.90651647894	50
37519	37519	67163	67163	55.20	57.40	55.85	54.23	56.83	55.17	54.70	57.35	55.73	54.71	57.19	55.58	1.90684423056	50
37569	37569	67113	67113	55.17	57.38	55.83	54.20	56.80	55.15	54.65	57.33	55.70	54.67	57.17	55.56	1.90756180455	50
37619	37619	67063	67063	55.20	57.40	55.85	54.17	56.77	55.15	54.65	57.30	55.70	54.67	57.16	55.57	1.90721084497	50
37669	37669	67013	67013	55.17	57.42	55.88	54.17	56.85	55.12	54.65	57.30	55.67	54.67	57.19	55.56	1.90731420519	50
37719	37719	66963	66963	55.17	57.42	55.88	54.17	56.83	55.15	54.62	57.30	55.67	54.66	57.18	55.57	1.907619277	50
37769	37769	66913	66913	55.10	57.42	55.85	54.12	56.83	55.12	54.65	57.33	55.67	54.62	57.19	55.55	1.90787654897	50
37819	37819	66863	66863	55.10	57.42	55.85	54.15	56.85	55.12	54.62	57.30	55.65	54.62	57.19	55.54	1.90816254526	50
37869	37869	66813	66813	55.05	57.40	55.85	54.17	56.85	55.10	54.62	57.27	55.62	54.62	57.17	55.52	1.9081127883	50
37919	37919	66763	66763	55.05	57.42	55.85	54.17	56.85	55.10	54.62	57.27	55.62	54.62	57.18	55.52	1.90783666137	50
37969	37969	66713	66713	55.08	57.40	55.85	54.17	56.85	55.08	54.62	57.27	55.62	54.62	57.17	55.52	1.90796749436	50
38019	38019	66663	66663	55.02	57.35	55.85	54.17	56.80	55.08	54.65	57.30	55.62	54.62	57.15	55.52	1.90793935861	50
38069	38069	66613	66613	55.02	57.42	55.85	54.20	56.83	55.05	54.62	57.27	55.60	54.62	57.17	55.50	1.90798448851	50
38119	38119	66563	66563	54.98	57.42	55.83	54.23	56.80	55.05	54.60	57.25	55.58	54.60	57.16	55.48	1.90814753467	50
38169	38169	66513	66513	55.02	57.42	55.83	54.20	56.80	55.02	54.55	57.27	55.52	54.59	57.17	55.46	1.9085860473	50
38219	38219	66463	66463	54.98	57.40	55.83	54.15	56.80	55.02	54.55	57.23	55.58	54.56	57.14	55.48	1.90882426721	50
38269	38269	66413	66413	55.00	57.42	55.83	54.15	56.80	55.08	54.52	57.27	55.55	54.56	57.17	55.48	1.909099924	50
38319	38319	66363	66363	54.92	57.40	55.83	54.15	56.83	55.08	54.52	57.23	55.52	54.53	57.15	55.48	1.9088514088	50
38369	38369	66313	66313	54.95	57.42	55.83	54.12	56.83	55.08	54.52	57.23	55.52	54.53	57.16	55.48	1.90933762605	50
38419	38419	66263	66263	54.88	57.42	55.83	54.12	56.80	55.08	54.52	57.27	55.52	54.51	57.17	55.48	1.90958362168	50
38469	38469	66213	66213	54.88	57.42	55.83	54.10	56.80	55.08	54.52	57.27	55.50	54.50	57.17	55.47	1.90995549365	50
38519	38519	66163	66163	54.85	57.42	55.80	54.08	56.77	55.08	54.50	57.27	55.50	54.48	57.16	55.46	1.91009081234	50
38569	38569	66113	66113	54.85	57.38	55.77	54.00	56.77	55.00	54.55	57.27	55.45	54.47	57.14	55.41	1.91000735369	50
38619	38619	66063	66063	54.83	57.33	55.75	53.98	56.77	55.00	54.58	57.25	55.48	54.46	57.12	55.41	1.91028795512	50
38669	38669	66013	66013	54.80	57.35	55.77	54.00	56.75	55.00	54.58	57.25	55.45	54.46	57.12	55.41	1.91035461211	50
38719	38719	65963	65963	54.85	57.40	55.75	53.98	56.75	55.00	54.52	57.25	55.45	54.45	57.13	55.40	1.91035246153	50
38769	38769	65913	65913	54.83	57.35	55.75	54.00	56.75	55.02	54.55	57.25	55.42	54.46	57.12	55.40	1.91057059229	50
38819	38819	65863	65863	54.83	57.33	55.73	53.95	56.75	54.98	54.52	57.23	55.40	54.43	57.10	55.37	1.91059861064	50
38869	38869	65813	65813	54.85	57.33	55.73	53.90	56.73	55.00	54.58	57.25	55.42	54.44	57.10	55.38	1.91062621889	50
38919	38919	65763	65763	54.83	57.27	55.70	53.90	56.75	54.95	54.58	57.20	55.38	54.43	57.08	55.34	1.910569769	50
38969	38969	65713	65713	54.80	57.27	55.67	53.90	56.73	54.92	54.58	57.23	55.35	54.42	57.08	55.32	1.91065795467	50
39019	39019	65663	65663	54.75	57.23	55.65	53.90	56.70	54.92	54.52	57.17	55.38	54.39	57.03	55.32	1.91078157454	50
39069	39069	65613	65613	54.73	57.23	55.60	53.90	56.73	54.98	54.50	57.17	55.35	54.38	57.04	55.31	1.91078285796	50
39119	39119	65563	65563	54.73	57.17	55.60	53.90	56.70	54.95	54.45	57.17	55.35	54.36	57.02	55.30	1.9109103689	50
39169	39169	65513	65513	54.70	57.20	55.62	53.90	56.67	54.95	54.48	57.23	55.30	54.36	57.03	55.29	1.91093702104	50
39219	39219	65463	65463	54.67	57.20	55.60	53.83	56.67	54.95	54.42	57.23	55.27	54.31	57.03	55.27	1.91116205175	50
39269	39269	65413	65413	54.65	57.17	55.60	53.83	56.65	54.95	54.45	57.20	55.25	54.31	57.01	55.27	1.91111116363	50
39319	39319	65363	65363	54.65	57.15	55.60	53.88	56.62	54.95	54.48	57.15	55.25	54.33	56.98	55.27	1.91067250474	50
39369	39369	65313	65313	54.62	57.15	55.55	53.80	56.62	54.92	54.40	57.17	55.25	54.27	56.98	55.24	1.91106934558	50
39419	39419	65263	65263	54.62	57.15	55.58	53.75	56.60	54.92	54.35	57.15	55.25	54.24	56.97	55.25	1.91150698816	50
39469	39469	65213	65213	54.62	57.15	55.52	53.77	56.62	54.92	54.40	57.20	55.25	54.27	56.99	55.23	1.91146310392	50
39519	39519	65163	65163	54.58	57.15	55.52	53.75	56.60	54.92	54.38	57.12	55.25	54.23	56.96	55.23	1.91190360288	50
39569	39569	65113	65113	54.60	57.17	55.52	53.75	56.58	54.92	54.38	57.15	55.25	54.24	56.97	55.23	1.9121467489	50
39619	39619	65063	65063	54.60	57.17	55.50	53.73	56.58	54.92	54.38	57.15	55.25	54.23	56.97	55.23	1.91276480978	50
39669	39669	65013	65013	54.60	57.20	55.50	53.65	56.52	54.92	54.38	57.20	55.20	54.21	56.98	55.21	1.91308737903	50
39719	39719	64963	64963	54.58	57.20	55.50	53.60	56.55	54.92	54.30	57.17	55.17	54.16	56.98	55.20	1.91328517334	50
39769	39769	64913	64913	54.60	57.12	55.48	53.58	56.55	54.90	54.27	57.20	55.17	54.15	56.96	55.18	1.91381979728	50
39819	39819	64863	64863	54.62	57.15	55.52	53.52	56.58	54.90	54.30	57.15	55.17	54.15	56.96	55.20	1.9144318796	50
39869	39869	64813	64813	54.60	57.15	55.45	53.52	56.55	54.95	54.27	57.12	55.20	54.13	56.94	55.20	1.91652955518	50
39919	39919	64763	64763	54.60	57.15	55.38	53.55	56.55	54.90	54.30	57.02	55.12	54.15	56.91	55.13	1.9180290767	50
39969	39969	64713	64713	54.52	57.12	55.33	53.55	56.52	54.85	54.23	57.05	55.10	54.10	56.90	55.09	1.92890999586	50
40019	40019	64663	64663	54.42	57.12	55.27	53.52	56.52	54.80	54.17	56.98	55.02	54.04	56.88	55.03	1.94220427314	50
40069	40069	64613	64613	54.40	57.10	55.25	53.55	56.50	54.80	54.17	56.90	55.02	54.04	56.83	55.02	1.94723743748	50
40119	40119	64563	64563	54.40	57.12	55.25	53.50	56.48	54.77	54.23	56.90	55.02	54.04	56.83	55.02	1.95055173475	50
40169	40169	64513	64513	54.42	57.12	55.25	53.50	56.48	54.75	54.23	56.92	55.02	54.05	56.84	55.01	1.95099999105	50
40219	40219	64463	64463	54.38	57.08	55.20	53.45	56.50	54.75	54.20	56.95	55.00	54.01	56.84	54.98	1.94991128518	50
40269	40269	64413	64413	54.38	57.10	55.20	53.45	56.50	54.73	54.20	56.95	54.95	54.01	56.85	54.96	1.95245109504	50
40319	40319	64363	64363	54.38	57.08	55.20	53.48	56.50	54.73	54.23	56.92	54.92	54.02	56.83	54.95	1.95202536233	50
40369	40369	64313	64313	54.40	57.08	55.20	53.45	56.50	54.73	54.23	56.90	54.92	54.02	56.83	54.95	1.95275450898	50
40419	40419	64263	64263	54.42	57.05	55.15	53.45	56.52	54.73	54.25	56.92	54.88	54.04	56.83	54.92	1.95162626999	50
40469	40469	64213	64213	54.38	57.08	55.12	53.45	56.45	54.70	54.25	56.95	54.88	54.02	56.83	54.90	1.94910229155	50
40519	40519	64163	64163	54.35	57.08	55.10	53.45	56.42	54.70	54.25	56.95	54.90	54.02	56.82	54.90	1.94823922746	50
40569	40569	64113	64113	54.38	57.10	55.10	53.42	56.45	54.70	54.27	56.95	54.88	54.02	56.83	54.89	1.94720718169	50
40619	40619	64063	64063	54.42	57.08	55.12	53.40	56.42	54.70	54.25	56.95	54.88	54.02	56.82	54.90	1.94585563633	50
40669	40669	64013	64013	54.40	57.08	55.10	53.38	56.45	54.67	54.27	56.90	54.88	54.02	56.81	54.88	1.94361953354	50
40719	40719	63963	63963	54.42	57.05	55.12	53.35	56.40	54.65	54.27	56.92	54.85	54.02	56.79	54.88	1.94082304251	50
40769	40769	63913	63913	54.48	57.08	55.10	53.38	56.40	54.67	54.25	56.90	54.85	54.03	56.79	54.88	1.93818456455	50
40819	40819	63863	63863	54.42	57.05	55.10	53.30	56.40	54.67	54.25	56.85	54.85	53.99	56.77	54.88	1.93675592768	50
40869	40869	63813	63813	54.45	57.02	55.08	53.38	56.40	54.65	54.23	56.85	54.85	54.02	56.76	54.86	1.93487456126	50
40919	40919	63763	63763	54.38	56.98	55.10	53.35	56.40	54.62	54.23	56.83	54.85	53.98	56.73	54.86	1.93351820632	50
40969	40969	63713	63713	54.38	56.95	55.10	53.35	56.40	54.62	54.23	56.85	54.85	53.98	56.73	54.86	1.93159664946	50
41019	41019	63663	63663	54.35	57.02	55.10	53.35	56.38	54.60	54.20	56.85	54.80	53.97	56.75	54.83	1.93053235792	50
41069	41069	63613	63613	54.38	57.00	55.10	53.35	56.38	54.62	54.17	56.85	54.80	53.97	56.74	54.84	1.92914104496	50
41119	41119	63563	63563	54.38	57.02	55.10	53.30	56.35	54.62	54.17	56.85	54.80	53.95	56.74	54.84	1.92753887083	50
41169	41169	63513	63513	54.30	57.02	55.10	53.33	56.38	54.62	54.15	56.85	54.80	53.92	56.75	54.84	1.92687868614	50
41219	41219	63463	63463	54.33	57.00	55.12	53.30	56.35	54.62	54.12	56.83	54.80	53.92	56.73	54.85	1.92690242603	50
41269	41269	63413	63413	54.33	56.90	55.12	53.35	56.35	54.62	54.12	56.88	54.83	53.93	56.71	54.86	1.92603422359	50
41319	41319	63363	63363	54.30	56.90	55.12	53.35	56.35	54.62	54.15	56.85	54.80	53.93	56.70	54.85	1.92632650964	50
41369	41369	63313	63313	54.25	56.85	55.15	53.38	56.35	54.62	54.15	56.85	54.80	53.92	56.68	54.86	1.9253900824	50
41419	41419	63263	63263	54.27	56.85	55.15	53.35	56.35	54.62	54.15	56.85	54.83	53.92	56.68	54.87	1.92500070607	50
41469	41469	63213	63213	54.30	56.88	55.15	53.38	56.35	54.62	54.15	56.85	54.83	53.94	56.69	54.87	1.92479282723	50
41519	41519	63163	63163	54.27	56.92	55.12	53.35	56.35	54.62	54.15	56.83	54.83	53.92	56.70	54.86	1.92497118849	50
41569	41569	63113	63113	54.27	56.90	55.12	53.38	56.35	54.60	54.12	56.77	54.80	53.92	56.67	54.84	1.92528155318	50
41619	41619	63063	63063	54.27	56.92	55.12	53.27	56.33	54.58	54.10	56.75	54.75	53.88	56.67	54.82	1.92548956549	50
41669	41669	63013	63013	54.25	56.90	55.05	53.30	56.30	54.58	54.08	56.80	54.75	53.88	56.67	54.79	1.9255967773	50
41719	41719	62963	62963	54.30	56.88	55.05	53.33	56.30	54.58	54.12	56.77	54.80	53.92	56.65	54.81	1.92501134108	50
41769	41769	62913	62913	54.25	56.88	55.05	53.33	56.30	54.52	54.10	56.77	54.75	53.89	56.65	54.77	1.92483458984	50
41819	41819	62863	62863	54.27	56.90	55.05	53.30	56.33	54.52	54.10	56.77	54.73	53.89	56.67	54.77	1.92475939889	50
41869	41869	62813	62813	54.27	56.92	55.02	53.30	56.33	54.52	54.10	56.77	54.70	53.89	56.67	54.75	1.92451314436	50
41919	41919	62763	62763	54.27	56.92	55.05	53.33	56.33	54.52	54.10	56.77	54.70	53.90	56.67	54.76	1.92539174772	50
41969	41969	62713	62713	54.27	56.98	55.00	53.35	56.35	54.52	54.10	56.80	54.70	53.91	56.71	54.74	1.92490317277	50
42019	42019	62663	62663	54.25	56.98	54.98	53.35	56.35	54.52	54.10	56.77	54.70	53.90	56.70	54.73	1.92486806656	50
42069	42069	62613	62613	54.25	56.98	54.98	53.30	56.33	54.52	54.08	56.80	54.70	53.88	56.70	54.73	1.92456434417	50
42119	42119	62563	62563	54.27	56.95	55.00	53.33	56.33	54.52	54.08	56.80	54.70	53.89	56.69	54.74	1.92458827199	50
42169	42169	62513	62513	54.27	56.95	54.98	53.35	56.33	54.50	54.08	56.83	54.70	53.90	56.70	54.73	1.92483252783	50
42219	42219	62463	62463	54.30	56.92	55.00	53.33	56.30	54.52	54.05	56.77	54.73	53.89	56.67	54.75	1.92544399991	50
42269	42269	62413	62413	54.30	56.95	55.00	53.35	56.30	54.48	54.10	56.75	54.73	53.92	56.67	54.73	1.925347074	50
42319	42319	62363	62363	54.27	56.98	54.98	53.33	56.30	54.50	54.15	56.73	54.70	53.92	56.67	54.73	1.92540718296	50
42369	42369	62313	62313	54.27	56.90	55.00	53.33	56.33	54.50	54.12	56.73	54.73	53.91	56.65	54.74	1.92535813727	50
42419	42419	62263	62263	54.27	56.92	54.98	53.25	56.30	54.48	54.12	56.73	54.73	53.88	56.65	54.73	1.92516404082	50
42469	42469	62213	62213	54.30	56.88	54.98	53.27	56.30	54.50	54.08	56.73	54.70	53.88	56.63	54.73	1.92542358978	50
42519	42519	62163	62163	54.30	56.90	54.95	53.27	56.30	54.48	54.10	56.70	54.65	53.89	56.63	54.69	1.92552163942	50
42569	42569	62113	62113	54.30	56.88	54.95	53.25	56.30	54.45	54.08	56.73	54.65	53.88	56.63	54.68	1.92577398165	50
42619	42619	62063	62063	54.30	56.88	54.98	53.25	56.30	54.42	54.12	56.73	54.62	53.89	56.63	54.67	1.92593174654	50
42669	42669	62013	62013	54.30	56.85	54.98	53.27	56.27	54.45	54.08	56.67	54.65	53.88	56.60	54.69	1.92601435903	50
42719	42719	61963	61963	54.30	56.83	54.95	53.27	56.25	54.45	54.08	56.62	54.65	53.88	56.57	54.68	1.92619740414	50
42769	42769	61913	61913	54.27	56.85	54.95	53.30	56.23	54.45	54.12	56.70	54.67	53.90	56.59	54.69	1.9264212957	50
42819	42819	61863	61863	54.25	56.75	54.90	53.30	56.25	54.48	54.10	56.70	54.65	53.88	56.57	54.67	1.92616300855	50
42869	42869	61813	61813	54.30	56.80	54.92	53.27	56.23	54.42	54.12	56.67	54.65	53.90	56.57	54.67	1.92638586976	50
42919	42919	61763	61763	54.30	56.77	54.90	53.27	56.23	54.42	54.10	56.67	54.62	53.89	56.56	54.65	1.9268349506	50
42969	42969	61713	61713	54.30	56.77	54.92	53.23	56.23	54.45	54.08	56.73	54.62	53.87	56.58	54.67	1.92661650334	50
43019	43019	61663	61663	54.27	56.77	54.92	53.23	56.20	54.45	54.08	56.73	54.62	53.86	56.57	54.67	1.92677676539	50
43069	43069	61613	61613	54.27	56.75	54.92	53.20	56.23	54.45	54.08	56.67	54.62	53.85	56.55	54.67	1.92687600379	50
43119	43119	61563	61563	54.27	56.70	54.92	53.17	56.23	54.48	54.05	56.65	54.62	53.83	56.52	54.67	1.9272734814	50
43169	43169	61513	61513	54.25	56.70	54.92	53.17	56.23	54.48	54.00	56.67	54.62	53.81	56.53	54.67	1.92694484803	50
43219	43219	61463	61463	54.25	56.70	54.92	53.17	56.20	54.42	54.02	56.62	54.62	53.82	56.51	54.66	1.92758199821	50
43269	43269	61413	61413	54.20	56.70	54.92	53.17	56.20	54.40	54.02	56.65	54.60	53.80	56.52	54.64	1.92744671704	50
43319	43319	61363	61363	54.10	56.70	54.90	53.15	56.20	54.40	54.02	56.65	54.60	53.76	56.52	54.63	1.92721144693	50
43369	43369	61313	61313	54.10	56.70	54.90	53.17	56.17	54.40	54.02	56.60	54.60	53.77	56.49	54.63	1.92730704639	50
43419	43419	61263	61263	54.10	56.67	54.90	53.20	56.17	54.42	54.02	56.55	54.60	53.77	56.47	54.64	1.92704650913	50
43469	43469	61213	61213	54.12	56.65	54.88	53.17	56.17	54.40	54.02	56.50	54.58	53.77	56.44	54.62	1.92721068797	50
43519	43519	61163	61163	54.12	56.67	54.88	53.20	56.12	54.40	54.00	56.55	54.58	53.77	56.45	54.62	1.92761671556	50
43569	43569	61113	61113	54.12	56.65	54.85	53.17	56.10	54.35	54.00	56.50	54.58	53.77	56.42	54.59	1.92739644906	50
