12120	12120	94562	94562	75.10	77.75	79.85	74.55	77.65	79.25	75.30	78.53	79.88	74.98	77.97	79.66	2.57566829058
12120	12120	94262	94262	75.05	77.75	79.88	74.58	77.62	79.25	75.28	78.53	79.90	74.97	77.97	79.67	2.54470030439	25
12145	12145	94237	94237	75.30	77.80	79.80	74.58	77.80	79.25	74.90	78.85	79.83	74.92	78.15	79.62	2.37322847025	25
12170	12170	94212	94212	74.62	78.03	79.55	73.95	77.97	79.22	74.35	79.15	79.78	74.31	78.38	79.52	2.26100960588	25
12195	12195	94187	94187	74.53	78.10	79.55	73.90	77.83	79.28	74.58	78.95	79.72	74.33	78.29	79.52	2.17139993031	25
12220	12220	94162	94162	74.38	78.08	79.45	74.00	77.78	79.20	74.38	78.78	79.50	74.25	78.21	79.38	2.11922979745	25
12245	12245	94137	94137	74.67	77.90	79.20	73.92	77.60	79.15	74.42	78.22	79.42	74.34	77.91	79.26	2.07160425228	25
12270	12270	94112	94112	74.75	77.95	79.22	73.92	77.45	78.88	74.50	78.30	79.42	74.39	77.90	79.17	2.02977854021	25
12295	12295	94087	94087	74.85	77.90	78.97	73.75	77.55	79.05	74.60	78.47	79.45	74.40	77.97	79.16	2.00268721849	25
12320	12320	94062	94062	74.80	77.67	78.97	73.85	77.62	78.78	74.67	78.33	79.28	74.44	77.88	79.01	1.97866520642	25
12345	12345	94037	94037	74.70	77.47	78.92	74.05	77.42	78.88	74.92	78.08	79.28	74.56	77.66	79.03	1.95913455876	25
12370	12370	94012	94012	74.97	77.50	79.05	74.15	77.45	78.85	75.12	78.05	79.33	74.75	77.67	79.08	1.94697056821	25
12395	12395	93987	93987	74.80	77.53	79.08	73.92	77.60	79.08	74.85	78.17	79.20	74.53	77.77	79.12	1.93820258108	25
12420	12420	93962	93962	74.92	77.60	79.20	73.95	77.62	79.12	74.85	78.33	79.17	74.58	77.85	79.17	1.93181125098	25
12445	12445	93937	93937	74.88	77.70	79.22	74.28	77.67	79.03	74.88	78.30	79.22	74.67	77.89	79.16	1.92256035928	25
12470	12470	93912	93912	75.28	77.53	79.47	74.28	77.65	79.15	74.88	78.47	79.38	74.81	77.88	79.33	1.91747322911	25
12495	12495	93887	93887	75.15	77.53	79.42	74.40	77.75	79.17	74.97	78.38	79.40	74.84	77.88	79.33	1.90867713622	25
12520	12520	93862	93862	75.20	77.42	79.40	74.38	77.45	79.15	75.05	78.28	79.47	74.88	77.72	79.34	1.89316136743	25
12545	12545	93837	93837	75.38	77.38	79.33	74.42	77.85	79.30	75.22	78.53	79.58	75.01	77.92	79.40	1.88812976706	25
12570	12570	93812	93812	75.47	77.40	79.35	74.35	77.95	79.30	75.35	78.58	79.53	75.06	77.97	79.39	1.87913416463	25
12595	12595	93787	93787	75.60	77.42	79.42	74.60	77.97	79.40	75.55	78.53	79.55	75.25	77.97	79.46	1.86472099212	25
12620	12620	93762	93762	75.65	77.65	79.47	74.72	77.75	79.45	75.60	78.40	79.55	75.33	77.93	79.49	1.85673637474	25
12645	12645	93737	93737	75.78	77.60	79.40	74.72	77.53	79.40	75.62	78.28	79.55	75.38	77.80	79.45	1.85387013842	25
12670	12670	93712	93712	75.72	77.62	79.47	74.72	77.85	79.47	75.67	78.28	79.53	75.38	77.92	79.49	1.84386958596	25
12695	12695	93687	93687	75.97	77.58	79.60	74.80	77.83	79.38	75.65	78.35	79.55	75.47	77.92	79.51	1.83643383385	25
12720	12720	93662	93662	75.97	77.72	79.60	74.60	77.70	79.25	75.53	78.38	79.62	75.37	77.93	79.49	1.83728675755	25
12745	12745	93637	93637	76.03	77.90	79.62	74.70	77.75	79.25	75.78	78.53	79.70	75.50	78.06	79.53	1.83184230497	25
12770	12770	93612	93612	76.05	77.83	79.78	74.60	77.88	79.28	75.67	78.67	79.67	75.44	78.12	79.58	1.81824133197	25
12795	12795	93587	93587	75.95	77.88	79.85	74.83	78.10	79.10	76.03	78.83	79.78	75.60	78.27	79.58	1.81722912617	25
12820	12820	93562	93562	75.92	77.80	79.78	74.80	77.78	79.20	76.33	78.78	79.67	75.68	78.12	79.55	1.81668240568	25
12845	12845	93537	93537	75.90	77.65	79.78	74.67	77.70	79.30	76.25	78.62	79.70	75.61	77.99	79.59	1.8093690124	25
12870	12870	93512	93512	76.03	77.75	79.62	74.80	77.70	79.28	76.20	78.60	79.70	75.67	78.02	79.53	1.81023356254	25
12895	12895	93487	93487	76.10	77.83	79.65	74.95	77.72	79.22	76.33	78.62	79.83	75.79	78.06	79.57	1.81102224714	25
12920	12920	93462	93462	76.05	77.88	79.75	75.10	77.65	79.22	76.33	78.55	79.78	75.83	78.03	79.58	1.80890981928	25
12945	12945	93437	93437	76.12	78.03	79.95	75.20	77.85	79.25	76.45	78.80	79.95	75.92	78.22	79.72	1.80996887418	25
12970	12970	93412	93412	76.00	77.95	80.00	75.22	77.83	79.28	76.42	78.65	79.95	75.88	78.14	79.74	1.8040839748	25
12995	12995	93387	93387	76.20	77.95	80.05	75.42	77.80	79.53	76.47	78.65	79.95	76.03	78.13	79.84	1.80242415111	25
13020	13020	93362	93362	76.12	78.17	79.95	75.40	77.70	79.33	76.38	78.62	79.80	75.97	78.17	79.69	1.80092035852	25
13045	13045	93337	93337	76.28	78.05	80.03	75.42	77.50	79.22	76.50	78.65	79.88	76.07	78.07	79.71	1.80128181498	25
13070	13070	93312	93312	76.33	78.12	80.00	75.35	77.67	79.05	76.62	78.60	79.78	76.10	78.13	79.61	1.80213648218	25
13095	13095	93287	93287	76.15	78.08	79.92	75.08	77.75	79.10	76.60	78.78	80.00	75.94	78.20	79.67	1.79600308706	25
13120	13120	93262	93262	76.10	78.08	79.83	75.12	77.58	78.92	76.72	78.60	80.00	75.98	78.08	79.58	1.79748248145	25
13145	13145	93237	93237	76.25	78.25	80.00	75.10	77.53	78.75	76.88	78.53	80.08	76.08	78.10	79.61	1.79989977241	25
13170	13170	93212	93212	76.38	78.25	80.12	75.25	77.62	78.92	76.92	78.62	80.15	76.18	78.17	79.73	1.79994841684	25
13195	13195	93187	93187	76.38	78.30	79.97	75.40	77.65	78.95	77.03	78.78	80.08	76.27	78.24	79.67	1.79479390473	25
13220	13220	93162	93162	76.47	78.42	79.92	75.45	77.75	78.97	76.78	78.92	80.12	76.23	78.37	79.67	1.7924051406	25
13245	13245	93137	93137	76.40	78.38	80.20	75.40	77.80	78.95	76.95	78.90	80.22	76.25	78.36	79.79	1.7864616845	25
13270	13270	93112	93112	76.42	78.53	80.05	75.30	77.60	78.97	76.75	79.08	80.15	76.16	78.40	79.72	1.79122809577	25
13295	13295	93087	93087	76.50	78.60	80.12	75.22	77.42	79.10	76.72	79.03	80.17	76.15	78.35	79.80	1.78541773679	25
13320	13320	93062	93062	76.50	78.60	80.25	75.33	77.33	79.05	76.58	79.05	80.20	76.13	78.33	79.83	1.78025451863	25
13345	13345	93037	93037	76.42	78.50	80.20	75.25	77.28	78.88	76.75	79.08	80.15	76.14	78.28	79.74	1.78258824816	25
13370	13370	93012	93012	76.33	78.50	80.10	75.12	77.12	78.70	76.78	79.10	80.22	76.08	78.24	79.67	1.78215990014	25
13395	13395	92987	92987	76.35	78.67	80.28	75.17	77.17	78.72	77.00	79.12	80.50	76.17	78.33	79.83	1.77936696648	25
13420	13420	92962	92962	76.38	78.47	80.22	75.20	77.28	78.70	77.10	79.25	80.45	76.22	78.33	79.79	1.78328137744	25
13445	13445	92937	92937	76.35	78.42	80.05	75.17	77.15	78.55	76.95	79.20	80.53	76.16	78.26	79.71	1.78713144756	25
13470	13470	92912	92912	76.40	78.47	80.03	75.15	76.97	78.53	76.90	79.03	80.45	76.15	78.16	79.67	1.78488547663	25
13495	13495	92887	92887	76.30	78.53	79.88	75.00	76.97	78.38	76.75	78.90	80.45	76.02	78.13	79.57	1.77944628668	25
13520	13520	92862	92862	76.40	78.50	80.00	75.22	77.00	78.33	76.85	78.83	80.40	76.16	78.11	79.58	1.77904017091	25
13545	13545	92837	92837	76.20	78.53	79.97	75.10	76.92	78.25	76.75	78.62	80.25	76.02	78.03	79.49	1.78504582507	25
13570	13570	92812	92812	76.28	78.45	80.10	75.03	76.70	78.25	76.75	78.47	79.95	76.02	77.88	79.43	1.78842279145	25
13595	13595	92787	92787	76.33	78.42	80.03	75.25	76.67	78.20	76.83	78.33	79.95	76.13	77.81	79.39	1.79170713845	25
13620	13620	92762	92762	76.17	78.40	80.00	75.08	76.60	78.22	76.80	78.15	79.95	76.02	77.72	79.39	1.78861542705	25
13645	13645	92737	92737	76.15	78.15	79.83	75.12	76.85	78.35	76.62	78.10	79.83	75.97	77.70	79.33	1.7920963694	25
13670	13670	92712	92712	76.15	78.08	79.92	75.10	76.80	78.22	76.80	78.00	79.95	76.02	77.62	79.37	1.79638946641	25
13695	13695	92687	92687	76.05	77.97	79.78	75.10	76.67	78.15	76.70	78.08	79.88	75.95	77.58	79.27	1.79744561019	25
13720	13720	92662	92662	76.20	77.88	79.78	74.95	76.55	78.10	76.75	77.95	79.78	75.97	77.46	79.22	1.79507263086	25
13745	13745	92637	92637	76.17	77.83	79.92	74.72	76.38	78.00	76.78	77.75	79.78	75.89	77.32	79.23	1.7960949714	25
13770	13770	92612	92612	76.25	77.88	79.78	74.72	76.40	77.92	76.85	77.95	79.75	75.94	77.41	79.15	1.7964635136	25
13795	13795	92587	92587	76.35	77.92	79.75	74.67	76.60	77.90	76.90	77.80	79.80	75.97	77.44	79.15	1.79450377697	25
13820	13820	92562	92562	76.30	77.72	79.65	74.67	76.50	77.78	76.97	77.62	79.80	75.98	77.28	79.08	1.79273372289	25
13845	13845	92537	92537	76.42	77.78	79.65	74.67	76.47	77.70	76.90	77.62	79.65	76.00	77.29	79.00	1.79265421914	25
13870	13870	92512	92512	76.30	77.85	79.58	74.60	76.33	77.45	76.97	77.35	79.53	75.96	77.17	78.85	1.79337679204	25
13895	13895	92487	92487	76.28	77.55	79.72	74.58	76.25	77.47	77.05	77.45	79.40	75.97	77.08	78.87	1.79400348665	25
13920	13920	92462	92462	76.28	77.58	79.72	74.50	76.22	77.20	77.00	77.40	79.42	75.92	77.07	78.78	1.79241771403	25
13945	13945	92437	92437	76.17	77.50	79.80	74.50	76.17	77.28	77.05	77.33	79.22	75.91	77.00	78.77	1.7941825489	25
13970	13970	92412	92412	76.28	77.47	79.62	74.42	76.12	77.25	77.03	77.28	79.33	75.91	76.96	78.73	1.79290580324	25
13995	13995	92387	92387	76.25	77.42	79.65	74.25	75.92	77.25	76.90	77.22	79.30	75.80	76.86	78.73	1.79094015538	25
14020	14020	92362	92362	76.28	77.30	79.58	74.25	75.83	77.05	76.80	77.00	79.33	75.78	76.71	78.65	1.79401388444	25
14045	14045	92337	92337	76.20	77.05	79.45	74.38	75.78	77.05	76.83	76.90	79.30	75.80	76.58	78.60	1.79697342816	25
14070	14070	92312	92312	76.08	76.92	79.50	74.30	75.58	76.92	76.95	76.92	79.25	75.78	76.47	78.56	1.79622703647	25
14095	14095	92287	92287	76.08	76.92	79.33	74.30	75.70	76.90	76.90	76.95	79.28	75.76	76.53	78.50	1.79698216921	25
14120	14120	92262	92262	76.10	76.62	79.22	74.20	75.60	76.95	76.92	76.97	79.42	75.74	76.40	78.53	1.79730307292	25
14145	14145	92237	92237	75.95	76.47	79.12	74.33	75.50	76.85	76.70	76.88	79.42	75.66	76.28	78.47	1.79932114759	25
14170	14170	92212	92212	75.85	76.50	79.08	74.25	75.50	76.80	76.72	76.80	79.33	75.61	76.27	78.40	1.79683927645	25
14195	14195	92187	92187	75.88	76.45	79.00	74.20	75.38	76.72	76.75	76.85	79.33	75.61	76.22	78.35	1.79519101425	25
14220	14220	92162	92162	76.03	76.33	78.97	74.22	75.35	76.70	76.90	76.75	79.28	75.72	76.14	78.32	1.79612015178	25
14245	14245	92137	92137	76.10	76.30	79.03	74.35	75.42	76.75	76.80	76.67	79.20	75.75	76.13	78.33	1.79893654659	25
14270	14270	92112	92112	76.20	76.28	78.92	74.22	75.25	76.50	76.85	76.70	79.20	75.76	76.08	78.21	1.7934973432	25
14295	14295	92087	92087	76.28	76.28	78.78	74.17	75.20	76.42	76.78	76.72	79.00	75.74	76.07	78.07	1.79045245998	25
14320	14320	92062	92062	76.25	76.28	78.78	74.20	75.20	76.50	76.72	76.50	78.97	75.72	75.99	78.08	1.79174209907	25
14345	14345	92037	92037	76.03	76.08	78.75	74.08	75.22	76.35	76.60	76.55	78.92	75.57	75.95	78.01	1.78989402026	25
14370	14370	92012	92012	75.97	76.22	78.72	74.22	75.17	76.35	76.55	76.42	78.88	75.58	75.94	77.98	1.78934703674	25
14395	14395	91987	91987	75.90	76.10	78.72	74.15	75.17	76.42	76.67	76.42	78.78	75.58	75.90	77.97	1.79163001456	25
14420	14420	91962	91962	75.85	76.17	78.70	74.05	75.30	76.40	76.40	76.42	78.70	75.43	75.97	77.93	1.79276420788	25
14445	14445	91937	91937	75.80	76.15	78.72	74.20	75.17	76.38	76.47	76.42	78.72	75.49	75.92	77.94	1.7949674044	25
14470	14470	91912	91912	75.80	75.92	78.53	74.12	75.03	76.42	76.58	76.40	78.58	75.50	75.78	77.84	1.79132879553	25
14495	14495	91887	91887	75.85	75.70	78.58	74.08	75.08	76.35	76.55	76.42	78.47	75.49	75.73	77.80	1.79577646513	25
14520	14520	91862	91862	75.75	75.90	78.42	74.03	75.08	76.28	76.22	76.35	78.55	75.33	75.78	77.75	1.79682798293	25
14545	14545	91837	91837	75.62	75.75	78.42	73.95	75.08	76.28	76.38	76.28	78.60	75.32	75.70	77.77	1.79349909653	25
14570	14570	91812	91812	75.67	75.75	78.38	73.88	74.88	76.30	76.28	76.12	78.55	75.28	75.58	77.74	1.79359202273	25
14595	14595	91787	91787	75.78	75.67	78.25	73.85	74.72	76.40	76.30	76.15	78.53	75.31	75.52	77.72	1.79229842879	25
14620	14620	91762	91762	75.72	75.60	78.08	73.78	74.65	76.28	76.30	76.03	78.42	75.27	75.42	77.59	1.79197594981	25
14645	14645	91737	91737	75.62	75.45	78.10	73.85	74.58	76.15	76.28	75.90	78.30	75.25	75.31	77.52	1.79525934465	25
14670	14670	91712	91712	75.50	75.62	78.00	73.80	74.50	76.12	76.20	75.83	78.40	75.17	75.32	77.51	1.79546818603	25
14695	14695	91687	91687	75.53	75.70	77.95	73.65	74.45	75.97	76.15	75.78	78.20	75.11	75.31	77.38	1.79648233962	25
14720	14720	91662	91662	75.38	75.53	77.80	73.65	74.53	75.88	76.08	75.80	78.05	75.03	75.28	77.24	1.79518122094	25
14745	14745	91637	91637	75.33	75.53	77.67	73.72	74.30	75.72	75.97	75.60	78.00	75.01	75.14	77.13	1.79565864485	25
14770	14770	91612	91612	75.33	75.62	77.47	73.70	74.28	75.62	75.95	75.62	78.05	74.99	75.17	77.05	1.79502454977	25
14795	14795	91587	91587	75.33	75.58	77.50	73.65	74.17	75.47	75.97	75.60	77.88	74.98	75.12	76.95	1.79471765637	25
14820	14820	91562	91562	75.08	75.50	77.45	73.40	74.08	75.58	75.78	75.53	77.90	74.75	75.03	76.97	1.79757125265	25
14845	14845	91537	91537	75.08	75.33	77.38	73.50	74.05	75.47	75.75	75.38	77.67	74.78	74.92	76.84	1.79806778285	25
14870	14870	91512	91512	74.95	75.17	77.25	73.33	73.88	75.42	75.67	75.38	77.47	74.65	74.81	76.72	1.79884995687	25
14895	14895	91487	91487	74.90	75.00	77.05	73.22	73.92	75.28	75.60	75.47	77.38	74.58	74.80	76.57	1.79745576195	25
14920	14920	91462	91462	74.88	75.00	76.95	73.25	73.90	75.22	75.35	75.53	77.28	74.49	74.81	76.48	1.79872181761	25
14945	14945	91437	91437	74.80	74.92	77.05	73.35	73.92	75.17	75.42	75.42	77.33	74.53	74.76	76.52	1.80048050551	25
14970	14970	91412	91412	74.80	74.95	77.08	73.30	73.70	75.17	75.35	75.42	77.15	74.48	74.69	76.47	1.79938812552	25
14995	14995	91387	91387	74.92	74.85	77.03	73.22	73.70	75.12	75.33	75.15	77.12	74.49	74.57	76.42	1.79922096933	25
15020	15020	91362	91362	74.83	74.80	76.85	73.22	73.62	75.12	75.20	75.17	77.08	74.42	74.53	76.35	1.80108068771	25
15045	15045	91337	91337	74.78	74.80	76.80	73.15	73.55	75.10	75.15	75.20	77.17	74.36	74.52	76.36	1.80114266831	25
15070	15070	91312	91312	74.75	74.70	76.78	73.10	73.60	75.17	75.17	75.12	76.92	74.34	74.47	76.29	1.79750908995	25
15095	15095	91287	91287	74.75	74.65	76.75	73.05	73.60	75.10	75.17	75.20	77.03	74.33	74.48	76.29	1.7982865092	25
15120	15120	91262	91262	74.58	74.80	76.60	72.97	73.55	75.12	75.05	75.20	76.90	74.20	74.52	76.21	1.79808658484	25
15145	15145	91237	91237	74.70	74.67	76.62	73.00	73.53	75.00	75.08	75.03	76.97	74.26	74.41	76.20	1.79489650519	25
15170	15170	91212	91212	74.62	74.72	76.55	73.00	73.47	75.00	74.95	75.12	76.88	74.19	74.44	76.14	1.79445813515	25
15195	15195	91187	91187	74.72	74.65	76.47	72.85	73.42	74.78	75.00	74.97	76.80	74.19	74.35	76.02	1.79464290607	25
15220	15220	91162	91162	74.55	74.60	76.33	72.83	73.40	74.72	74.95	74.95	76.65	74.11	74.32	75.90	1.79477851632	25
15245	15245	91137	91137	74.42	74.60	76.10	72.83	73.33	74.60	74.80	74.97	76.50	74.02	74.30	75.73	1.79606669067	25
15270	15270	91112	91112	74.33	74.47	76.10	72.80	73.30	74.70	74.80	74.88	76.42	73.97	74.22	75.74	1.79781921245	25
15295	15295	91087	91087	74.40	74.45	76.10	72.58	73.22	74.75	74.80	74.85	76.42	73.92	74.17	75.76	1.80138870686	25
15320	15320	91062	91062	74.30	74.40	76.15	72.65	73.40	74.55	74.62	74.83	76.42	73.86	74.21	75.71	1.80353684555	25
15345	15345	91037	91037	74.12	74.35	76.00	72.53	73.30	74.58	74.70	74.80	76.25	73.78	74.15	75.61	1.80280720275	25
15370	15370	91012	91012	74.20	74.22	75.88	72.58	73.33	74.53	74.67	74.85	76.25	73.82	74.13	75.55	1.80678877689	25
15395	15395	90987	90987	74.05	74.15	75.75	72.50	73.15	74.55	74.60	74.92	76.25	73.72	74.08	75.52	1.80905905126	25
15420	15420	90962	90962	73.97	74.28	75.83	72.55	73.10	74.55	74.58	74.78	76.15	73.70	74.05	75.51	1.8054826613	25
15445	15445	90937	90937	73.80	74.03	75.58	72.35	72.95	74.47	74.53	74.72	76.05	73.56	73.90	75.37	1.80611804761	25
15470	15470	90912	90912	73.70	74.15	75.65	72.33	72.92	74.45	74.75	74.88	76.05	73.59	73.98	75.38	1.80775797464	25
15495	15495	90887	90887	73.78	74.10	75.65	72.15	72.90	74.42	74.60	74.78	76.08	73.51	73.92	75.38	1.81005346815	25
15520	15520	90862	90862	73.75	74.05	75.60	72.17	72.83	74.22	74.47	74.80	76.08	73.47	73.89	75.30	1.81212434544	25
15545	15545	90837	90837	73.62	73.90	75.55	72.03	72.72	74.20	74.25	74.88	76.10	73.30	73.83	75.28	1.81152424254	25
15570	15570	90812	90812	73.70	73.80	75.40	72.12	72.70	74.12	74.22	74.78	75.95	73.35	73.76	75.16	1.8121426765	25
15595	15595	90787	90787	73.58	73.72	75.28	71.97	72.67	74.12	74.30	74.70	75.90	73.28	73.70	75.10	1.8108237056	25
15620	15620	90762	90762	73.53	73.67	75.17	72.03	72.78	74.00	74.28	74.65	75.88	73.28	73.70	75.02	1.80956226879	25
15645	15645	90737	90737	73.47	73.55	75.10	72.05	72.70	73.97	74.15	74.47	75.85	73.22	73.58	74.97	1.81027652881	25
15670	15670	90712	90712	73.47	73.62	75.12	71.97	72.67	73.95	74.08	74.47	75.85	73.17	73.59	74.97	1.81183358589	25
15695	15695	90687	90687	73.38	73.65	75.05	71.95	72.70	73.88	73.97	74.50	75.85	73.10	73.62	74.92	1.81117169163	25
15720	15720	90662	90662	73.35	73.62	75.17	72.15	72.50	73.92	73.88	74.53	75.85	73.12	73.55	74.98	1.81302187448	25
15745	15745	90637	90637	73.35	73.72	75.08	72.03	72.42	73.92	73.90	74.45	75.72	73.09	73.53	74.91	1.81166659018	25
15770	15770	90612	90612	73.38	73.67	75.05	72.05	72.30	73.83	73.90	74.40	75.78	73.11	73.46	74.88	1.81133854242	25
15795	15795	90587	90587	73.33	73.78	74.97	71.97	72.15	73.85	73.80	74.30	75.67	73.03	73.41	74.83	1.81205231268	25
15820	15820	90562	90562	73.33	73.62	74.97	71.83	72.12	73.85	73.75	74.33	75.78	72.97	73.36	74.87	1.80955620246	25
15845	15845	90537	90537	73.20	73.65	75.03	71.83	72.00	73.85	73.85	74.30	75.65	72.96	73.32	74.84	1.81152514184	25
15870	15870	90512	90512	73.20	73.65	74.95	71.70	72.05	73.78	73.72	74.38	75.53	72.88	73.36	74.75	1.81013436376	25
15895	15895	90487	90487	73.08	73.53	74.85	71.78	72.00	73.67	73.70	74.15	75.47	72.85	73.22	74.67	1.81034445079	25
15920	15920	90462	90462	72.95	73.53	74.83	71.67	71.90	73.67	73.62	74.15	75.45	72.75	73.19	74.65	1.80834092763	25
15945	15945	90437	90437	72.78	73.47	74.80	71.72	72.05	73.62	73.62	74.12	75.40	72.71	73.22	74.61	1.80766897568	25
15970	15970	90412	90412	72.67	73.50	74.83	71.58	72.08	73.50	73.53	74.28	75.33	72.59	73.28	74.55	1.80894090081	25
15995	15995	90387	90387	72.75	73.40	74.75	71.62	72.15	73.53	73.67	74.20	75.35	72.68	73.25	74.54	1.80930757446	25
16020	16020	90362	90362	72.72	73.35	74.65	71.50	72.05	73.42	73.67	74.15	75.35	72.63	73.18	74.47	1.81032717824	25
16045	16045	90337	90337	72.75	73.25	74.65	71.50	71.92	73.28	73.67	74.10	75.33	72.64	73.09	74.42	1.81116798947	25
16070	16070	90312	90312	72.65	73.20	74.60	71.58	71.80	73.22	73.65	74.12	75.35	72.62	73.04	74.39	1.81096358112	25
16095	16095	90287	90287	72.58	73.12	74.55	71.62	71.78	73.25	73.65	74.05	75.25	72.62	72.98	74.35	1.8107853712	25
16120	16120	90262	90262	72.55	73.12	74.20	71.50	71.80	73.20	73.65	73.95	75.17	72.57	72.96	74.19	1.81357911609	25
16145	16145	90237	90237	72.45	73.08	74.22	71.40	71.83	73.22	73.67	73.85	75.15	72.51	72.92	74.20	1.81304547613	25
16170	16170	90212	90212	72.53	73.00	74.08	71.40	71.85	73.28	73.60	73.78	75.08	72.51	72.88	74.14	1.81238243801	25
16195	16195	90187	90187	72.50	72.92	74.05	71.42	71.83	73.15	73.62	73.72	75.05	72.52	72.83	74.08	1.81098304237	25
16220	16220	90162	90162	72.45	72.97	74.03	71.30	71.72	73.10	73.60	73.75	75.03	72.45	72.82	74.05	1.81295771133	25
16245	16245	90137	90137	72.42	72.90	73.92	71.15	71.58	72.97	73.47	73.80	74.88	72.35	72.76	73.92	1.81332134024	25
16270	16270	90112	90112	72.30	72.80	73.85	71.22	71.47	72.90	73.25	73.75	74.78	72.26	72.67	73.84	1.81349039646	25
16295	16295	90087	90087	72.05	72.75	73.78	70.90	71.50	72.88	73.17	73.65	74.80	72.04	72.63	73.82	1.81501605074	25
16320	16320	90062	90062	72.15	72.95	73.65	70.97	71.40	72.83	73.28	73.62	74.65	72.13	72.66	73.71	1.81185683387	25
16345	16345	90037	90037	72.08	72.88	73.62	70.85	71.50	72.80	73.12	73.65	74.65	72.02	72.67	73.69	1.815588657	25
16370	16370	90012	90012	72.10	72.80	73.65	70.72	71.35	72.72	73.25	73.53	74.60	72.03	72.56	73.66	1.81594083025	25
16395	16395	89987	89987	72.00	72.65	73.60	70.70	71.28	72.70	73.22	73.53	74.58	71.97	72.48	73.62	1.81617334202	25
16420	16420	89962	89962	71.90	72.70	73.55	70.70	71.17	72.55	73.17	73.40	74.55	71.92	72.42	73.55	1.81778679558	25
16445	16445	89937	89937	71.88	72.55	73.47	70.75	71.22	72.47	73.15	73.38	74.55	71.92	72.38	73.50	1.81828439402	25
16470	16470	89912	89912	71.67	72.60	73.33	70.62	71.20	72.55	73.03	73.35	74.47	71.78	72.38	73.45	1.81851875084	25
16495	16495	89887	89887	71.72	72.62	73.38	70.55	71.10	72.45	72.92	73.35	74.45	71.73	72.36	73.42	1.81646846265	25
16520	16520	89862	89862	71.75	72.65	73.42	70.58	71.17	72.33	72.85	73.35	74.42	71.72	72.39	73.39	1.81642553534	25
16545	16545	89837	89837	71.60	72.47	73.33	70.60	71.12	72.35	72.90	73.40	74.42	71.70	72.33	73.37	1.81924989789	25
16570	16570	89812	89812	71.55	72.40	73.28	70.72	71.05	72.30	72.88	73.38	74.38	71.72	72.28	73.32	1.81712521294	25
16595	16595	89787	89787	71.53	72.30	73.22	70.70	70.97	72.17	72.85	73.35	74.35	71.69	72.21	73.25	1.81640111728	25
16620	16620	89762	89762	71.45	72.40	73.12	70.65	70.95	72.08	72.65	73.38	74.33	71.58	72.24	73.17	1.81868994311	25
16645	16645	89737	89737	71.30	72.35	73.05	70.58	71.03	71.97	72.53	73.40	74.22	71.47	72.26	73.08	1.8204675275	25
16670	16670	89712	89712	71.17	72.30	73.08	70.60	71.03	71.88	72.38	73.33	74.08	71.38	72.22	73.01	1.82034907955	25
16695	16695	89687	89687	71.12	72.25	73.03	70.47	71.03	71.97	72.17	73.28	73.92	71.26	72.18	72.97	1.82067245185	25
16720	16720	89662	89662	71.08	72.15	73.08	70.42	70.97	71.95	72.17	73.22	73.92	71.22	72.12	72.98	1.82000618252	25
16745	16745	89637	89637	71.05	72.17	72.88	70.25	70.83	72.00	72.22	73.17	73.70	71.17	72.06	72.86	1.82131605367	25
16770	16770	89612	89612	70.90	72.12	72.90	70.30	70.85	71.90	72.28	73.22	73.58	71.16	72.07	72.79	1.82231266815	25
16795	16795	89587	89587	70.92	72.12	73.00	70.25	70.72	71.78	72.10	72.97	73.58	71.09	71.94	72.78	1.82389116134	25
16820	16820	89562	89562	70.95	72.08	72.85	70.28	70.75	71.72	72.05	72.95	73.65	71.09	71.92	72.74	1.82387210425	25
16845	16845	89537	89537	70.92	72.08	72.92	70.33	70.60	71.62	72.10	73.05	73.60	71.12	71.91	72.72	1.82456168308	25
16870	16870	89512	89512	70.92	71.90	72.92	70.28	70.65	71.60	72.15	72.92	73.47	71.12	71.83	72.67	1.8236322076	25
16895	16895	89487	89487	70.90	71.95	72.83	70.28	70.58	71.53	72.12	72.92	73.45	71.10	71.82	72.60	1.8224093223	25
16920	16920	89462	89462	70.92	71.92	72.75	70.20	70.50	71.55	72.03	72.88	73.53	71.05	71.77	72.61	1.82426332452	25
16945	16945	89437	89437	70.90	71.85	72.62	70.12	70.45	71.47	72.10	72.80	73.50	71.04	71.70	72.53	1.82347374572	25
16970	16970	89412	89412	70.90	71.95	72.62	70.15	70.42	71.33	71.95	72.72	73.47	71.00	71.70	72.47	1.82567135403	25
16995	16995	89387	89387	70.90	71.78	72.53	70.08	70.33	71.28	72.03	72.70	73.45	71.00	71.60	72.42	1.82640986138	25
17020	17020	89362	89362	70.97	71.90	72.45	70.03	70.25	71.22	72.00	72.67	73.38	71.00	71.61	72.35	1.82676592838	25
17045	17045	89337	89337	70.88	71.78	72.40	70.10	70.30	71.17	72.00	72.62	73.45	70.99	71.57	72.34	1.82659814612	25
17070	17070	89312	89312	70.92	71.70	72.25	70.15	70.22	71.22	72.08	72.65	73.45	71.05	71.53	72.31	1.82605360602	25
17095	17095	89287	89287	70.80	71.58	72.15	69.95	70.25	71.17	71.90	72.67	73.47	70.88	71.50	72.27	1.82725880896	25
17120	17120	89262	89262	70.70	71.55	72.17	70.00	70.20	71.12	71.80	72.53	73.28	70.83	71.42	72.19	1.82803743608	25
17145	17145	89237	89237	70.65	71.65	72.12	69.95	70.22	71.17	71.62	72.50	73.25	70.74	71.46	72.18	1.82880276355	25
17170	17170	89212	89212	70.72	71.60	72.12	70.03	70.17	71.12	71.65	72.47	73.20	70.80	71.42	72.15	1.82766259916	25
17195	17195	89187	89187	70.72	71.47	72.08	69.97	70.15	71.05	71.65	72.58	73.33	70.78	71.40	72.15	1.82789442065	25
17220	17220	89162	89162	70.60	71.42	72.10	70.00	70.12	71.05	71.62	72.58	73.33	70.74	71.38	72.16	1.82921262183	25
17245	17245	89137	89137	70.60	71.45	72.15	69.80	70.15	71.03	71.58	72.47	73.38	70.66	71.36	72.18	1.82942905867	25
17270	17270	89112	89112	70.62	71.33	72.05	69.92	70.15	71.05	71.55	72.45	73.25	70.70	71.31	72.12	1.82927548467	25
17295	17295	89087	89087	70.58	71.35	72.05	69.90	70.05	70.95	71.70	72.45	73.38	70.72	71.28	72.12	1.82940403166	25
17320	17320	89062	89062	70.47	71.28	72.03	69.78	70.08	70.88	71.67	72.45	73.28	70.64	71.27	72.06	1.82965772509	25
17345	17345	89037	89037	70.45	71.22	72.05	69.75	69.88	70.83	71.62	72.33	73.10	70.61	71.14	71.99	1.83108695699	25
17370	17370	89012	89012	70.45	71.20	71.95	69.70	69.83	70.83	71.53	72.33	72.95	70.56	71.12	71.91	1.83066869077	25
17395	17395	88987	88987	70.45	71.17	71.97	69.60	69.83	70.80	71.42	72.25	73.00	70.49	71.08	71.92	1.83163682282	25
17420	17420	88962	88962	70.45	71.15	71.85	69.72	69.78	70.58	71.42	72.25	72.90	70.53	71.06	71.78	1.83021045579	25
17445	17445	88937	88937	70.38	71.15	71.83	69.72	69.85	70.58	71.35	72.30	72.75	70.48	71.10	71.72	1.83148853655	25
17470	17470	88912	88912	70.35	71.12	71.78	69.70	69.72	70.55	71.38	72.35	72.72	70.47	71.07	71.68	1.82849913199	25
17495	17495	88887	88887	70.22	71.10	71.75	69.58	69.67	70.42	71.22	72.25	72.60	70.34	71.01	71.59	1.82960786938	25
17520	17520	88862	88862	70.25	71.12	71.72	69.55	69.67	70.38	71.17	72.20	72.47	70.33	71.00	71.53	1.8299468263	25
17545	17545	88837	88837	70.28	71.05	71.62	69.55	69.65	70.30	71.22	72.17	72.42	70.35	70.96	71.45	1.83047518824	25
17570	17570	88812	88812	70.28	71.05	71.60	69.58	69.65	70.30	71.12	72.12	72.40	70.33	70.94	71.43	1.82847815741	25
17595	17595	88787	88787	70.25	71.00	71.60	69.53	69.70	70.22	71.10	72.08	72.30	70.29	70.92	71.38	1.82876203734	25
17620	17620	88762	88762	70.20	71.00	71.58	69.55	69.62	70.20	71.08	72.12	72.42	70.28	70.92	71.40	1.82963648767	25
17645	17645	88737	88737	70.22	71.03	71.58	69.47	69.58	70.05	71.05	72.15	72.35	70.25	70.92	71.33	1.83076056838	25
17670	17670	88712	88712	70.25	70.90	71.42	69.40	69.62	70.00	71.15	72.12	72.30	70.27	70.88	71.24	1.82908300944	25
17695	17695	88687	88687	70.20	70.88	71.35	69.38	69.53	69.90	71.15	72.03	72.20	70.24	70.81	71.15	1.82811261471	25
17720	17720	88662	88662	70.12	70.83	71.28	69.25	69.53	69.83	71.15	71.92	72.12	70.17	70.76	71.08	1.82828571153	25
17745	17745	88637	88637	70.10	70.65	71.25	69.17	69.45	69.80	71.20	71.95	72.10	70.16	70.68	71.05	1.82945227622	25
17770	17770	88612	88612	70.08	70.67	71.17	69.05	69.38	69.70	70.95	71.90	72.10	70.03	70.65	70.99	1.83048255286	25
17795	17795	88587	88587	70.10	70.70	71.12	68.92	69.38	69.75	70.90	71.92	72.05	69.97	70.67	70.97	1.83020994135	25
17820	17820	88562	88562	69.95	70.70	71.00	68.97	69.25	69.70	70.78	71.88	71.85	69.90	70.61	70.85	1.83080593403	25
17845	17845	88537	88537	69.95	70.65	70.97	68.85	69.28	69.78	70.62	71.67	71.92	69.81	70.53	70.89	1.82995459258	25
17870	17870	88512	88512	69.92	70.58	70.85	68.88	69.15	69.78	70.65	71.67	71.95	69.82	70.47	70.86	1.83091352946	25
17895	17895	88487	88487	69.90	70.40	70.75	68.78	69.15	69.70	70.53	71.58	71.85	69.73	70.38	70.77	1.83113401922	25
17920	17920	88462	88462	69.78	70.45	70.67	68.78	69.20	69.75	70.40	71.55	71.90	69.65	70.40	70.78	1.83155814857	25
17945	17945	88437	88437	69.78	70.35	70.60	68.83	69.17	69.60	70.35	71.53	71.83	69.65	70.35	70.67	1.83254650163	25
17970	17970	88412	88412	69.75	70.20	70.55	68.75	69.17	69.62	70.35	71.50	71.85	69.62	70.29	70.67	1.83411644408	25
17995	17995	88387	88387	69.58	70.25	70.70	68.72	69.17	69.55	70.38	71.47	71.72	69.56	70.30	70.66	1.83291121829	25
18020	18020	88362	88362	69.50	70.22	70.62	68.60	69.15	69.55	70.38	71.53	71.70	69.49	70.30	70.62	1.8321997444	25
18045	18045	88337	88337	69.42	70.12	70.55	68.62	69.12	69.55	70.35	71.47	71.70	69.47	70.24	70.60	1.83302008166	25
18070	18070	88312	88312	69.38	70.15	70.65	68.60	69.08	69.60	70.33	71.38	71.70	69.43	70.20	70.65	1.83487668413	25
18095	18095	88287	88287	69.35	70.20	70.58	68.45	68.90	69.50	70.28	71.28	71.65	69.36	70.12	70.58	1.8338328917	25
18120	18120	88262	88262	69.28	70.25	70.42	68.40	68.95	69.38	70.28	71.20	71.58	69.32	70.13	70.46	1.83424210217	25
18145	18145	88237	88237	69.33	70.17	70.30	68.33	68.95	69.35	70.33	71.25	71.55	69.33	70.12	70.40	1.83413966438	25
18170	18170	88212	88212	69.30	70.12	70.35	68.33	68.83	69.47	70.28	71.12	71.53	69.30	70.03	70.45	1.83530894541	25
18195	18195	88187	88187	69.20	70.05	70.28	68.33	68.70	69.38	70.25	71.12	71.55	69.26	69.96	70.40	1.83468238166	25
18220	18220	88162	88162	69.10	70.03	70.22	68.38	68.67	69.25	70.20	71.15	71.53	69.22	69.95	70.33	1.8343674993	25
18245	18245	88137	88137	69.12	69.92	70.20	68.28	68.62	69.22	70.08	71.05	71.55	69.16	69.87	70.33	1.8349803017	25
18270	18270	88112	88112	69.12	69.92	70.10	68.22	68.58	69.20	70.15	71.05	71.50	69.17	69.85	70.27	1.8362865076	25
18295	18295	88087	88087	69.05	69.85	69.97	68.15	68.62	69.17	70.10	70.88	71.53	69.10	69.78	70.22	1.83626464872	25
18320	18320	88062	88062	69.05	69.83	69.95	68.15	68.55	69.12	70.00	70.78	71.58	69.07	69.72	70.22	1.8353295555	25
18345	18345	88037	88037	69.08	69.65	70.00	68.15	68.55	69.10	69.97	70.67	71.50	69.07	69.62	70.20	1.83670859434	25
18370	18370	88012	88012	69.05	69.75	70.05	68.10	68.47	69.03	70.03	70.62	71.47	69.06	69.62	70.18	1.83706195969	25
18395	18395	87987	87987	68.90	69.67	70.03	68.12	68.55	69.10	69.97	70.60	71.45	69.00	69.61	70.19	1.83760800422	25
18420	18420	87962	87962	68.78	69.70	69.97	68.08	68.53	69.05	69.92	70.65	71.30	68.92	69.62	70.11	1.83721793539	25
18445	18445	87937	87937	68.80	69.62	69.97	68.00	68.58	68.97	69.92	70.62	71.33	68.91	69.61	70.09	1.83848918379	25
18470	18470	87912	87912	68.72	69.65	69.88	67.95	68.58	68.95	69.72	70.53	71.28	68.80	69.58	70.03	1.83715846457	25
18495	18495	87887	87887	68.70	69.45	69.83	68.00	68.60	68.95	69.72	70.45	71.20	68.81	69.50	69.99	1.83742126462	25
18520	18520	87862	87862	68.67	69.42	69.80	67.90	68.53	68.92	69.67	70.47	71.17	68.75	69.47	69.97	1.83792652578	25
18545	18545	87837	87837	68.72	69.50	69.75	67.92	68.50	68.88	69.62	70.53	71.17	68.76	69.51	69.93	1.83784120476	25
18570	18570	87812	87812	68.60	69.42	69.72	68.03	68.38	68.88	69.60	70.47	71.10	68.74	69.42	69.90	1.8391830168	25
18595	18595	87787	87787	68.53	69.35	69.67	67.88	68.25	68.78	69.65	70.38	71.08	68.68	69.33	69.84	1.84106339017	25
18620	18620	87762	87762	68.53	69.25	69.70	67.88	68.30	68.88	69.55	70.38	70.95	68.65	69.31	69.84	1.84041564378	25
18645	18645	87737	87737	68.55	69.20	69.53	67.88	68.25	68.72	69.50	70.17	70.92	68.64	69.21	69.72	1.8400931381	25
18670	18670	87712	87712	68.58	69.17	69.38	67.75	68.22	68.72	69.47	70.20	70.92	68.60	69.20	69.67	1.84119362978	25
18695	18695	87687	87687	68.50	69.15	69.33	67.70	68.10	68.67	69.35	70.25	70.83	68.52	69.17	69.61	1.84167906716	25
18720	18720	87662	87662	68.47	69.10	69.33	67.67	68.05	68.65	69.38	70.22	70.75	68.51	69.12	69.58	1.84191542084	25
18745	18745	87637	87637	68.33	69.05	69.30	67.60	68.00	68.58	69.25	70.17	70.78	68.39	69.08	69.55	1.84066659109	25
18770	18770	87612	87612	68.28	69.12	69.28	67.47	68.00	68.42	69.25	70.08	70.65	68.33	69.07	69.45	1.84287861465	25
18795	18795	87587	87587	68.17	69.08	69.25	67.53	67.92	68.42	69.17	70.22	70.65	68.29	69.08	69.44	1.84392863123	25
18820	18820	87562	87562	68.20	68.92	69.10	67.58	67.75	68.33	69.10	70.12	70.53	68.29	68.93	69.32	1.84349521204	25
18845	18845	87537	87537	68.10	68.90	69.00	67.50	67.78	68.33	69.08	70.05	70.55	68.22	68.91	69.29	1.84354057748	25
18870	18870	87512	87512	67.97	69.05	69.00	67.42	67.83	68.25	69.08	69.92	70.45	68.16	68.93	69.23	1.84390395686	25
18895	18895	87487	87487	67.95	68.88	68.92	67.40	67.65	68.20	69.00	69.83	70.38	68.12	68.78	69.17	1.84329311449	25
18920	18920	87462	87462	67.83	68.75	68.90	67.40	67.70	68.20	68.88	69.85	70.28	68.03	68.77	69.12	1.84287187522	25
18945	18945	87437	87437	67.72	68.83	68.78	67.25	67.60	68.15	68.90	69.80	70.33	67.96	68.74	69.08	1.8419265382	25
18970	18970	87412	87412	67.65	68.62	68.72	67.15	67.58	68.08	68.78	69.62	70.20	67.86	68.61	69.00	1.84366838751	25
18995	18995	87387	87387	67.62	68.67	68.67	67.05	67.53	68.00	68.62	69.62	70.10	67.77	68.61	68.92	1.84511919671	25
19020	19020	87362	87362	67.60	68.58	68.70	67.08	67.55	67.88	68.72	69.65	70.12	67.80	68.59	68.90	1.84416165841	25
19045	19045	87337	87337	67.50	68.47	68.62	67.10	67.55	67.83	68.67	69.53	70.05	67.76	68.52	68.83	1.84370268307	25
19070	19070	87312	87312	67.42	68.40	68.55	67.00	67.55	67.80	68.60	69.55	70.08	67.67	68.50	68.81	1.84234245125	25
19095	19095	87287	87287	67.40	68.40	68.53	67.03	67.53	67.83	68.58	69.38	70.05	67.67	68.43	68.80	1.84268387822	25
19120	19120	87262	87262	67.38	68.45	68.55	66.97	67.45	67.70	68.58	69.35	69.97	67.64	68.42	68.74	1.84426899209	25
19145	19145	87237	87237	67.25	68.42	68.40	66.85	67.38	67.62	68.53	69.30	69.92	67.54	68.37	68.65	1.84459385339	25
19170	19170	87212	87212	67.25	68.30	68.30	66.83	67.38	67.58	68.60	69.28	69.90	67.56	68.32	68.59	1.84460215103	25
19195	19195	87187	87187	67.17	68.33	68.30	66.83	67.25	67.50	68.53	69.15	69.78	67.51	68.24	68.53	1.844726679	25
19220	19220	87162	87162	67.05	68.22	68.15	66.75	67.12	67.42	68.50	69.17	69.78	67.43	68.17	68.45	1.8455687285	25
19245	19245	87137	87137	67.05	68.15	68.08	66.70	67.15	67.50	68.38	69.17	69.83	67.38	68.16	68.47	1.84506040846	25
19270	19270	87112	87112	66.97	68.12	68.08	66.70	67.08	67.38	68.40	69.03	69.88	67.36	68.08	68.44	1.84495440299	25
19295	19295	87087	87087	66.92	68.00	68.05	66.72	67.12	67.25	68.35	69.05	69.67	67.33	68.06	68.33	1.84489909364	25
19320	19320	87062	87062	66.85	67.85	67.90	66.72	67.05	67.08	68.30	68.97	69.67	67.29	67.96	68.22	1.84581032348	25
19345	19345	87037	87037	66.83	67.85	67.88	66.67	67.03	67.03	68.33	68.88	69.62	67.28	67.92	68.17	1.84440853938	25
19370	19370	87012	87012	66.83	67.78	67.80	66.67	66.95	66.95	68.28	68.85	69.75	67.26	67.86	68.17	1.84423394213	25
19395	19395	86987	86987	66.78	67.78	67.70	66.62	66.95	66.95	68.25	68.95	69.70	67.22	67.89	68.12	1.84466424283	25
19420	19420	86962	86962	66.72	67.75	67.65	66.55	66.92	66.92	68.25	68.92	69.70	67.17	67.87	68.09	1.84449085066	25
19445	19445	86937	86937	66.78	67.72	67.60	66.50	66.78	66.85	68.28	68.83	69.60	67.18	67.78	68.02	1.84449301986	25
19470	19470	86912	86912	66.70	67.65	67.58	66.42	66.83	66.83	68.25	68.80	69.40	67.12	67.76	67.93	1.84491634774	25
19495	19495	86887	86887	66.65	67.62	67.62	66.42	66.83	66.80	68.30	68.72	69.38	67.12	67.72	67.93	1.84383031056	25
19520	19520	86862	86862	66.60	67.72	67.62	66.45	66.80	66.70	68.28	68.70	69.33	67.11	67.74	67.88	1.84410935116	25
19545	19545	86837	86837	66.58	67.58	67.55	66.42	66.67	66.78	68.38	68.62	69.33	67.12	67.62	67.88	1.8428176052	25
19570	19570	86812	86812	66.53	67.47	67.47	66.30	66.60	66.72	68.22	68.60	69.28	67.02	67.56	67.83	1.8436497806	25
19595	19595	86787	86787	66.40	67.38	67.47	66.25	66.65	66.60	68.15	68.47	69.28	66.93	67.50	67.78	1.84302466776	25
19620	19620	86762	86762	66.47	67.38	67.38	66.22	66.58	66.67	68.12	68.40	69.20	66.94	67.45	67.75	1.84415916707	25
19645	19645	86737	86737	66.55	67.35	67.40	66.25	66.55	66.55	68.08	68.40	69.08	66.96	67.43	67.67	1.84439524068	25
19670	19670	86712	86712	66.35	67.35	67.40	66.12	66.65	66.60	68.03	68.35	69.08	66.83	67.45	67.69	1.84491689515	25
19695	19695	86687	86687	66.40	67.25	67.33	66.08	66.65	66.53	67.92	68.40	69.10	66.80	67.43	67.65	1.84535735505	25
19720	19720	86662	86662	66.35	67.20	67.28	66.00	66.62	66.55	67.97	68.35	69.15	66.78	67.39	67.66	1.84483794161	25
19745	19745	86637	86637	66.45	67.17	67.30	65.97	66.65	66.53	67.97	68.42	69.10	66.80	67.42	67.64	1.84395392915	25
19770	19770	86612	86612	66.47	67.15	67.30	66.08	66.60	66.50	67.92	68.33	69.03	66.83	67.36	67.61	1.84553218321	25
19795	19795	86587	86587	66.55	67.10	67.25	66.10	66.53	66.45	67.92	68.17	69.00	66.86	67.27	67.57	1.84463303388	25
19820	19820	86562	86562	66.55	67.12	67.25	66.05	66.55	66.40	67.92	68.15	68.95	66.84	67.28	67.53	1.84422472133	25
19845	19845	86537	86537	66.53	67.17	67.12	65.97	66.50	66.40	67.90	68.03	68.83	66.80	67.23	67.45	1.84446453822	25
19870	19870	86512	86512	66.50	67.15	67.08	65.95	66.53	66.42	67.83	68.12	68.78	66.76	67.27	67.42	1.84431683047	25
19895	19895	86487	86487	66.53	67.15	67.00	65.95	66.50	66.42	67.83	68.10	68.78	66.77	67.25	67.40	1.84505288175	25
19920	19920	86462	86462	66.47	67.15	67.03	65.97	66.42	66.30	67.75	68.00	68.65	66.73	67.19	67.33	1.84541490892	25
19945	19945	86437	86437	66.40	67.05	66.95	65.92	66.42	66.33	67.75	68.08	68.55	66.69	67.18	67.28	1.84580411751	25
19970	19970	86412	86412	66.42	67.08	66.90	65.90	66.40	66.35	67.72	68.05	68.40	66.68	67.17	67.22	1.84707787545	25
19995	19995	86387	86387	66.38	66.95	66.85	65.90	66.33	66.28	67.70	68.05	68.45	66.66	67.11	67.19	1.8462252877	25
20020	20020	86362	86362	66.35	66.92	66.85	65.92	66.30	66.20	67.72	67.92	68.47	66.67	67.05	67.17	1.8478009355	25
20045	20045	86337	86337	66.35	66.85	66.83	65.85	66.30	66.22	67.70	68.00	68.53	66.63	67.05	67.19	1.84621412315	25
20070	20070	86312	86312	66.25	66.78	66.80	65.83	66.28	66.17	67.67	67.92	68.50	66.58	66.99	67.16	1.84674595672	25
20095	20095	86287	86287	66.20	66.67	66.70	65.80	66.20	66.15	67.53	67.88	68.40	66.51	66.92	67.08	1.84714693586	25
20120	20120	86262	86262	66.12	66.67	66.75	65.78	66.17	66.12	67.50	67.83	68.50	66.47	66.89	67.12	1.84640468237	25
20145	20145	86237	86237	66.15	66.60	66.72	65.80	66.03	66.12	67.62	67.92	68.45	66.53	66.85	67.10	1.84644386203	25
20170	20170	86212	86212	66.25	66.50	66.72	65.75	66.10	66.12	67.50	67.92	68.47	66.50	66.84	67.11	1.84741464304	25
20195	20195	86187	86187	66.12	66.45	66.72	65.72	66.08	66.12	67.50	67.85	68.30	66.45	66.79	67.05	1.84694377539	25
20220	20220	86162	86162	66.12	66.47	66.78	65.62	66.05	66.12	67.45	67.83	68.30	66.40	66.78	67.07	1.84692240995	25
20245	20245	86137	86137	66.05	66.45	66.72	65.67	66.12	65.97	67.40	67.85	68.15	66.38	66.81	66.95	1.84802547179	25
20270	20270	86112	86112	66.12	66.45	66.62	65.58	66.22	66.03	67.50	67.75	68.20	66.40	66.81	66.95	1.84684389912	25
20295	20295	86087	86087	66.03	66.45	66.60	65.53	66.22	65.97	67.50	67.75	68.20	66.35	66.81	66.92	1.84667710307	25
20320	20320	86062	86062	66.03	66.40	66.60	65.47	66.12	66.03	67.53	67.62	68.17	66.34	66.72	66.93	1.84685473085	25
20345	20345	86037	86037	66.00	66.38	66.53	65.42	66.08	66.00	67.53	67.67	68.08	66.32	66.71	66.87	1.84608673183	25
20370	20370	86012	86012	66.05	66.38	66.47	65.40	66.05	66.03	67.50	67.62	68.05	66.32	66.68	66.85	1.84765640217	25
20395	20395	85987	85987	66.00	66.40	66.50	65.42	66.08	65.88	67.35	67.60	67.95	66.26	66.69	66.78	1.84853236101	25
20420	20420	85962	85962	65.92	66.45	66.40	65.38	66.00	65.90	67.40	67.60	67.90	66.23	66.68	66.73	1.84915650204	25
20445	20445	85937	85937	65.90	66.47	66.40	65.33	66.00	65.88	67.40	67.53	67.85	66.21	66.67	66.71	1.84856267181	25
20470	20470	85912	85912	65.92	66.50	66.38	65.38	66.03	65.90	67.33	67.45	67.85	66.21	66.66	66.71	1.85006312194	25
20495	20495	85887	85887	65.88	66.40	66.35	65.35	66.08	65.88	67.30	67.45	67.85	66.17	66.64	66.69	1.84997891977	25
20520	20520	85862	85862	65.85	66.33	66.33	65.30	66.05	65.80	67.28	67.45	67.85	66.14	66.61	66.66	1.84883449402	25
20545	20545	85837	85837	65.75	66.33	66.22	65.25	65.95	65.72	67.28	67.55	67.72	66.09	66.61	66.56	1.85002865744	25
20570	20570	85812	85812	65.80	66.25	66.25	65.33	65.97	65.72	67.20	67.55	67.72	66.11	66.59	66.57	1.84836482465	25
20595	20595	85787	85787	65.75	66.25	66.20	65.28	65.90	65.67	67.22	67.47	67.72	66.08	66.54	66.53	1.84866047574	25
20620	20620	85762	85762	65.72	66.25	66.17	65.28	65.90	65.72	67.20	67.42	67.72	66.07	66.53	66.54	1.84920060238	25
20645	20645	85737	85737	65.67	66.33	66.20	65.25	65.85	65.70	67.20	67.42	67.67	66.04	66.53	66.53	1.84905203597	25
20670	20670	85712	85712	65.67	66.22	66.12	65.17	65.83	65.65	67.22	67.35	67.70	66.03	66.47	66.49	1.84978800415	25
20695	20695	85687	85687	65.72	66.28	66.12	65.15	65.92	65.58	67.15	67.33	67.70	66.01	66.51	66.47	1.85047886343	25
20720	20720	85662	85662	65.72	66.17	66.15	65.15	65.95	65.62	67.17	67.33	67.65	66.02	66.48	66.47	1.85023920807	25
20745	20745	85637	85637	65.70	66.12	66.12	65.15	65.83	65.65	67.15	67.17	67.60	66.00	66.38	66.46	1.85016554581	25
20770	20770	85612	85612	65.72	66.17	66.12	65.08	65.88	65.58	67.15	67.25	67.65	65.98	66.43	66.45	1.84983377228	25
20795	20795	85587	85587	65.67	66.17	66.00	65.03	65.88	65.55	67.10	67.28	67.62	65.93	66.44	66.39	1.85134866253	25
20820	20820	85562	85562	65.62	66.05	65.97	65.00	65.85	65.53	67.10	67.17	67.67	65.91	66.36	66.39	1.85090526604	25
20845	20845	85537	85537	65.72	66.12	65.88	65.00	65.72	65.45	67.10	67.15	67.60	65.94	66.33	66.31	1.8495511984	25
20870	20870	85512	85512	65.70	66.05	65.92	65.00	65.72	65.45	67.05	67.20	67.55	65.92	66.33	66.31	1.85100007882	25
20895	20895	85487	85487	65.72	65.97	66.03	65.03	65.70	65.35	67.08	67.15	67.53	65.94	66.28	66.30	1.85108042395	25
20920	20920	85462	85462	65.72	65.95	65.85	64.92	65.70	65.35	67.05	67.17	67.47	65.90	66.28	66.22	1.85128639563	25
20945	20945	85437	85437	65.65	65.95	65.90	65.00	65.67	65.38	67.12	67.15	67.42	65.92	66.26	66.23	1.85079514736	25
20970	20970	85412	85412	65.70	65.92	65.92	64.95	65.70	65.40	67.10	67.20	67.30	65.92	66.28	66.21	1.8513606954	25
20995	20995	85387	85387	65.65	65.95	65.88	64.92	65.75	65.33	67.03	67.17	67.35	65.87	66.29	66.18	1.85129740489	25
21020	21020	85362	85362	65.70	65.90	65.83	64.92	65.75	65.30	66.97	67.15	67.35	65.87	66.27	66.16	1.8512664939	25
21045	21045	85337	85337	65.58	65.90	65.83	64.95	65.72	65.28	67.00	67.20	67.30	65.84	66.28	66.13	1.85037707626	25
21070	21070	85312	85312	65.45	65.95	65.83	64.80	65.80	65.25	66.88	67.12	67.30	65.71	66.29	66.12	1.85015715275	25
21095	21095	85287	85287	65.45	65.90	65.83	64.75	65.67	65.25	66.85	67.12	67.35	65.68	66.23	66.14	1.84918698441	25
21120	21120	85262	85262	65.38	65.90	65.75	64.90	65.62	65.33	66.80	67.12	67.33	65.69	66.22	66.13	1.85013760372	25
21145	21145	85237	85237	65.33	65.80	65.72	64.83	65.65	65.35	66.83	66.95	67.22	65.66	66.13	66.10	1.84967800869	25
21170	21170	85212	85212	65.33	65.78	65.72	64.83	65.58	65.30	66.83	66.95	67.15	65.66	66.10	66.06	1.84974589703	25
21195	21195	85187	85187	65.30	65.78	65.72	64.75	65.60	65.30	66.80	66.85	67.10	65.62	66.08	66.04	1.84982093571	25
21220	21220	85162	85162	65.17	65.78	65.67	64.78	65.60	65.22	66.75	66.90	67.12	65.57	66.09	66.01	1.84949997077	25
21245	21245	85137	85137	65.15	65.72	65.65	64.80	65.62	65.20	66.72	66.95	67.15	65.56	66.10	66.00	1.85041134661	25
21270	21270	85112	85112	65.10	65.75	65.60	64.80	65.58	65.25	66.65	66.92	67.12	65.52	66.08	65.99	1.85010046191	25
21295	21295	85087	85087	65.08	65.62	65.60	64.80	65.60	65.17	66.62	66.85	67.12	65.50	66.03	65.97	1.84998789523	25
21320	21320	85062	85062	65.05	65.65	65.47	64.70	65.60	65.17	66.53	66.83	67.08	65.42	66.03	65.91	1.850095052	25
21345	21345	85037	85037	65.00	65.60	65.38	64.50	65.60	65.20	66.50	66.83	67.00	65.33	66.01	65.86	1.85003149731	25
21370	21370	85012	85012	65.05	65.53	65.42	64.50	65.58	65.15	66.50	66.83	67.03	65.35	65.97	65.87	1.84993135358	25
21395	21395	84987	84987	65.03	65.58	65.38	64.60	65.50	65.03	66.47	66.72	67.00	65.37	65.93	65.80	1.84969620706	25
21420	21420	84962	84962	65.12	65.58	65.33	64.60	65.45	64.97	66.47	66.67	67.03	65.40	65.90	65.78	1.85146881893	25
21445	21445	84937	84937	65.00	65.53	65.35	64.65	65.47	65.00	66.53	66.70	66.97	65.39	65.90	65.78	1.85302680936	25
21470	21470	84912	84912	65.05	65.47	65.22	64.50	65.40	64.92	66.58	66.70	66.92	65.38	65.86	65.69	1.85325238329	25
21495	21495	84887	84887	64.97	65.50	65.25	64.50	65.40	64.88	66.55	66.67	66.95	65.34	65.86	65.69	1.85215426052	25
21520	21520	84862	84862	65.05	65.50	65.22	64.45	65.40	64.78	66.50	66.60	66.92	65.33	65.83	65.64	1.85270412213	25
21545	21545	84837	84837	65.03	65.47	65.12	64.45	65.35	64.75	66.45	66.50	66.88	65.31	65.78	65.58	1.85189393372	25
21570	21570	84812	84812	64.97	65.50	65.17	64.45	65.38	64.78	66.38	66.47	66.85	65.27	65.78	65.60	1.85146615957	25
21595	21595	84787	84787	64.83	65.50	65.15	64.40	65.35	64.78	66.35	66.50	66.88	65.19	65.78	65.60	1.85085101001	25
21620	21620	84762	84762	64.85	65.50	65.15	64.22	65.38	64.78	66.30	66.42	66.75	65.12	65.77	65.56	1.85115945504	25
21645	21645	84737	84737	64.83	65.50	65.10	64.17	65.22	64.78	66.33	66.55	66.70	65.11	65.76	65.53	1.85142629677	25
21670	21670	84712	84712	64.80	65.40	65.12	64.12	65.20	64.80	66.17	66.38	66.62	65.03	65.66	65.52	1.85167150861	25
21695	21695	84687	84687	64.78	65.53	65.05	64.25	65.15	64.75	66.17	66.33	66.60	65.07	65.67	65.47	1.85174522026	25
21720	21720	84662	84662	64.85	65.47	65.10	64.20	65.15	64.70	66.15	66.35	66.62	65.07	65.66	65.47	1.85209088946	25
21745	21745	84637	84637	64.62	65.47	65.08	64.15	65.10	64.58	66.15	66.28	66.60	64.97	65.62	65.42	1.8542737171	25
21770	21770	84612	84612	64.62	65.40	65.08	64.08	65.10	64.58	66.03	66.28	66.55	64.91	65.59	65.40	1.85309235072	25
21795	21795	84587	84587	64.58	65.35	65.05	64.00	65.05	64.42	65.95	66.22	66.50	64.84	65.54	65.33	1.8548365693	25
21820	21820	84562	84562	64.62	65.33	65.10	63.98	64.92	64.50	66.00	66.20	66.50	64.87	65.48	65.37	1.85369923699	25
21845	21845	84537	84537	64.62	65.30	65.05	63.98	64.90	64.50	65.95	66.22	66.42	64.85	65.47	65.33	1.85271924768	25
21870	21870	84512	84512	64.65	65.30	65.10	64.03	64.78	64.47	66.05	66.20	66.40	64.91	65.42	65.33	1.85295841713	25
21895	21895	84487	84487	64.65	65.28	65.05	64.05	64.85	64.50	65.92	66.20	66.38	64.88	65.44	65.31	1.85343967849	25
21920	21920	84462	84462	64.62	65.33	65.10	64.05	64.80	64.42	65.97	66.15	66.38	64.88	65.42	65.30	1.85317368932	25
21945	21945	84437	84437	64.58	65.33	65.05	63.95	64.80	64.38	65.92	66.08	66.30	64.82	65.40	65.24	1.85356695464	25
21970	21970	84412	84412	64.47	65.28	65.00	63.88	64.83	64.33	65.90	66.15	66.33	64.75	65.42	65.22	1.8525303899	25
21995	21995	84387	84387	64.42	65.20	65.00	63.77	64.80	64.33	65.78	66.08	66.33	64.66	65.36	65.22	1.85276544648	25
22020	22020	84362	84362	64.28	65.17	65.00	63.73	64.83	64.35	65.78	66.08	66.28	64.59	65.36	65.21	1.853197867	25
22045	22045	84337	84337	64.28	65.22	65.00	63.73	64.78	64.38	65.85	66.12	66.30	64.62	65.38	65.22	1.8532248966	25
22070	22070	84312	84312	64.28	65.20	64.97	63.67	64.80	64.35	65.85	66.12	66.33	64.60	65.38	65.22	1.85321529112	25
22095	22095	84287	84287	64.17	65.10	64.92	63.55	64.78	64.25	65.83	66.12	66.30	64.52	65.33	65.16	1.85441607748	25
22120	22120	84262	84262	64.17	65.10	64.88	63.52	64.70	64.25	65.78	66.08	66.15	64.49	65.29	65.09	1.85399572748	25
22145	22145	84237	84237	64.08	65.10	64.90	63.58	64.53	64.12	65.75	66.08	66.17	64.47	65.23	65.07	1.85454629563	25
22170	22170	84212	84212	64.12	64.97	64.88	63.55	64.55	64.08	65.83	66.05	66.15	64.50	65.19	65.03	1.85411788493	25
22195	22195	84187	84187	64.12	65.00	64.85	63.50	64.62	64.10	65.78	66.03	66.10	64.47	65.22	65.02	1.85395157278	25
22220	22220	84162	84162	64.12	64.95	64.85	63.42	64.62	64.12	65.70	66.03	66.05	64.42	65.20	65.01	1.85582465269	25
22245	22245	84137	84137	64.15	64.95	64.88	63.42	64.58	64.10	65.75	66.08	66.10	64.44	65.20	65.03	1.85486159583	25
22270	22270	84112	84112	64.15	65.05	64.85	63.35	64.50	64.10	65.67	65.97	66.10	64.39	65.17	65.02	1.85394834935	25
22295	22295	84087	84087	64.12	64.97	64.83	63.40	64.55	64.05	65.75	65.90	66.10	64.42	65.14	64.99	1.85368466931	25
22320	22320	84062	84062	64.08	65.03	64.83	63.40	64.58	63.98	65.60	65.88	66.10	64.36	65.16	64.97	1.85418665615	25
22345	22345	84037	84037	64.03	65.00	64.78	63.42	64.58	63.95	65.60	65.88	66.15	64.35	65.15	64.96	1.85456269263	25
22370	22370	84012	84012	64.00	64.92	64.83	63.38	64.60	63.90	65.62	65.80	66.05	64.33	65.11	64.92	1.85515164906	25
22395	22395	83987	83987	63.98	64.80	64.88	63.35	64.55	63.90	65.53	65.72	66.03	64.28	65.03	64.93	1.85447836555	25
22420	22420	83962	83962	63.90	64.78	64.88	63.25	64.50	63.90	65.42	65.72	65.97	64.19	65.00	64.92	1.85547279806	25
22445	22445	83937	83937	63.95	64.83	64.83	63.17	64.53	63.80	65.42	65.72	66.03	64.18	65.03	64.88	1.85532775696	25
22470	22470	83912	83912	63.98	64.75	64.78	63.17	64.42	63.83	65.45	65.65	66.00	64.20	64.94	64.87	1.855198633	25
22495	22495	83887	83887	63.88	64.72	64.75	63.20	64.38	63.83	65.40	65.62	65.95	64.16	64.91	64.84	1.85547470756	25
22520	22520	83862	83862	63.88	64.60	64.72	63.23	64.38	63.90	65.38	65.58	65.97	64.16	64.85	64.87	1.85522714045	25
22545	22545	83837	83837	63.88	64.60	64.70	63.20	64.35	63.80	65.30	65.58	65.92	64.12	64.84	64.81	1.85600502436	25
22570	22570	83812	83812	63.75	64.62	64.70	63.15	64.42	63.73	65.28	65.58	65.88	64.06	64.88	64.77	1.85594730155	25
22595	22595	83787	83787	63.73	64.62	64.70	63.10	64.38	63.65	65.22	65.62	65.92	64.02	64.88	64.76	1.85632456751	25
22620	22620	83762	83762	63.67	64.55	64.60	62.98	64.35	63.70	65.17	65.62	65.88	63.94	64.84	64.72	1.85620603521	25
22645	22645	83737	83737	63.80	64.58	64.53	63.02	64.40	63.70	65.25	65.62	65.85	64.03	64.87	64.69	1.855338064	25
22670	22670	83712	83712	63.73	64.58	64.53	62.92	64.33	63.65	65.15	65.67	65.85	63.93	64.86	64.67	1.85560868257	25
22695	22695	83687	83687	63.73	64.53	64.50	62.92	64.38	63.60	65.10	65.62	65.83	63.92	64.84	64.64	1.85508197446	25
22720	22720	83662	83662	63.75	64.53	64.47	62.95	64.35	63.58	65.12	65.62	65.85	63.94	64.83	64.63	1.85500252918	25
22745	22745	83637	83637	63.67	64.53	64.42	63.02	64.35	63.58	65.15	65.58	65.80	63.95	64.82	64.60	1.85559082797	25
22770	22770	83612	83612	63.65	64.47	64.47	62.95	64.35	63.55	65.03	65.72	65.85	63.88	64.85	64.62	1.85541872159	25
22795	22795	83587	83587	63.67	64.45	64.33	62.98	64.28	63.50	65.05	65.62	65.72	63.90	64.78	64.52	1.8563545813	25
22820	22820	83562	83562	63.62	64.42	64.30	62.90	64.12	63.52	64.92	65.55	65.67	63.82	64.70	64.50	1.85614796263	25
22845	22845	83537	83537	63.60	64.53	64.33	62.85	64.22	63.45	64.85	65.55	65.70	63.77	64.77	64.49	1.85622321495	25
22870	22870	83512	83512	63.60	64.53	64.30	62.80	64.20	63.45	64.85	65.50	65.62	63.75	64.74	64.46	1.85476209462	25
22895	22895	83487	83487	63.58	64.55	64.25	62.77	64.20	63.45	64.75	65.58	65.60	63.70	64.78	64.43	1.85521594782	25
22920	22920	83462	83462	63.58	64.58	64.20	62.75	64.20	63.40	64.80	65.50	65.47	63.71	64.76	64.36	1.85547580957	25
22945	22945	83437	83437	63.60	64.45	64.17	62.65	64.22	63.42	64.80	65.50	65.53	63.68	64.72	64.38	1.85560532006	25
22970	22970	83412	83412	63.52	64.35	64.12	62.73	64.20	63.40	64.80	65.38	65.53	63.68	64.64	64.35	1.85497578359	25
22995	22995	83387	83387	63.48	64.35	64.08	62.70	64.20	63.40	64.88	65.45	65.53	63.68	64.67	64.33	1.85592374601	25
23020	23020	83362	83362	63.38	64.25	64.08	62.75	64.12	63.35	64.85	65.40	65.50	63.66	64.59	64.31	1.85582756932	25
23045	23045	83337	83337	63.38	64.22	64.05	62.75	64.10	63.38	64.85	65.38	65.38	63.66	64.57	64.27	1.85618786806	25
23070	23070	83312	83312	63.30	64.20	64.03	62.77	64.03	63.30	64.85	65.35	65.45	63.64	64.53	64.26	1.85591917058	25
23095	23095	83287	83287	63.30	64.20	63.98	62.75	63.95	63.27	64.88	65.30	65.42	63.64	64.48	64.22	1.85691700809	25
23120	23120	83262	83262	63.27	64.17	63.98	62.62	64.05	63.30	64.80	65.28	65.45	63.57	64.50	64.24	1.85678241235	25
23145	23145	83237	83237	63.23	64.12	63.92	62.60	64.05	63.33	64.83	65.33	65.35	63.55	64.50	64.20	1.85683943731	25
23170	23170	83212	83212	63.25	64.12	63.90	62.50	64.08	63.27	64.80	65.40	65.35	63.52	64.53	64.17	1.85684323913	25
23195	23195	83187	83187	63.17	64.00	63.88	62.48	64.03	63.15	64.75	65.40	65.28	63.47	64.47	64.10	1.85646275207	25
23220	23220	83162	83162	63.12	63.98	63.85	62.52	64.00	63.20	64.75	65.38	65.20	63.47	64.45	64.08	1.85718911166	25
23245	23245	83137	83137	63.08	63.98	63.88	62.45	64.10	63.20	64.78	65.35	65.17	63.43	64.47	64.08	1.85702888761	25
23270	23270	83112	83112	63.05	63.98	63.85	62.40	64.00	63.10	64.72	65.20	65.15	63.39	64.39	64.03	1.85715080856	25
23295	23295	83087	83087	63.02	63.95	63.70	62.40	63.92	62.95	64.60	65.08	65.10	63.34	64.32	63.92	1.85750970726	25
23320	23320	83062	83062	63.05	63.98	63.73	62.30	63.90	62.98	64.58	65.05	65.10	63.31	64.31	63.93	1.85754357444	25
23345	23345	83037	83037	62.98	63.98	63.73	62.35	63.98	63.00	64.62	65.03	65.10	63.32	64.33	63.94	1.85689388615	25
23370	23370	83012	83012	62.95	64.00	63.73	62.33	63.98	62.98	64.53	65.03	65.05	63.27	64.33	63.92	1.8571370186	25
23395	23395	82987	82987	62.95	64.05	63.67	62.30	64.00	62.90	64.45	65.00	64.97	63.23	64.35	63.85	1.85675226425	25
23420	23420	82962	82962	63.02	64.10	63.67	62.23	63.92	62.95	64.40	65.03	65.03	63.22	64.35	63.88	1.85677947883	25
23445	23445	82937	82937	62.98	64.03	63.70	62.23	63.95	62.98	64.42	64.85	65.05	63.21	64.28	63.91	1.85809901485	25
23470	23470	82912	82912	62.95	64.00	63.67	62.23	63.98	62.90	64.38	64.90	65.05	63.18	64.29	63.88	1.85941818521	25
23495	23495	82887	82887	62.83	63.92	63.65	62.23	64.03	62.92	64.35	64.90	65.05	63.13	64.28	63.88	1.85817555787	25
23520	23520	82862	82862	62.85	63.95	63.60	62.27	64.03	62.92	64.30	64.90	65.03	63.14	64.29	63.85	1.85782705214	25
23545	23545	82837	82837	62.80	63.92	63.52	62.17	64.03	62.85	64.30	64.88	65.03	63.09	64.28	63.80	1.85851168748	25
23570	23570	82812	82812	62.77	63.95	63.48	62.15	63.92	62.85	64.22	64.88	65.03	63.05	64.25	63.78	1.85905747843	25
23595	23595	82787	82787	62.73	63.95	63.42	62.17	63.90	62.88	64.15	64.88	64.90	63.02	64.24	63.73	1.85925177788	25
23620	23620	82762	82762	62.73	63.92	63.40	62.10	63.95	62.85	64.22	64.95	64.85	63.02	64.28	63.70	1.86032606539	25
23645	23645	82737	82737	62.75	63.92	63.38	62.17	64.00	62.83	64.17	64.88	64.78	63.03	64.27	63.66	1.86050888497	25
23670	23670	82712	82712	62.70	63.92	63.38	62.15	63.95	62.83	64.15	64.88	64.70	63.00	64.25	63.63	1.86086569404	25
23695	23695	82687	82687	62.67	63.90	63.35	62.12	63.90	62.80	64.20	64.88	64.70	63.00	64.22	63.62	1.86125661292	25
23720	23720	82662	82662	62.65	63.88	63.35	62.10	63.90	62.77	64.15	64.85	64.70	62.97	64.21	63.61	1.86128525042	25
23745	23745	82637	82637	62.55	63.88	63.35	62.15	63.90	62.83	64.08	64.88	64.65	62.92	64.22	63.61	1.86111870455	25
23770	23770	82612	82612	62.62	63.90	63.40	62.10	63.92	62.77	64.12	64.83	64.62	62.95	64.22	63.60	1.86176763503	25
23795	23795	82587	82587	62.67	63.88	63.40	62.08	63.90	62.77	64.08	64.78	64.65	62.94	64.18	63.61	1.86174289344	25
23820	23820	82562	82562	62.60	63.77	63.40	62.12	63.95	62.83	64.08	64.75	64.65	62.93	64.16	63.62	1.86209296731	25
23845	23845	82537	82537	62.52	63.70	63.27	62.10	63.90	62.77	63.95	64.70	64.62	62.86	64.10	63.56	1.86172542759	25
23870	23870	82512	82512	62.50	63.75	63.35	62.05	63.88	62.70	64.05	64.72	64.58	62.87	64.12	63.54	1.86159275389	25
23895	23895	82487	82487	62.52	63.70	63.25	62.00	63.88	62.75	64.03	64.70	64.62	62.85	64.09	63.54	1.86143334007	25
23920	23920	82462	82462	62.55	63.70	63.20	61.98	63.88	62.75	63.95	64.65	64.62	62.83	64.08	63.52	1.86143533294	25
23945	23945	82437	82437	62.55	63.65	63.23	62.00	63.88	62.77	63.92	64.67	64.65	62.83	64.07	63.55	1.86208502607	25
23970	23970	82412	82412	62.52	63.62	63.27	62.00	63.85	62.77	63.90	64.70	64.65	62.81	64.06	63.57	1.86165245627	25
23995	23995	82387	82387	62.55	63.62	63.23	61.90	63.85	62.73	63.92	64.80	64.65	62.79	64.09	63.53	1.86200253906	25
24020	24020	82362	82362	62.55	63.62	63.25	61.92	63.75	62.73	63.98	64.67	64.62	62.82	64.02	63.53	1.8619692325	25
24045	24045	82337	82337	62.60	63.60	63.25	61.85	63.70	62.73	64.00	64.55	64.45	62.82	63.95	63.48	1.86177095295	25
24070	24070	82312	82312	62.55	63.67	63.23	61.85	63.62	62.65	63.95	64.53	64.50	62.78	63.94	63.46	1.86265514344	25
24095	24095	82287	82287	62.62	63.62	63.23	61.73	63.60	62.60	63.90	64.60	64.47	62.75	63.94	63.43	1.86227874333	25
24120	24120	82262	82262	62.60	63.58	63.20	61.73	63.58	62.60	63.88	64.58	64.45	62.73	63.91	63.42	1.86187653887	25
24145	24145	82237	82237	62.55	63.58	63.23	61.73	63.50	62.52	63.80	64.60	64.40	62.69	63.89	63.38	1.86105538537	25
24170	24170	82212	82212	62.40	63.55	63.20	61.67	63.48	62.50	63.73	64.55	64.30	62.60	63.86	63.33	1.8618788315	25
24195	24195	82187	82187	62.42	63.50	63.17	61.67	63.50	62.42	63.67	64.45	64.38	62.59	63.82	63.33	1.86151519776	25
24220	24220	82162	82162	62.42	63.48	63.15	61.73	63.45	62.40	63.67	64.42	64.38	62.61	63.78	63.31	1.86229591697	25
24245	24245	82137	82137	62.48	63.50	63.02	61.73	63.38	62.42	63.70	64.40	64.35	62.63	63.76	63.27	1.86274803659	25
24270	24270	82112	82112	62.48	63.52	63.05	61.65	63.35	62.45	63.67	64.35	64.33	62.60	63.74	63.27	1.86199970109	25
24295	24295	82087	82087	62.48	63.52	63.05	61.62	63.38	62.42	63.70	64.38	64.33	62.60	63.76	63.27	1.8619602857	25
24320	24320	82062	82062	62.50	63.52	63.05	61.60	63.38	62.35	63.65	64.35	64.28	62.58	63.75	63.23	1.86208656685	25
24345	24345	82037	82037	62.48	63.40	63.08	61.70	63.33	62.35	63.67	64.33	64.25	62.62	63.68	63.23	1.86275703104	25
24370	24370	82012	82012	62.40	63.42	63.10	61.65	63.33	62.35	63.65	64.33	64.28	62.57	63.69	63.24	1.86251224876	25
24395	24395	81987	81987	62.38	63.38	63.10	61.60	63.38	62.33	63.58	64.33	64.25	62.52	63.69	63.23	1.86209639972	25
24420	24420	81962	81962	62.33	63.35	63.10	61.58	63.33	62.27	63.60	64.40	64.28	62.50	63.69	63.22	1.86202557385	25
24445	24445	81937	81937	62.25	63.35	63.10	61.58	63.23	62.23	63.60	64.35	64.17	62.48	63.64	63.17	1.86184605566	25
24470	24470	81912	81912	62.17	63.35	63.08	61.42	63.23	62.27	63.60	64.33	64.17	62.40	63.63	63.17	1.86222802155	25
24495	24495	81887	81887	62.30	63.40	63.08	61.50	63.30	62.20	63.52	64.35	64.08	62.44	63.68	63.12	1.86205915903	25
24520	24520	81862	81862	62.25	63.35	63.08	61.48	63.33	62.23	63.50	64.28	64.08	62.41	63.65	63.12	1.86294493316	25
24545	24545	81837	81837	62.33	63.33	63.08	61.48	63.25	62.23	63.42	64.30	64.05	62.41	63.62	63.12	1.86406221337	25
24570	24570	81812	81812	62.30	63.30	63.10	61.48	63.23	62.17	63.33	64.28	63.98	62.37	63.60	63.08	1.86313555472	25
24595	24595	81787	81787	62.27	63.38	63.02	61.48	63.23	62.10	63.25	64.28	63.83	62.33	63.62	62.98	1.86252707704	25
24620	24620	81762	81762	62.25	63.30	63.08	61.45	63.23	62.10	63.20	64.22	63.80	62.30	63.58	62.99	1.8624258616	25
24645	24645	81737	81737	62.27	63.38	63.02	61.40	63.20	62.05	63.17	64.30	63.80	62.28	63.62	62.96	1.86220111623	25
24670	24670	81712	81712	62.12	63.33	63.05	61.38	63.12	62.00	63.20	64.33	63.85	62.23	63.59	62.97	1.86205764558	25
24695	24695	81687	81687	62.17	63.27	63.05	61.35	63.12	62.05	63.12	64.25	63.85	62.22	63.55	62.98	1.86180359088	25
24720	24720	81662	81662	62.15	63.30	62.95	61.35	63.12	62.00	63.12	64.30	63.77	62.21	63.58	62.91	1.86216976859	25
24745	24745	81637	81637	62.10	63.27	62.98	61.33	63.08	61.95	63.08	64.30	63.70	62.17	63.55	62.88	1.86216212016	25
24770	24770	81612	81612	62.08	63.25	62.95	61.25	63.12	62.00	63.05	64.35	63.62	62.12	63.58	62.86	1.86244686771	25
24795	24795	81587	81587	61.98	63.25	63.00	61.25	63.05	61.95	63.05	64.33	63.62	62.09	63.54	62.86	1.86221627902	25
24820	24820	81562	81562	61.92	63.20	62.98	61.27	63.02	61.95	62.98	64.35	63.60	62.06	63.52	62.84	1.86177724021	25
24845	24845	81537	81537	61.92	63.25	62.88	61.33	62.98	61.90	62.98	64.38	63.52	62.08	63.53	62.77	1.86236601316	25
24870	24870	81512	81512	61.83	63.33	62.83	61.27	63.02	61.88	63.00	64.35	63.52	62.03	63.57	62.74	1.86258007338	25
24895	24895	81487	81487	61.80	63.30	62.77	61.27	62.98	61.80	62.95	64.35	63.42	62.01	63.54	62.67	1.86344411289	25
24920	24920	81462	81462	61.90	63.23	62.75	61.30	63.00	61.77	62.83	64.33	63.40	62.01	63.52	62.64	1.86320568069	25
24945	24945	81437	81437	61.90	63.20	62.73	61.27	62.95	61.70	62.80	64.35	63.35	61.99	63.50	62.59	1.86433005628	25
24970	24970	81412	81412	61.95	63.27	62.70	61.20	62.92	61.73	62.92	64.33	63.38	62.02	63.51	62.60	1.86403960734	25
24995	24995	81387	81387	61.88	63.27	62.65	61.15	62.95	61.75	62.92	64.25	63.33	61.98	63.49	62.58	1.86425873723	25
25020	25020	81362	81362	61.92	63.15	62.65	61.20	62.98	61.75	63.05	64.22	63.35	62.06	63.45	62.58	1.86417968233	25
25045	25045	81337	81337	61.88	63.10	62.58	61.15	62.95	61.73	62.98	64.20	63.35	62.00	63.42	62.55	1.86398317926	25
25070	25070	81312	81312	61.83	63.12	62.50	61.10	62.95	61.73	62.92	64.22	63.27	61.95	63.43	62.50	1.86360567654	25
25095	25095	81287	81287	61.77	63.05	62.48	61.08	62.95	61.70	62.90	64.20	63.27	61.92	63.40	62.48	1.86421763002	25
25120	25120	81262	81262	61.65	63.00	62.40	61.08	62.98	61.73	62.92	64.10	63.25	61.88	63.36	62.46	1.86395634999	25
25145	25145	81237	81237	61.67	63.00	62.42	61.08	62.95	61.67	62.88	64.05	63.23	61.88	63.33	62.44	1.86375223062	25
25170	25170	81212	81212	61.60	62.92	62.40	61.00	62.85	61.62	62.83	64.05	63.15	61.81	63.27	62.39	1.86422238192	25
25195	25195	81187	81187	61.58	62.92	62.48	60.92	62.85	61.60	62.83	64.05	63.15	61.77	63.27	62.41	1.8640353252	25
25220	25220	81162	81162	61.52	62.92	62.45	60.88	62.77	61.52	62.80	64.15	63.15	61.73	63.28	62.38	1.86386640986	25
25245	25245	81137	81137	61.40	62.88	62.40	60.85	62.80	61.52	62.73	64.08	63.12	61.66	63.25	62.35	1.8632498004	25
25270	25270	81112	81112	61.42	62.85	62.35	60.80	62.75	61.52	62.65	64.00	63.10	61.62	63.20	62.33	1.86285364347	25
25295	25295	81087	81087	61.40	62.90	62.35	60.83	62.77	61.48	62.58	64.00	63.08	61.60	63.23	62.30	1.86369124208	25
25320	25320	81062	81062	61.33	62.88	62.23	60.85	62.73	61.45	62.55	64.03	63.08	61.58	63.21	62.25	1.86400855292	25
25345	25345	81037	81037	61.35	62.83	62.25	60.83	62.65	61.40	62.55	63.92	63.05	61.58	63.13	62.23	1.86409732691	25
25370	25370	81012	81012	61.27	62.80	62.27	60.73	62.65	61.40	62.50	63.92	63.05	61.50	63.12	62.24	1.86348688173	25
25395	25395	80987	80987	61.27	62.92	62.35	60.73	62.67	61.40	62.45	63.90	63.02	61.48	63.17	62.26	1.86315905081	25
25420	25420	80962	80962	61.30	62.90	62.25	60.70	62.58	61.35	62.40	63.92	63.02	61.47	63.13	62.21	1.86274309611	25
25445	25445	80937	80937	61.27	62.90	62.20	60.67	62.55	61.38	62.40	63.95	62.95	61.45	63.13	62.17	1.8626354983	25
25470	25470	80912	80912	61.27	62.83	62.10	60.62	62.60	61.40	62.40	63.90	62.98	61.43	63.11	62.16	1.86335930403	25
25495	25495	80887	80887	61.27	62.80	62.15	60.60	62.62	61.40	62.40	63.85	63.02	61.42	63.09	62.19	1.86320424001	25
25520	25520	80862	80862	61.30	62.80	62.15	60.62	62.62	61.40	62.35	63.80	63.02	61.42	63.08	62.19	1.86277943941	25
25545	25545	80837	80837	61.30	62.85	62.12	60.65	62.52	61.38	62.35	63.85	62.95	61.43	63.08	62.15	1.86325656526	25
25570	25570	80812	80812	61.33	62.83	62.15	60.60	62.55	61.35	62.35	63.88	62.98	61.42	63.08	62.16	1.8630284791	25
25595	25595	80787	80787	61.27	62.85	62.05	60.60	62.55	61.35	62.30	63.80	62.92	61.39	63.07	62.11	1.86242057746	25
25620	25620	80762	80762	61.17	62.80	62.05	60.60	62.52	61.38	62.27	63.80	62.92	61.35	63.04	62.12	1.86267510956	25
25645	25645	80737	80737	61.17	62.73	62.02	60.52	62.40	61.33	62.23	63.90	62.85	61.31	63.01	62.07	1.86316706571	25
25670	25670	80712	80712	61.10	62.58	62.05	60.52	62.38	61.40	62.15	63.83	62.75	61.26	62.92	62.07	1.86432940688	25
25695	25695	80687	80687	61.12	62.58	62.02	60.55	62.30	61.42	62.12	63.73	62.67	61.27	62.87	62.04	1.86412768171	25
25720	25720	80662	80662	61.15	62.60	61.98	60.60	62.27	61.40	62.15	63.75	62.67	61.30	62.88	62.02	1.86487478474	25
25745	25745	80637	80637	61.12	62.60	61.92	60.60	62.17	61.35	62.15	63.65	62.67	61.29	62.81	61.98	1.86442663246	25
25770	25770	80612	80612	61.17	62.50	61.98	60.58	62.17	61.33	62.15	63.62	62.67	61.30	62.77	61.99	1.86458088442	25
25795	25795	80587	80587	61.10	62.40	61.88	60.52	62.20	61.30	62.15	63.50	62.67	61.26	62.70	61.95	1.8640751024	25
25820	25820	80562	80562	61.08	62.38	61.90	60.52	62.15	61.25	62.15	63.48	62.55	61.25	62.67	61.90	1.86493934964	25
25845	25845	80537	80537	61.10	62.38	61.85	60.50	62.05	61.25	62.10	63.40	62.50	61.23	62.61	61.87	1.86405466632	25
25870	25870	80512	80512	61.10	62.38	61.77	60.50	62.05	61.23	62.12	63.33	62.48	61.24	62.58	61.83	1.86456276839	25
25895	25895	80487	80487	61.08	62.42	61.73	60.48	62.10	61.23	62.08	63.35	62.48	61.21	62.62	61.81	1.86454913958	25
25920	25920	80462	80462	61.08	62.33	61.75	60.35	62.10	61.23	62.05	63.42	62.48	61.16	62.62	61.82	1.86489257306	25
25945	25945	80437	80437	61.08	62.38	61.75	60.33	61.95	61.20	62.02	63.38	62.48	61.14	62.57	61.81	1.86461712093	25
25970	25970	80412	80412	61.02	62.35	61.73	60.33	61.98	61.20	62.10	63.30	62.45	61.15	62.54	61.79	1.86488999617	25
25995	25995	80387	80387	61.02	62.33	61.62	60.35	62.00	61.23	62.10	63.25	62.48	61.16	62.52	61.77	1.86536044287	25
26020	26020	80362	80362	60.98	62.33	61.60	60.38	61.95	61.20	62.12	63.17	62.50	61.16	62.48	61.77	1.86529079386	25
26045	26045	80337	80337	60.98	62.33	61.60	60.35	61.98	61.20	62.08	63.12	62.48	61.13	62.48	61.76	1.86579424278	25
26070	26070	80312	80312	60.98	62.33	61.60	60.33	61.98	61.15	62.05	63.15	62.42	61.12	62.48	61.73	1.86470914537	25
26095	26095	80287	80287	60.92	62.30	61.55	60.30	61.98	61.17	61.98	63.15	62.42	61.07	62.48	61.72	1.864928951	25
26120	26120	80262	80262	60.90	62.27	61.50	60.27	61.90	61.17	61.95	63.15	62.38	61.04	62.44	61.68	1.86473136386	25
26145	26145	80237	80237	60.90	62.33	61.45	60.25	61.90	61.17	61.90	63.17	62.42	61.02	62.47	61.68	1.86502826642	25
26170	26170	80212	80212	60.88	62.27	61.50	60.23	61.88	61.12	61.88	63.08	62.38	60.99	62.41	61.67	1.86429111293	25
26195	26195	80187	80187	60.85	62.23	61.45	60.20	61.92	61.05	61.85	63.08	62.35	60.97	62.41	61.62	1.86362934968	25
26220	26220	80162	80162	60.85	62.20	61.42	60.20	61.80	61.02	61.75	63.05	62.35	60.93	62.35	61.60	1.86492633132	25
26245	26245	80137	80137	60.80	62.25	61.38	60.15	61.80	60.92	61.70	62.92	62.33	60.88	62.33	61.54	1.86534205426	25
26270	26270	80112	80112	60.88	62.25	61.38	60.17	61.80	60.98	61.73	62.85	62.23	60.92	62.30	61.52	1.86399165793	25
26295	26295	80087	80087	60.83	62.20	61.33	60.12	61.83	60.95	61.65	62.88	62.17	60.87	62.30	61.48	1.86371417569	25
26320	26320	80062	80062	60.83	62.12	61.30	60.15	61.75	60.90	61.70	62.90	62.20	60.89	62.26	61.47	1.86402351477	25
26345	26345	80037	80037	60.83	62.20	61.23	60.10	61.73	60.90	61.70	62.85	62.20	60.88	62.26	61.44	1.86395565638	25
26370	26370	80012	80012	60.80	62.10	61.15	60.05	61.70	60.92	61.73	62.83	62.20	60.86	62.21	61.42	1.86457405622	25
26395	26395	79987	79987	60.77	62.05	61.23	60.05	61.70	60.92	61.73	62.83	62.20	60.85	62.19	61.45	1.86443206327	25
26420	26420	79962	79962	60.83	62.05	61.20	60.00	61.70	60.88	61.65	62.90	62.20	60.83	62.22	61.42	1.86480033405	25
26445	26445	79937	79937	60.85	62.02	61.15	59.98	61.65	60.85	61.65	62.92	62.17	60.83	62.20	61.39	1.86496254514	25
26470	26470	79912	79912	60.83	62.02	61.17	60.00	61.73	60.85	61.65	62.83	62.12	60.83	62.19	61.38	1.86455355196	25
26495	26495	79887	79887	60.83	62.00	61.08	59.92	61.62	60.88	61.60	62.80	62.12	60.78	62.14	61.36	1.86500141683	25
26520	26520	79862	79862	60.80	62.00	61.08	59.95	61.60	60.77	61.62	62.80	62.12	60.79	62.13	61.33	1.86602044043	25
26545	26545	79837	79837	60.73	62.00	61.08	59.88	61.60	60.80	61.62	62.77	62.08	60.74	62.12	61.32	1.86607071533	25
26570	26570	79812	79812	60.75	62.02	61.05	59.90	61.60	60.80	61.58	62.75	62.02	60.74	62.12	61.29	1.86616796101	25
26595	26595	79787	79787	60.65	61.98	60.95	59.83	61.58	60.80	61.55	62.70	62.05	60.67	62.08	61.27	1.86650290358	25
26620	26620	79762	79762	60.62	61.98	60.92	59.77	61.67	60.80	61.50	62.67	62.05	60.63	62.11	61.26	1.86595381863	25
26645	26645	79737	79737	60.62	61.88	60.90	59.83	61.50	60.62	61.58	62.60	61.98	60.67	61.99	61.17	1.86573392226	25
26670	26670	79712	79712	60.60	61.90	60.88	59.75	61.50	60.67	61.52	62.50	61.98	60.62	61.97	61.17	1.86532990799	25
26695	26695	79687	79687	60.52	61.98	60.75	59.77	61.50	60.62	61.40	62.50	62.00	60.57	61.99	61.12	1.86572495612	25
26720	26720	79662	79662	60.55	62.00	60.75	59.75	61.48	60.60	61.40	62.52	61.92	60.57	62.00	61.09	1.86652034569	25
26745	26745	79637	79637	60.50	61.95	60.75	59.73	61.42	60.60	61.40	62.48	61.88	60.54	61.95	61.08	1.86612069496	25
26770	26770	79612	79612	60.50	61.92	60.67	59.67	61.42	60.50	61.35	62.52	61.85	60.51	61.96	61.01	1.86591852043	25
26795	26795	79587	79587	60.50	61.80	60.55	59.65	61.42	60.55	61.30	62.45	61.83	60.48	61.89	60.98	1.865738892	25
26820	26820	79562	79562	60.48	61.77	60.52	59.60	61.42	60.55	61.35	62.42	61.80	60.48	61.88	60.96	1.86603407246	25
26845	26845	79537	79537	60.45	61.75	60.38	59.62	61.38	60.45	61.35	62.42	61.73	60.48	61.85	60.85	1.86665296031	25
26870	26870	79512	79512	60.42	61.67	60.35	59.65	61.17	60.45	61.27	62.38	61.73	60.45	61.74	60.84	1.86790819997	25
26895	26895	79487	79487	60.33	61.62	60.27	59.62	61.17	60.42	61.30	62.33	61.65	60.42	61.71	60.78	1.8690140607	25
26920	26920	79462	79462	60.33	61.60	60.25	59.65	61.15	60.40	61.23	62.35	61.65	60.40	61.70	60.77	1.86922003607	25
26945	26945	79437	79437	60.35	61.65	60.23	59.58	61.15	60.35	61.17	62.33	61.60	60.37	61.71	60.73	1.86845143611	25
26970	26970	79412	79412	60.35	61.65	60.27	59.58	61.10	60.30	61.15	62.33	61.60	60.36	61.69	60.73	1.86850721986	25
26995	26995	79387	79387	60.38	61.67	60.23	59.60	61.15	60.38	61.17	62.27	61.60	60.38	61.70	60.73	1.86815465167	25
27020	27020	79362	79362	60.38	61.58	60.27	59.58	61.10	60.35	61.15	62.20	61.58	60.37	61.62	60.73	1.86877319753	25
27045	27045	79337	79337	60.38	61.62	60.25	59.55	61.12	60.35	61.12	62.17	61.52	60.35	61.64	60.71	1.86708369777	25
27070	27070	79312	79312	60.30	61.67	60.17	59.55	61.12	60.33	61.08	62.17	61.52	60.31	61.66	60.67	1.86762135533	25
27095	27095	79287	79287	60.33	61.52	60.17	59.52	61.25	60.30	61.05	62.12	61.48	60.30	61.63	60.65	1.86780431193	25
27120	27120	79262	79262	60.20	61.48	60.10	59.55	61.20	60.23	61.00	62.08	61.45	60.25	61.58	60.59	1.86834651961	25
27145	27145	79237	79237	60.15	61.48	60.15	59.50	61.20	60.20	60.98	62.08	61.45	60.21	61.58	60.60	1.86778369411	25
27170	27170	79212	79212	60.20	61.48	60.15	59.45	61.17	60.20	60.98	62.10	61.42	60.21	61.58	60.59	1.8679496147	25
27195	27195	79187	79187	60.20	61.45	60.12	59.42	61.12	60.17	60.92	62.10	61.42	60.18	61.56	60.58	1.86829862587	25
27220	27220	79162	79162	60.20	61.35	60.00	59.35	61.10	60.15	60.90	62.12	61.48	60.15	61.52	60.54	1.86824699173	25
27245	27245	79137	79137	60.17	61.35	59.92	59.27	61.08	60.12	60.90	62.08	61.45	60.12	61.50	60.50	1.86882047569	25
27270	27270	79112	79112	60.12	61.33	59.98	59.33	61.12	60.10	60.90	62.10	61.45	60.12	61.52	60.51	1.8686764094	25
27295	27295	79087	79087	60.15	61.25	59.95	59.33	61.10	60.08	60.90	62.10	61.38	60.12	61.48	60.47	1.86884562774	25
27320	27320	79062	79062	60.17	61.27	59.95	59.33	61.05	60.10	60.88	62.00	61.40	60.12	61.44	60.48	1.86934358721	25
27345	27345	79037	79037	60.17	61.27	59.98	59.35	61.05	60.10	60.95	62.02	61.38	60.16	61.45	60.48	1.8688945407	25
27370	27370	79012	79012	60.17	61.20	60.00	59.40	60.98	60.12	60.83	62.02	61.45	60.13	61.40	60.52	1.86885236019	25
27395	27395	78987	78987	60.08	61.17	59.92	59.40	61.00	60.10	60.85	62.00	61.40	60.11	61.39	60.48	1.86905995737	25
27420	27420	78962	78962	60.10	61.20	59.90	59.40	60.98	60.10	60.85	61.98	61.38	60.12	61.38	60.46	1.86923600142	25
27445	27445	78937	78937	60.10	61.23	59.92	59.40	60.95	60.08	60.85	61.98	61.27	60.12	61.38	60.42	1.86890269723	25
27470	27470	78912	78912	60.05	61.23	59.92	59.38	60.90	60.02	60.85	61.90	61.35	60.09	61.34	60.43	1.86879153553	25
27495	27495	78887	78887	60.02	61.23	59.90	59.27	60.95	60.02	60.75	61.90	61.27	60.02	61.36	60.40	1.86921099725	25
27520	27520	78862	78862	60.02	61.23	59.90	59.25	60.90	60.02	60.73	61.80	61.33	60.00	61.31	60.42	1.86959495359	25
27545	27545	78837	78837	60.02	61.17	59.90	59.25	60.92	60.02	60.73	61.83	61.30	60.00	61.31	60.41	1.86918920712	25
27570	27570	78812	78812	60.02	61.23	59.90	59.23	60.95	60.02	60.73	61.80	61.27	59.99	61.33	60.40	1.86927176825	25
27595	27595	78787	78787	60.05	61.25	59.83	59.20	60.88	59.98	60.73	61.85	61.30	59.99	61.33	60.37	1.86952978713	25
27620	27620	78762	78762	60.02	61.25	59.75	59.15	60.90	59.88	60.70	61.83	61.25	59.96	61.33	60.29	1.86923833628	25
27645	27645	78737	78737	60.00	61.17	59.75	59.17	60.88	59.83	60.67	61.80	61.23	59.95	61.28	60.27	1.86976784848	25
27670	27670	78712	78712	59.98	61.20	59.80	59.17	60.85	59.83	60.67	61.80	61.23	59.94	61.28	60.28	1.86981190941	25
27695	27695	78687	78687	59.98	61.20	59.70	59.15	60.85	59.85	60.67	61.75	61.25	59.93	61.27	60.27	1.87021498581	25
27720	27720	78662	78662	59.98	61.20	59.73	59.17	60.83	59.83	60.62	61.80	61.25	59.92	61.27	60.27	1.86967192876	25
27745	27745	78637	78637	60.00	61.17	59.75	59.08	60.83	59.80	60.62	61.77	61.20	59.90	61.26	60.25	1.86909491362	25
27770	27770	78612	78612	59.92	61.20	59.67	59.08	60.80	59.65	60.60	61.75	61.17	59.87	61.25	60.17	1.86916581414	25
27795	27795	78587	78587	59.90	61.17	59.70	59.10	60.77	59.67	60.67	61.75	61.12	59.89	61.23	60.17	1.87027774475	25
27820	27820	78562	78562	59.90	61.12	59.65	59.05	60.77	59.70	60.65	61.70	61.05	59.87	61.20	60.13	1.87078570872	25
27845	27845	78537	78537	59.88	61.02	59.67	59.05	60.75	59.65	60.62	61.73	61.05	59.85	61.17	60.12	1.87065745853	25
27870	27870	78512	78512	59.85	61.05	59.62	59.05	60.73	59.65	60.62	61.77	61.00	59.84	61.18	60.09	1.87074057389	25
27895	27895	78487	78487	59.85	60.98	59.65	59.00	60.73	59.65	60.55	61.77	60.92	59.80	61.16	60.08	1.87144284782	25
27920	27920	78462	78462	59.88	61.02	59.65	58.92	60.73	59.62	60.52	61.73	60.90	59.77	61.16	60.06	1.87133060326	25
27945	27945	78437	78437	59.83	60.92	59.65	58.98	60.73	59.62	60.52	61.70	60.88	59.77	61.12	60.05	1.8711450354	25
27970	27970	78412	78412	59.80	60.92	59.62	58.88	60.75	59.60	60.55	61.73	60.85	59.74	61.13	60.02	1.87129574159	25
27995	27995	78387	78387	59.75	60.95	59.60	58.85	60.73	59.62	60.52	61.75	60.83	59.71	61.14	60.02	1.87131677138	25
28020	28020	78362	78362	59.77	60.98	59.55	58.90	60.67	59.55	60.58	61.75	60.85	59.75	61.13	59.98	1.87184595815	25
28045	28045	78337	78337	59.77	60.83	59.58	58.88	60.65	59.55	60.50	61.73	60.85	59.72	61.07	59.99	1.87209462265	25
28070	28070	78312	78312	59.73	60.83	59.58	58.88	60.65	59.50	60.45	61.67	60.85	59.68	61.05	59.98	1.87307481202	25
28095	28095	78287	78287	59.80	60.85	59.58	58.88	60.62	59.50	60.40	61.67	60.88	59.69	61.05	59.98	1.87296305538	25
28120	28120	78262	78262	59.77	60.90	59.58	58.88	60.60	59.52	60.40	61.73	60.85	59.68	61.08	59.98	1.8728678726	25
28145	28145	78237	78237	59.77	60.90	59.55	58.90	60.55	59.50	60.38	61.73	60.83	59.68	61.06	59.96	1.87198282797	25
28170	28170	78212	78212	59.75	60.85	59.52	58.88	60.58	59.48	60.33	61.65	60.83	59.65	61.02	59.94	1.87212731583	25
28195	28195	78187	78187	59.77	60.88	59.50	58.85	60.55	59.48	60.35	61.67	60.85	59.66	61.03	59.94	1.87221382985	25
28220	28220	78162	78162	59.75	60.83	59.48	58.85	60.50	59.42	60.35	61.65	60.80	59.65	60.99	59.90	1.87247381583	25
28245	28245	78137	78137	59.73	60.80	59.48	58.85	60.52	59.45	60.38	61.67	60.80	59.65	61.00	59.91	1.8732776917	25
28270	28270	78112	78112	59.67	60.88	59.42	58.83	60.50	59.42	60.35	61.58	60.75	59.62	60.98	59.87	1.87247060047	25
28295	28295	78087	78087	59.70	60.85	59.42	58.83	60.52	59.38	60.35	61.55	60.70	59.62	60.98	59.83	1.87335835449	25
28320	28320	78062	78062	59.67	60.88	59.42	58.75	60.50	59.38	60.35	61.55	60.70	59.59	60.98	59.83	1.87357053141	25
28345	28345	78037	78037	59.62	60.77	59.40	58.73	60.55	59.33	60.27	61.48	60.75	59.54	60.93	59.83	1.8731434842	25
28370	28370	78012	78012	59.67	60.75	59.33	58.67	60.52	59.35	60.23	61.50	60.75	59.52	60.92	59.81	1.87247802012	25
28395	28395	77987	77987	59.65	60.75	59.30	58.70	60.52	59.30	60.15	61.50	60.70	59.50	60.92	59.77	1.87280506971	25
28420	28420	77962	77962	59.65	60.73	59.30	58.70	60.50	59.27	60.12	61.52	60.70	59.49	60.92	59.76	1.87311373745	25
28445	28445	77937	77937	59.62	60.73	59.30	58.65	60.48	59.27	60.10	61.50	60.70	59.46	60.90	59.76	1.87349066926	25
28470	28470	77912	77912	59.58	60.70	59.33	58.62	60.48	59.25	60.10	61.42	60.60	59.43	60.87	59.73	1.87323181773	25
28495	28495	77887	77887	59.60	60.75	59.30	58.65	60.45	59.23	60.12	61.42	60.58	59.46	60.88	59.70	1.87257838462	25
28520	28520	77862	77862	59.55	60.73	59.27	58.65	60.42	59.20	60.12	61.42	60.50	59.44	60.86	59.66	1.87322727516	25
28545	28545	77837	77837	59.55	60.67	59.23	58.62	60.42	59.15	60.08	61.40	60.45	59.42	60.83	59.61	1.87404868783	25
28570	28570	77812	77812	59.50	60.70	59.23	58.62	60.45	59.20	60.05	61.45	60.42	59.39	60.87	59.62	1.87353436559	25
28595	28595	77787	77787	59.48	60.62	59.17	58.52	60.42	59.17	60.10	61.50	60.42	59.37	60.85	59.59	1.8731205836	25
28620	28620	77762	77762	59.55	60.55	59.12	58.45	60.42	59.20	60.12	61.45	60.40	59.38	60.81	59.58	1.87336201735	25
28645	28645	77737	77737	59.50	60.55	59.10	58.42	60.40	59.17	60.12	61.45	60.35	59.35	60.80	59.54	1.87354254868	25
28670	28670	77712	77712	59.52	60.65	59.15	58.45	60.42	59.10	60.08	61.45	60.30	59.35	60.84	59.52	1.87392709464	25
28695	28695	77687	77687	59.50	60.67	59.12	58.50	60.42	59.12	60.05	61.40	60.33	59.35	60.83	59.52	1.8734993223	25
28720	28720	77662	77662	59.40	60.62	59.15	58.48	60.42	59.10	60.05	61.48	60.30	59.31	60.84	59.52	1.87370385491	25
28745	28745	77637	77637	59.33	60.62	59.10	58.45	60.40	59.02	59.95	61.42	60.25	59.24	60.82	59.46	1.87368710999	25
28770	28770	77612	77612	59.33	60.62	59.15	58.45	60.38	58.98	60.05	61.38	60.23	59.27	60.79	59.45	1.87406819297	25
28795	28795	77587	77587	59.35	60.55	59.15	58.50	60.38	58.98	60.10	61.38	60.17	59.32	60.77	59.43	1.87452855172	25
28820	28820	77562	77562	59.33	60.58	59.12	58.45	60.33	58.92	60.10	61.40	60.17	59.29	60.77	59.41	1.87480329224	25
28845	28845	77537	77537	59.35	60.58	59.10	58.42	60.33	58.95	60.08	61.30	60.17	59.28	60.73	59.41	1.87447434025	25
28870	28870	77512	77512	59.40	60.65	59.02	58.45	60.33	59.02	60.08	61.30	60.17	59.31	60.76	59.41	1.87463993779	25
28895	28895	77487	77487	59.38	60.65	59.02	58.40	60.27	59.00	60.02	61.27	60.10	59.27	60.73	59.38	1.87525586219	25
28920	28920	77462	77462	59.40	60.65	59.02	58.38	60.25	59.02	60.02	61.30	60.10	59.27	60.73	59.38	1.87503227811	25
28945	28945	77437	77437	59.45	60.55	59.05	58.38	60.33	59.00	60.00	61.27	60.15	59.27	60.72	59.40	1.87450266848	25
28970	28970	77412	77412	59.42	60.55	59.05	58.33	60.33	59.00	59.98	61.33	60.12	59.24	60.73	59.39	1.87439055353	25
28995	28995	77387	77387	59.42	60.52	59.02	58.33	60.25	59.05	59.92	61.30	60.10	59.23	60.69	59.39	1.87474018114	25
29020	29020	77362	77362	59.33	60.52	59.00	58.35	60.25	59.00	59.98	61.27	60.10	59.22	60.68	59.37	1.87509638208	25
29045	29045	77337	77337	59.35	60.45	59.02	58.38	60.20	58.95	59.90	61.33	60.12	59.21	60.66	59.37	1.87524763917	25
29070	29070	77312	77312	59.30	60.50	58.98	58.33	60.23	58.98	59.90	61.30	60.12	59.17	60.67	59.36	1.87621891643	25
29095	29095	77287	77287	59.27	60.48	58.98	58.30	60.17	58.92	59.83	61.27	60.12	59.13	60.64	59.34	1.87549358805	25
29120	29120	77262	77262	59.17	60.50	58.95	58.30	60.17	58.90	59.83	61.33	60.10	59.10	60.67	59.32	1.87598560117	25
29145	29145	77237	77237	59.17	60.35	58.92	58.27	60.12	58.88	59.73	61.30	60.08	59.06	60.59	59.29	1.87560795662	25
29170	29170	77212	77212	59.10	60.38	58.90	58.30	60.12	58.90	59.70	61.35	60.15	59.03	60.62	59.32	1.87557143447	25
