12120	12120	94562	94562	75.03	77.75	79.85	74.55	77.65	79.25	75.28	78.53	79.88	74.95	77.97	79.66	2.98202283924
12120	12120	94412	94412	75.08	77.75	79.85	74.58	77.65	79.25	75.28	78.53	79.88	74.97	77.97	79.66	2.78104012351	50
12170	12170	94362	94362	75.12	77.75	79.88	74.40	77.08	79.08	74.53	78.55	79.67	74.68	77.79	79.54	2.41339479213	50
12220	12220	94312	94312	74.28	77.65	79.10	74.12	77.17	78.78	74.30	78.53	79.47	74.23	77.78	79.12	2.17461199865	50
12270	12270	94262	94262	74.35	77.80	79.10	74.10	77.08	79.00	74.28	78.50	79.28	74.24	77.79	79.12	2.05208511632	50
12320	12320	94212	94212	74.40	77.83	79.10	74.25	77.00	78.78	74.42	77.97	79.15	74.36	77.60	79.01	1.98619679276	50
12370	12370	94162	94162	74.28	77.92	78.78	74.22	77.15	78.78	74.67	78.10	79.20	74.39	77.72	78.92	1.93370342029	50
12420	12420	94112	94112	74.20	77.88	78.85	74.08	77.38	78.80	74.85	78.08	79.30	74.38	77.78	78.98	1.89507963855	50
12470	12470	94062	94062	74.85	77.83	78.88	74.25	77.40	78.85	75.00	78.15	79.10	74.70	77.79	78.94	1.87287743731	50
12520	12520	94012	94012	75.08	77.67	79.20	74.38	77.33	78.90	75.00	78.30	79.35	74.82	77.77	79.15	1.85413733954	50
12570	12570	93962	93962	75.20	77.85	79.67	74.53	77.35	79.03	75.28	78.75	79.53	75.00	77.98	79.41	1.84252418461	50
12620	12620	93912	93912	75.67	77.67	79.72	74.88	77.35	79.20	75.30	78.60	79.55	75.28	77.88	79.49	1.83808883479	50
12670	12670	93862	93862	75.65	77.53	79.67	75.03	77.35	79.22	75.35	78.53	79.60	75.34	77.80	79.50	1.81755631948	50
12720	12720	93812	93812	75.75	77.50	79.80	74.90	77.28	79.20	75.60	78.50	79.67	75.42	77.76	79.56	1.8054800988	50
12770	12770	93762	93762	75.83	77.67	80.10	74.85	77.60	79.28	75.65	78.78	79.67	75.44	78.02	79.68	1.7897962766	50
12820	12820	93712	93712	75.75	77.90	80.20	74.70	77.62	79.30	75.62	78.50	79.72	75.36	78.01	79.74	1.7905914345	50
12870	12870	93662	93662	75.92	77.92	80.20	74.72	77.67	79.15	76.08	78.62	79.78	75.58	78.08	79.71	1.78301525717	50
12920	12920	93612	93612	76.12	78.22	80.10	74.62	77.60	79.20	76.03	78.72	79.75	75.59	78.18	79.68	1.77477036862	50
12970	12970	93562	93562	76.28	78.17	79.83	74.83	77.47	78.95	75.95	78.30	79.83	75.68	77.98	79.53	1.77369617957	50
13020	13020	93512	93512	76.30	78.47	79.75	74.97	77.50	79.05	76.12	78.33	80.03	75.80	78.10	79.61	1.7665477732	50
13070	13070	93462	93462	76.22	78.47	79.85	74.97	77.40	79.03	76.30	78.22	80.00	75.83	78.03	79.62	1.76898144762	50
13120	13120	93412	93412	76.08	78.60	80.10	75.05	77.58	79.03	76.55	78.40	80.10	75.89	78.19	79.74	1.76898143298	50
13170	13170	93362	93362	76.45	78.65	79.92	75.10	77.50	78.92	76.83	78.15	80.10	76.12	78.10	79.65	1.76875891617	50
13220	13220	93312	93312	76.40	78.45	79.97	75.17	77.40	78.88	76.67	78.12	80.12	76.08	77.99	79.66	1.77178192446	50
13270	13270	93262	93262	76.30	78.53	80.17	75.30	77.40	79.03	76.55	78.38	80.40	76.05	78.10	79.87	1.77604550923	50
13320	13320	93212	93212	76.30	78.70	79.92	75.25	77.33	78.88	76.67	78.58	80.45	76.08	78.20	79.75	1.77185386208	50
13370	13370	93162	93162	76.38	78.75	79.83	75.17	77.10	78.83	76.70	78.83	80.42	76.08	78.22	79.69	1.7655769933	50
13420	13420	93112	93112	76.55	78.80	79.95	75.17	77.28	78.65	76.88	78.58	80.25	76.20	78.22	79.62	1.7672919656	50
13470	13470	93062	93062	76.45	78.83	79.95	74.95	77.22	78.40	76.70	78.47	80.12	76.03	78.17	79.49	1.76620055284	50
13520	13520	93012	93012	76.38	78.75	79.92	74.80	76.95	78.28	76.88	78.42	80.20	76.02	78.04	79.47	1.76236007572	50
13570	13570	92962	92962	76.45	78.80	80.08	74.92	77.00	78.28	76.85	78.33	80.28	76.08	78.04	79.54	1.76263504908	50
13620	13620	92912	92912	76.47	78.65	80.15	74.67	77.00	78.22	76.72	78.35	80.10	75.96	78.00	79.49	1.76663709759	50
13670	13670	92862	92862	76.45	78.72	80.28	74.75	76.95	78.25	76.55	78.25	79.97	75.92	77.97	79.50	1.77078939182	50
13720	13720	92812	92812	76.38	78.53	80.17	74.50	76.65	78.12	76.60	78.10	79.72	75.83	77.76	79.34	1.76965027246	50
13770	13770	92762	92762	76.42	78.17	80.10	74.50	76.60	77.80	76.65	78.03	79.62	75.86	77.60	79.17	1.7708607832	50
13820	13820	92712	92712	76.38	78.28	80.05	74.38	76.25	77.67	76.78	77.72	79.65	75.84	77.42	79.12	1.7730528663	50
13870	13870	92662	92662	76.28	78.00	80.00	74.30	75.85	77.55	76.88	77.75	79.53	75.82	77.20	79.03	1.77915588069	50
13920	13920	92612	92612	76.47	77.78	80.08	74.35	75.53	77.22	76.80	77.67	79.47	75.88	76.99	78.92	1.7801214802	50
13970	13970	92562	92562	76.53	77.60	80.03	74.42	75.50	77.00	76.72	77.28	79.55	75.89	76.79	78.86	1.77974229851	50
14020	14020	92512	92512	76.35	77.55	79.83	74.38	75.50	76.80	76.67	77.03	79.50	75.80	76.69	78.71	1.78414630222	50
14070	14070	92462	92462	76.15	77.45	79.88	74.28	75.50	76.80	76.70	77.03	79.25	75.71	76.66	78.64	1.78478324348	50
14120	14120	92412	92412	76.10	77.30	79.58	74.05	75.22	76.85	76.67	76.78	79.20	75.61	76.43	78.54	1.78507736483	50
14170	14170	92362	92362	76.10	77.17	79.53	74.03	75.17	76.62	76.62	76.67	79.00	75.58	76.34	78.38	1.79009451242	50
14220	14220	92312	92312	76.08	77.10	79.35	74.22	75.03	76.40	76.50	76.65	79.00	75.60	76.26	78.25	1.79062174856	50
14270	14270	92262	92262	75.95	77.05	79.05	74.15	74.88	76.40	76.25	76.55	78.88	75.45	76.16	78.11	1.78789286478	50
14320	14320	92212	92212	75.92	76.85	78.92	74.03	74.88	76.55	76.30	76.60	78.60	75.42	76.11	78.03	1.78816097426	50
14370	14370	92162	92162	75.92	76.65	78.72	73.83	74.65	76.40	76.25	76.38	78.38	75.33	75.89	77.83	1.78827600275	50
14420	14420	92112	92112	75.78	76.50	78.90	73.75	74.35	76.33	76.05	76.40	78.30	75.19	75.75	77.84	1.79113341096	50
14470	14470	92062	92062	75.75	76.33	78.80	73.65	74.35	76.10	76.30	76.20	78.30	75.23	75.62	77.73	1.79095950296	50
14520	14520	92012	92012	75.67	75.92	78.55	73.62	74.10	75.95	76.25	76.15	78.28	75.18	75.39	77.59	1.78939825191	50
14570	14570	91962	91962	75.65	76.00	78.40	73.60	73.97	76.00	76.08	76.05	78.30	75.11	75.34	77.57	1.7883457023	50
14620	14620	91912	91912	75.65	76.05	78.30	73.65	74.00	75.85	75.95	75.92	77.97	75.08	75.33	77.38	1.79015660279	50
14670	14670	91862	91862	75.42	75.88	78.08	73.53	73.90	75.70	75.97	75.97	77.92	74.97	75.25	77.23	1.78958718802	50
14720	14720	91812	91812	75.22	75.80	77.92	73.58	73.78	75.78	75.83	75.78	77.80	74.88	75.12	77.17	1.79188393164	50
14770	14770	91762	91762	75.25	75.70	78.05	73.50	73.67	75.75	75.78	75.58	77.72	74.84	74.98	77.17	1.7928010332	50
14820	14820	91712	91712	75.20	75.60	77.67	73.22	73.78	75.53	75.83	75.53	77.78	74.75	74.97	76.99	1.79549079057	50
14870	14870	91662	91662	75.25	75.38	77.53	73.20	73.75	75.35	75.45	75.33	77.65	74.63	74.82	76.84	1.79776158576	50
14920	14920	91612	91612	75.03	75.42	77.25	73.22	73.55	75.22	75.33	75.38	77.58	74.53	74.78	76.68	1.80013436228	50
14970	14970	91562	91562	74.97	75.33	77.10	73.30	73.47	74.97	75.45	75.33	77.47	74.58	74.71	76.52	1.79740850072	50
15020	15020	91512	91512	74.95	75.12	77.03	73.10	73.17	74.88	75.50	75.33	77.20	74.52	74.54	76.37	1.79972793711	50
15070	15070	91462	91462	74.95	74.97	76.90	73.08	73.03	74.88	75.42	75.15	77.00	74.48	74.38	76.26	1.80338669495	50
15120	15120	91412	91412	74.83	75.03	76.62	73.00	72.90	74.80	75.35	75.03	76.83	74.39	74.32	76.08	1.80473207831	50
15170	15170	91362	91362	74.75	74.83	76.25	72.78	72.92	74.70	75.25	74.92	76.70	74.26	74.22	75.88	1.80444769289	50
15220	15220	91312	91312	74.65	74.75	76.17	72.80	72.92	74.70	75.10	74.85	76.62	74.18	74.17	75.83	1.80421483708	50
15270	15270	91262	91262	74.53	74.55	76.25	72.62	72.97	74.60	75.08	74.72	76.50	74.08	74.08	75.78	1.80293732763	50
15320	15320	91212	91212	74.40	74.55	76.08	72.50	72.80	74.62	75.03	74.65	76.50	73.97	74.00	75.73	1.80276715309	50
15370	15370	91162	91162	74.40	74.40	76.03	72.50	72.62	74.47	75.03	74.35	76.42	73.97	73.79	75.64	1.80223104017	50
15420	15420	91112	91112	74.15	74.38	76.12	72.30	72.53	74.28	74.90	74.45	76.28	73.78	73.78	75.56	1.80227064555	50
15470	15470	91062	91062	74.03	74.30	75.97	72.25	72.62	74.12	74.72	74.38	76.17	73.67	73.77	75.42	1.80337588275	50
15520	15520	91012	91012	73.83	74.25	75.90	72.22	72.50	74.28	74.80	74.47	76.17	73.62	73.74	75.45	1.80655828171	50
15570	15570	90962	90962	73.62	74.10	75.90	72.17	72.38	74.22	74.80	74.45	76.15	73.53	73.64	75.42	1.80598411396	50
15620	15620	90912	90912	73.70	73.95	75.72	72.12	72.25	74.08	74.55	74.50	76.22	73.46	73.57	75.34	1.80647013483	50
15670	15670	90862	90862	73.55	74.00	75.72	72.10	72.12	74.05	74.50	74.35	76.10	73.38	73.49	75.29	1.80704220072	50
15720	15720	90812	90812	73.47	73.92	75.58	72.03	72.28	73.92	74.62	74.12	75.97	73.38	73.44	75.16	1.80718164863	50
15770	15770	90762	90762	73.30	73.83	75.38	72.00	72.30	73.83	74.40	73.95	75.92	73.23	73.36	75.04	1.80904522058	50
15820	15820	90712	90712	73.15	73.60	75.22	71.80	72.15	73.50	74.30	73.72	75.60	73.08	73.16	74.78	1.80947800801	50
15870	15870	90662	90662	73.05	73.70	75.15	71.55	72.03	73.53	74.17	73.78	75.45	72.92	73.17	74.71	1.80894228686	50
15920	15920	90612	90612	73.00	73.67	75.12	71.58	71.95	73.38	74.10	73.80	75.22	72.89	73.14	74.58	1.81145152021	50
15970	15970	90562	90562	72.88	73.45	74.97	71.45	71.88	73.22	74.03	73.65	75.28	72.78	72.99	74.49	1.81144814912	50
16020	16020	90512	90512	72.88	73.50	74.90	71.50	71.95	73.28	73.85	73.53	75.05	72.74	72.99	74.41	1.8115617604	50
16070	16070	90462	90462	72.72	73.25	74.72	71.25	71.95	73.22	73.83	73.42	74.90	72.60	72.88	74.28	1.81218422709	50
16120	16120	90412	90412	72.62	73.40	74.72	71.25	71.97	73.12	73.67	73.40	74.92	72.52	72.92	74.26	1.81127222293	50
16170	16170	90362	90362	72.30	73.38	74.55	71.15	71.90	73.08	73.50	73.38	74.78	72.32	72.88	74.13	1.81314439608	50
16220	16220	90312	90312	72.20	73.22	74.42	71.00	71.65	72.90	73.40	73.33	74.62	72.20	72.73	73.98	1.81708967539	50
16270	16270	90262	90262	72.08	73.25	74.30	71.03	71.53	72.72	73.05	73.08	74.50	72.05	72.62	73.84	1.81757938107	50
16320	16320	90212	90212	71.95	72.97	74.17	71.15	71.40	72.70	72.70	73.00	74.30	71.93	72.46	73.72	1.8172120532	50
16370	16370	90162	90162	71.80	72.88	74.03	70.95	71.20	72.65	72.62	73.10	74.10	71.79	72.39	73.59	1.81794969677	50
16420	16420	90112	90112	71.70	72.83	73.90	70.92	71.15	72.75	72.67	73.17	74.17	71.77	72.38	73.61	1.81882974019	50
16470	16470	90062	90062	71.60	72.70	73.90	70.72	71.12	72.72	72.62	73.08	74.12	71.65	72.30	73.58	1.81815818536	50
16520	16520	90012	90012	71.78	72.58	73.72	70.60	71.00	72.50	72.60	72.92	74.12	71.66	72.17	73.45	1.81993970748	50
16570	16570	89962	89962	71.62	72.62	73.78	70.60	71.10	72.38	72.60	72.97	74.12	71.61	72.23	73.42	1.81989415533	50
16620	16620	89912	89912	71.55	72.53	73.75	70.55	71.00	72.35	72.60	72.90	74.15	71.57	72.14	73.42	1.82083019667	50
16670	16670	89862	89862	71.60	72.47	73.58	70.50	70.83	72.25	72.45	72.80	73.95	71.52	72.03	73.26	1.82488972136	50
16720	16720	89812	89812	71.75	72.45	73.50	70.47	70.67	72.22	72.58	72.97	74.05	71.60	72.03	73.26	1.8259733513	50
16770	16770	89762	89762	71.55	72.25	73.50	70.45	70.70	72.17	72.67	72.83	74.00	71.56	71.92	73.22	1.82494065058	50
16820	16820	89712	89712	71.65	72.15	73.42	70.47	70.58	72.10	72.50	72.95	73.95	71.54	71.89	73.16	1.82715791746	50
16870	16870	89662	89662	71.65	72.03	73.42	70.58	70.47	71.95	72.40	72.78	73.75	71.54	71.76	73.04	1.82809274087	50
16920	16920	89612	89612	71.78	71.95	73.22	70.53	70.55	71.88	72.12	72.65	73.75	71.47	71.72	72.95	1.82843995886	50
16970	16970	89562	89562	71.60	71.90	73.17	70.62	70.38	71.83	72.12	72.53	73.60	71.45	71.60	72.87	1.82930632303	50
17020	17020	89512	89512	71.65	72.00	73.15	70.47	70.25	71.70	72.05	72.55	73.50	71.39	71.60	72.78	1.82774312617	50
17070	17070	89462	89462	71.55	71.95	73.12	70.35	70.40	71.67	71.83	72.47	73.47	71.24	71.61	72.76	1.82863018206	50
17120	17120	89412	89412	71.42	71.75	73.05	70.38	70.28	71.67	71.90	72.47	73.40	71.23	71.50	72.71	1.82830739871	50
17170	17170	89362	89362	71.47	71.65	73.00	70.17	70.22	71.58	71.80	72.47	73.40	71.15	71.45	72.66	1.82934356039	50
17220	17220	89312	89312	71.58	71.60	72.88	70.05	70.20	71.55	71.72	72.45	73.35	71.12	71.42	72.59	1.82998631854	50
17270	17270	89262	89262	71.53	71.60	72.80	69.97	70.03	71.47	71.65	72.45	73.28	71.05	71.36	72.52	1.8316101112	50
17320	17320	89212	89212	71.45	71.65	72.70	69.78	70.03	71.42	71.47	72.42	73.22	70.90	71.37	72.45	1.83256356416	50
17370	17370	89162	89162	71.40	71.50	72.65	69.70	69.92	71.25	71.55	72.47	73.10	70.88	71.30	72.33	1.83141052809	50
17420	17420	89112	89112	71.22	71.45	72.53	69.50	69.78	71.10	71.50	72.50	73.00	70.74	71.24	72.21	1.83379869263	50
17470	17470	89062	89062	71.12	71.33	72.38	69.50	69.67	71.08	71.45	72.50	72.92	70.69	71.17	72.12	1.83275020714	50
17520	17520	89012	89012	70.97	71.17	72.35	69.38	69.60	70.97	71.38	72.38	72.85	70.58	71.05	72.06	1.83269944708	50
17570	17570	88962	88962	70.83	71.17	72.28	69.55	69.47	70.78	71.38	72.25	72.83	70.58	70.97	71.96	1.83276568481	50
17620	17620	88912	88912	70.90	71.10	72.20	69.47	69.58	70.58	71.30	72.22	72.70	70.56	70.97	71.83	1.83047794712	50
17670	17670	88862	88862	70.80	70.97	72.10	69.38	69.40	70.50	71.30	72.00	72.60	70.49	70.79	71.73	1.83106665409	50
17720	17720	88812	88812	70.70	70.85	72.03	69.25	69.25	70.38	71.15	71.83	72.42	70.37	70.64	71.61	1.83285317092	50
17770	17770	88762	88762	70.65	70.72	71.88	69.12	69.15	70.28	71.12	71.83	72.35	70.30	70.57	71.50	1.83380166744	50
17820	17820	88712	88712	70.45	70.72	71.65	68.97	69.15	70.25	71.00	71.70	72.33	70.14	70.53	71.41	1.83357670562	50
17870	17870	88662	88662	70.47	70.65	71.62	68.97	68.97	70.05	71.00	71.65	72.22	70.15	70.42	71.30	1.83331450545	50
17920	17920	88612	88612	70.40	70.62	71.45	68.88	69.10	69.97	71.00	71.50	72.17	70.09	70.41	71.20	1.83339847946	50
17970	17970	88562	88562	70.25	70.60	71.42	68.88	68.90	69.90	70.88	71.45	72.00	70.00	70.32	71.11	1.83449897763	50
18020	18020	88512	88512	70.10	70.60	71.28	68.88	68.75	69.70	70.80	71.35	71.92	69.92	70.23	70.97	1.83564663945	50
18070	18070	88462	88462	70.08	70.50	71.17	68.75	68.60	69.60	70.65	71.38	71.72	69.83	70.16	70.83	1.83525660593	50
18120	18120	88412	88412	69.83	70.33	71.12	68.70	68.72	69.40	70.55	71.33	71.58	69.69	70.12	70.70	1.83555944811	50
18170	18170	88362	88362	69.75	70.38	70.95	68.65	68.58	69.28	70.58	71.25	71.55	69.66	70.07	70.59	1.83520286616	50
18220	18220	88312	88312	69.65	70.25	70.90	68.70	68.42	69.15	70.40	71.12	71.45	69.58	69.93	70.50	1.83486974207	50
18270	18270	88262	88262	69.62	70.10	70.80	68.65	68.40	69.10	70.38	71.05	71.33	69.55	69.85	70.41	1.83490712102	50
18320	18320	88212	88212	69.62	70.03	70.65	68.55	68.22	68.92	70.33	70.80	71.28	69.50	69.68	70.28	1.83685232288	50
18370	18370	88162	88162	69.53	69.75	70.47	68.40	68.10	68.75	70.30	70.75	71.22	69.41	69.53	70.15	1.83704313701	50
18420	18420	88112	88112	69.42	69.65	70.30	68.35	68.10	68.75	70.17	70.67	71.12	69.32	69.47	70.06	1.83580804167	50
18470	18470	88062	88062	69.30	69.65	70.38	68.40	68.05	68.62	70.05	70.50	70.95	69.25	69.40	69.98	1.83618240964	50
18520	18520	88012	88012	69.45	69.55	70.40	68.38	67.95	68.62	69.90	70.35	70.92	69.24	69.28	69.98	1.83765768062	50
18570	18570	87962	87962	69.20	69.28	70.17	68.28	67.65	68.50	69.78	70.35	70.97	69.08	69.09	69.88	1.83699493162	50
18620	18620	87912	87912	69.03	69.22	70.10	68.12	67.65	68.40	69.55	70.15	70.72	68.90	69.01	69.74	1.83768803475	50
18670	18670	87862	87862	68.85	69.00	69.92	67.85	67.58	68.25	69.47	70.05	70.67	68.72	68.88	69.62	1.8392141685	50
18720	18720	87812	87812	68.80	68.97	69.78	67.78	67.60	68.17	69.45	70.05	70.65	68.67	68.88	69.53	1.83843744075	50
18770	18770	87762	87762	68.62	68.97	69.65	67.75	67.45	68.12	69.65	69.92	70.53	68.67	68.78	69.43	1.83866355882	50
18820	18820	87712	87712	68.75	68.85	69.50	67.62	67.30	67.97	69.58	69.65	70.53	68.65	68.60	69.33	1.83899649548	50
18870	18870	87662	87662	68.55	68.90	69.47	67.55	67.40	67.97	69.42	69.62	70.53	68.51	68.64	69.33	1.83894928532	50
18920	18920	87612	87612	68.28	68.72	69.50	67.62	67.30	67.83	69.55	69.45	70.42	68.48	68.49	69.25	1.83945950994	50
18970	18970	87562	87562	68.22	68.67	69.42	67.60	67.17	67.80	69.42	69.35	70.38	68.42	68.40	69.20	1.83909110147	50
19020	19020	87512	87512	68.08	68.53	69.33	67.55	67.12	67.70	69.35	69.22	70.25	68.33	68.29	69.09	1.84126482874	50
19070	19070	87462	87462	68.12	68.40	69.28	67.25	67.22	67.55	69.10	69.28	70.12	68.16	68.30	68.98	1.84097107295	50
19120	19120	87412	87412	68.03	68.25	69.12	67.15	67.22	67.53	69.10	69.20	70.17	68.09	68.22	68.94	1.84102068474	50
19170	19170	87362	87362	67.97	68.22	69.05	67.05	67.20	67.45	69.03	69.28	70.08	68.02	68.23	68.86	1.84201771799	50
19220	19220	87312	87312	68.00	68.10	69.00	67.10	67.15	67.35	69.00	69.20	69.90	68.03	68.15	68.75	1.84289596289	50
19270	19270	87262	87262	67.72	68.12	68.88	66.80	67.12	67.30	68.85	69.10	69.85	67.79	68.12	68.67	1.84445016021	50
19320	19320	87212	87212	67.72	68.00	68.83	66.75	67.03	67.12	68.85	69.05	69.75	67.78	68.03	68.57	1.8443608626	50
19370	19370	87162	87162	67.58	68.00	68.72	66.72	67.05	67.08	68.88	69.05	69.67	67.72	68.03	68.49	1.84346035847	50
19420	19420	87112	87112	67.60	67.85	68.55	66.75	66.92	67.00	68.83	69.00	69.60	67.72	67.92	68.38	1.84433891594	50
19470	19470	87062	87062	67.53	67.78	68.47	66.65	66.83	66.95	68.83	68.92	69.58	67.67	67.84	68.33	1.84485911388	50
19520	19520	87012	87012	67.42	67.70	68.35	66.62	66.67	66.95	68.72	68.90	69.53	67.59	67.76	68.28	1.8435889392	50
19570	19570	86962	86962	67.47	67.67	68.28	66.53	66.65	66.88	68.70	68.85	69.35	67.57	67.72	68.17	1.84294689497	50
19620	19620	86912	86912	67.35	67.62	68.17	66.60	66.67	66.83	68.65	68.78	69.40	67.53	67.69	68.13	1.84142522423	50
19670	19670	86862	86862	67.22	67.60	68.15	66.58	66.78	66.85	68.50	68.78	69.38	67.43	67.72	68.12	1.84193996965	50
19720	19720	86812	86812	67.17	67.58	68.08	66.50	66.70	66.72	68.33	68.70	69.38	67.33	67.66	68.06	1.84158736559	50
19770	19770	86762	86762	67.10	67.50	67.97	66.42	66.58	66.75	68.28	68.62	69.35	67.27	67.57	68.03	1.84193021044	50
19820	19820	86712	86712	67.12	67.35	67.88	66.25	66.67	66.55	68.22	68.60	69.22	67.20	67.54	67.88	1.84348524887	50
19870	19870	86662	86662	67.05	67.35	67.70	66.20	66.53	66.53	68.20	68.47	69.28	67.15	67.45	67.83	1.843731301	50
19920	19920	86612	86612	66.88	67.30	67.62	66.20	66.58	66.47	68.03	68.47	69.25	67.03	67.45	67.78	1.84437431292	50
19970	19970	86562	86562	66.83	67.22	67.47	66.10	66.65	66.50	67.95	68.50	69.03	66.96	67.46	67.67	1.84476701582	50
20020	20020	86512	86512	66.67	67.20	67.35	66.00	66.50	66.47	67.97	68.40	68.95	66.88	67.37	67.59	1.84441460032	50
20070	20070	86462	86462	66.60	66.92	67.22	65.88	66.47	66.35	67.97	68.30	68.88	66.82	67.23	67.48	1.84442946657	50
20120	20120	86412	86412	66.55	66.88	67.22	65.88	66.42	66.38	67.95	68.25	68.92	66.79	67.18	67.51	1.84551662629	50
20170	20170	86362	86362	66.55	66.92	67.17	65.83	66.38	66.33	67.80	68.17	68.78	66.72	67.16	67.42	1.84644922084	50
20220	20220	86312	86312	66.45	66.95	67.12	65.90	66.53	66.30	67.78	68.03	68.67	66.71	67.17	67.37	1.84647799636	50
20270	20270	86262	86262	66.50	66.78	67.08	65.80	66.40	66.28	67.75	68.00	68.58	66.68	67.06	67.31	1.8458456895	50
20320	20320	86212	86212	66.33	66.70	67.00	65.78	66.42	66.17	67.75	67.95	68.55	66.62	67.03	67.24	1.84623070034	50
20370	20370	86162	86162	66.22	66.65	66.88	65.67	66.40	66.08	67.70	67.85	68.40	66.53	66.97	67.12	1.84759194008	50
20420	20420	86112	86112	66.12	66.67	66.85	65.70	66.33	66.03	67.55	67.85	68.38	66.46	66.95	67.08	1.84663072039	50
20470	20470	86062	86062	66.17	66.67	66.83	65.62	66.28	65.97	67.60	67.67	68.22	66.47	66.88	67.01	1.84864875353	50
20520	20520	86012	86012	66.15	66.58	66.70	65.50	66.22	65.88	67.25	67.55	68.17	66.30	66.78	66.92	1.84851092797	50
20570	20570	85962	85962	66.08	66.50	66.75	65.53	66.17	65.97	67.40	67.38	68.05	66.33	66.68	66.92	1.84865162962	50
20620	20620	85912	85912	66.08	66.47	66.67	65.50	66.15	65.80	67.38	67.35	67.97	66.32	66.66	66.82	1.84952091369	50
20670	20670	85862	85862	66.08	66.47	66.65	65.47	66.10	65.78	67.35	67.33	67.92	66.30	66.63	66.78	1.84923350145	50
20720	20720	85812	85812	65.92	66.42	66.53	65.40	66.05	65.80	67.17	67.35	67.78	66.17	66.61	66.70	1.8487908099	50
20770	20770	85762	85762	65.78	66.45	66.47	65.30	66.15	65.83	67.17	67.28	67.80	66.08	66.62	66.70	1.84921200225	50
20820	20820	85712	85712	65.72	66.53	66.40	65.25	66.03	65.85	67.22	67.33	67.85	66.07	66.62	66.70	1.84832990424	50
20870	20870	85662	85662	65.75	66.45	66.35	65.12	65.97	65.78	67.12	67.22	67.62	66.00	66.55	66.58	1.84923278535	50
20920	20920	85612	85612	65.60	66.38	66.25	65.20	65.97	65.65	67.00	67.17	67.58	65.93	66.51	66.49	1.84888443658	50
20970	20970	85562	85562	65.67	66.20	66.28	65.10	66.03	65.60	67.00	67.20	67.53	65.92	66.47	66.47	1.84891248482	50
21020	21020	85512	85512	65.60	66.22	66.28	65.03	65.90	65.47	67.05	67.17	67.47	65.89	66.43	66.41	1.84879668744	50
21070	21070	85462	85462	65.65	66.20	66.28	64.85	65.78	65.42	67.03	67.15	67.40	65.84	66.38	66.37	1.84878045092	50
21120	21120	85412	85412	65.47	66.08	66.17	64.83	65.72	65.38	66.97	67.05	67.35	65.76	66.28	66.30	1.84922987758	50
21170	21170	85362	85362	65.42	66.00	66.20	64.72	65.75	65.30	67.03	67.15	67.33	65.72	66.30	66.28	1.8492018479	50
21220	21220	85312	85312	65.40	65.97	66.08	64.58	65.72	65.22	66.90	66.95	67.28	65.62	66.22	66.19	1.8493497332	50
21270	21270	85262	85262	65.20	65.92	66.00	64.62	65.53	65.20	66.75	66.90	67.22	65.53	66.12	66.14	1.84918573821	50
21320	21320	85212	85212	65.17	65.95	65.97	64.53	65.53	65.05	66.65	66.85	67.22	65.45	66.11	66.08	1.84814862594	50
21370	21370	85162	85162	64.92	65.92	65.95	64.42	65.55	64.95	66.62	66.80	67.17	65.33	66.09	66.03	1.84877264807	50
21420	21420	85112	85112	64.90	65.83	65.88	64.30	65.45	64.97	66.42	66.67	67.10	65.21	65.98	65.98	1.84988823017	50
21470	21470	85062	85062	64.88	65.67	65.78	64.22	65.53	64.95	66.45	66.70	67.12	65.18	65.97	65.95	1.85016055181	50
21520	21520	85012	85012	64.88	65.65	65.72	64.22	65.55	64.90	66.35	66.67	67.08	65.15	65.96	65.90	1.85098628093	50
21570	21570	84962	84962	64.85	65.65	65.62	64.33	65.50	64.85	66.35	66.60	66.95	65.17	65.92	65.81	1.85257577756	50
21620	21620	84912	84912	64.88	65.65	65.65	64.20	65.40	64.70	66.28	66.60	66.80	65.12	65.88	65.72	1.85085005547	50
21670	21670	84862	84862	64.90	65.65	65.55	64.17	65.38	64.65	66.28	66.58	66.85	65.12	65.87	65.68	1.85162924833	50
21720	21720	84812	84812	64.88	65.45	65.45	64.17	65.28	64.60	66.17	66.62	66.80	65.08	65.78	65.62	1.85332296322	50
21770	21770	84762	84762	64.92	65.42	65.40	64.12	65.33	64.55	66.05	66.45	66.65	65.03	65.73	65.53	1.85309463107	50
21820	21820	84712	84712	64.83	65.42	65.28	64.08	65.17	64.65	66.05	66.38	66.72	64.98	65.66	65.55	1.85369219221	50
21870	21870	84662	84662	64.75	65.30	65.28	64.00	65.30	64.58	66.00	66.28	66.62	64.92	65.62	65.49	1.85378932216	50
21920	21920	84612	84612	64.72	65.33	65.22	64.05	65.20	64.58	65.92	66.17	66.62	64.90	65.57	65.47	1.85295952245	50
21970	21970	84562	84562	64.72	65.28	65.20	63.98	65.12	64.38	65.88	66.15	66.58	64.86	65.52	65.38	1.85336154927	50
22020	22020	84512	84512	64.70	65.25	65.20	63.83	65.08	64.35	65.80	66.15	66.53	64.78	65.49	65.36	1.85440308682	50
22070	22070	84462	84462	64.62	65.33	65.20	63.88	65.00	64.22	65.72	65.97	66.47	64.74	65.43	65.30	1.85433233448	50
22120	22120	84412	84412	64.53	65.38	65.15	63.85	64.97	64.20	65.67	65.97	66.40	64.68	65.44	65.25	1.8551200012	50
22170	22170	84362	84362	64.53	65.25	65.00	63.67	64.88	64.10	65.55	65.90	66.30	64.58	65.34	65.13	1.85524232518	50
22220	22220	84312	84312	64.55	65.25	65.00	63.60	64.78	64.12	65.47	65.90	66.28	64.54	65.31	65.13	1.85579683716	50
22270	22270	84262	84262	64.42	65.17	64.95	63.60	64.78	63.95	65.40	65.95	66.17	64.47	65.30	65.03	1.85541413464	50
22320	22320	84212	84212	64.35	65.08	64.88	63.55	64.75	63.98	65.42	65.97	66.08	64.44	65.27	64.97	1.85631616055	50
22370	22370	84162	84162	64.38	65.00	64.92	63.33	64.65	63.98	65.35	65.80	66.08	64.35	65.15	64.99	1.855475243	50
22420	22420	84112	84112	64.28	65.05	64.88	63.38	64.65	63.85	65.15	65.83	65.90	64.27	65.17	64.88	1.85522683405	50
22470	22470	84062	84062	64.20	64.97	64.80	63.30	64.62	63.77	65.15	65.75	65.92	64.22	65.12	64.83	1.85541823261	50
22520	22520	84012	84012	64.00	65.00	64.75	63.30	64.58	63.77	65.12	65.60	65.90	64.14	65.06	64.81	1.85564085531	50
22570	22570	83962	83962	64.03	64.92	64.70	63.15	64.55	63.62	65.05	65.62	65.90	64.08	65.03	64.74	1.85601510157	50
22620	22620	83912	83912	64.00	64.90	64.65	62.90	64.40	63.50	65.03	65.53	65.80	63.98	64.94	64.65	1.85656796029	50
22670	22670	83862	83862	63.95	64.85	64.60	62.83	64.45	63.50	65.03	65.50	65.78	63.93	64.93	64.62	1.85653463298	50
22720	22720	83812	83812	63.80	64.95	64.60	62.92	64.45	63.50	64.85	65.42	65.75	63.86	64.94	64.62	1.85654647796	50
22770	22770	83762	83762	63.77	64.90	64.50	62.65	64.28	63.45	64.83	65.35	65.60	63.75	64.84	64.52	1.85725154983	50
22820	22820	83712	83712	63.73	64.80	64.50	62.65	64.15	63.45	64.65	65.28	65.45	63.67	64.74	64.47	1.85854584098	50
22870	22870	83662	83662	63.80	64.65	64.45	62.60	64.15	63.42	64.62	65.28	65.50	63.67	64.69	64.46	1.85882243026	50
22920	22920	83612	83612	63.67	64.62	64.40	62.45	64.10	63.35	64.67	65.30	65.45	63.60	64.67	64.40	1.85934530623	50
22970	22970	83562	83562	63.58	64.60	64.40	62.35	64.08	63.33	64.70	65.28	65.42	63.54	64.65	64.38	1.86057606686	50
23020	23020	83512	83512	63.60	64.60	64.35	62.35	64.12	63.33	64.60	65.22	65.30	63.52	64.65	64.33	1.8603560087	50
23070	23070	83462	83462	63.48	64.50	64.28	62.27	64.08	63.27	64.60	65.28	65.25	63.45	64.62	64.27	1.86063931749	50
23120	23120	83412	83412	63.33	64.53	64.33	62.35	64.08	63.30	64.55	65.25	65.28	63.41	64.62	64.30	1.86066064106	50
23170	23170	83362	83362	63.27	64.45	64.17	62.30	64.05	63.33	64.53	65.22	65.28	63.37	64.58	64.26	1.86040178599	50
23220	23220	83312	83312	63.23	64.42	64.15	62.15	64.03	63.30	64.58	65.22	65.12	63.32	64.56	64.19	1.8607147833	50
23270	23270	83262	83262	63.27	64.45	64.17	62.00	64.03	63.25	64.45	65.17	65.08	63.24	64.55	64.17	1.86102568229	50
23320	23320	83212	83212	63.20	64.35	64.17	62.05	64.03	63.30	64.40	65.17	65.00	63.22	64.52	64.16	1.86148808252	50
23370	23370	83162	83162	63.10	64.42	64.08	62.08	64.08	63.23	64.38	65.15	64.92	63.18	64.55	64.08	1.86265866462	50
23420	23420	83112	83112	63.15	64.35	64.12	62.02	64.12	63.17	64.25	65.15	64.95	63.14	64.54	64.08	1.86252881693	50
23470	23470	83062	83062	63.17	64.33	64.03	61.95	64.10	63.15	64.22	65.15	64.95	63.12	64.53	64.04	1.86126054138	50
23520	23520	83012	83012	63.00	64.20	63.90	61.92	64.03	63.23	64.12	65.15	64.85	63.02	64.46	63.99	1.86188118413	50
23570	23570	82962	82962	63.00	64.15	63.77	61.92	63.92	63.15	64.03	65.05	64.88	62.98	64.38	63.93	1.86230053589	50
23620	23620	82912	82912	62.98	64.15	63.80	61.85	63.85	63.08	63.95	65.03	64.78	62.92	64.34	63.88	1.8617466918	50
23670	23670	82862	82862	62.95	64.20	63.85	61.85	63.77	63.05	63.95	65.03	64.72	62.92	64.33	63.88	1.86209397629	50
23720	23720	82812	82812	62.90	64.10	63.80	61.80	63.70	63.08	63.92	65.00	64.70	62.88	64.27	63.86	1.86173352836	50
23770	23770	82762	82762	62.88	64.10	63.77	61.88	63.60	62.98	63.90	64.95	64.65	62.88	64.22	63.80	1.86230479306	50
23820	23820	82712	82712	62.85	64.03	63.67	61.85	63.62	62.98	63.90	64.85	64.62	62.87	64.17	63.76	1.86257093661	50
23870	23870	82662	82662	62.80	64.05	63.65	61.77	63.50	62.85	63.95	64.88	64.55	62.84	64.14	63.68	1.8617486626	50
23920	23920	82612	82612	62.83	64.03	63.52	61.73	63.50	62.88	63.88	64.83	64.47	62.81	64.12	63.62	1.86076186038	50
23970	23970	82562	82562	62.70	63.90	63.55	61.77	63.48	62.92	63.85	64.75	64.45	62.77	64.04	63.64	1.86000607899	50
24020	24020	82512	82512	62.75	63.90	63.52	61.70	63.42	62.85	63.98	64.65	64.38	62.81	63.99	63.58	1.86019319391	50
24070	24070	82462	82462	62.70	63.92	63.48	61.48	63.35	62.77	63.88	64.60	64.33	62.68	63.96	63.52	1.86067433275	50
24120	24120	82412	82412	62.73	63.80	63.45	61.45	63.27	62.80	63.80	64.67	64.33	62.66	63.92	63.52	1.85993509919	50
24170	24170	82362	82362	62.67	63.83	63.42	61.55	63.33	62.75	63.75	64.55	64.33	62.66	63.90	63.50	1.86064879552	50
24220	24220	82312	82312	62.67	63.85	63.50	61.58	63.30	62.67	63.83	64.58	64.28	62.69	63.91	63.48	1.8603317757	50
24270	24270	82262	82262	62.60	63.80	63.42	61.40	63.27	62.67	63.70	64.55	64.28	62.57	63.88	63.46	1.86020972746	50
24320	24320	82212	82212	62.62	63.77	63.35	61.40	63.27	62.62	63.60	64.50	64.25	62.54	63.85	63.41	1.86010055955	50
24370	24370	82162	82162	62.65	63.67	63.30	61.42	63.25	62.55	63.50	64.50	64.22	62.52	63.81	63.36	1.8601389451	50
24420	24420	82112	82112	62.62	63.70	63.25	61.38	63.10	62.48	63.50	64.45	64.15	62.50	63.75	63.29	1.85989329853	50
24470	24470	82062	82062	62.55	63.75	63.23	61.38	63.12	62.42	63.52	64.47	64.20	62.48	63.78	63.28	1.86050797959	50
24520	24520	82012	82012	62.45	63.62	63.02	61.38	63.08	62.38	63.45	64.33	64.10	62.42	63.67	63.17	1.86111145009	50
24570	24570	81962	81962	62.38	63.60	63.08	61.35	62.98	62.42	63.45	64.38	64.08	62.39	63.65	63.19	1.86141726496	50
24620	24620	81912	81912	62.35	63.60	63.05	61.38	63.02	62.38	63.45	64.33	63.92	62.39	63.65	63.12	1.86149348739	50
24670	24670	81862	81862	62.42	63.60	63.02	61.35	63.02	62.25	63.42	64.28	63.88	62.40	63.63	63.05	1.86148942272	50
24720	24720	81812	81812	62.35	63.55	63.00	61.30	62.95	62.20	63.45	64.28	63.83	62.37	63.59	63.01	1.86096552165	50
24770	24770	81762	81762	62.17	63.48	62.95	61.40	62.92	62.23	63.42	64.20	63.85	62.33	63.53	63.01	1.86140875917	50
24820	24820	81712	81712	62.08	63.35	62.90	61.30	62.83	62.05	63.35	64.15	63.88	62.24	63.44	62.94	1.8619139332	50
24870	24870	81662	81662	62.15	63.33	62.85	61.20	62.70	62.08	63.38	64.10	63.88	62.24	63.38	62.93	1.86248247187	50
24920	24920	81612	81612	62.15	63.33	62.80	61.20	62.70	62.05	63.35	64.03	63.75	62.23	63.35	62.87	1.86180475892	50
24970	24970	81562	81562	62.05	63.35	62.65	61.12	62.67	61.92	63.17	64.00	63.65	62.12	63.34	62.74	1.86224269038	50
25020	25020	81512	81512	61.98	63.35	62.60	61.10	62.65	61.80	63.20	64.00	63.58	62.09	63.33	62.66	1.86166106941	50
25070	25070	81462	81462	62.10	63.35	62.65	61.15	62.60	61.83	63.05	63.95	63.55	62.10	63.30	62.67	1.86134131204	50
25120	25120	81412	81412	62.05	63.30	62.70	61.02	62.58	61.75	62.95	63.92	63.60	62.01	63.27	62.68	1.86140274344	50
25170	25170	81362	81362	62.02	63.30	62.62	61.00	62.58	61.75	62.98	63.88	63.55	62.00	63.25	62.64	1.86213134135	50
25220	25220	81312	81312	62.08	63.23	62.50	61.00	62.50	61.77	62.85	63.80	63.45	61.98	63.17	62.58	1.86307994509	50
25270	25270	81262	81262	61.98	63.20	62.48	60.92	62.58	61.73	62.77	63.75	63.38	61.89	63.17	62.52	1.86319396521	50
25320	25320	81212	81212	61.90	63.12	62.42	60.85	62.45	61.67	62.60	63.67	63.27	61.78	63.08	62.46	1.86337243693	50
25370	25370	81162	81162	61.80	63.10	62.42	60.88	62.48	61.62	62.60	63.65	63.23	61.76	63.08	62.42	1.86303362867	50
25420	25420	81112	81112	61.77	62.98	62.25	60.90	62.38	61.55	62.55	63.77	63.12	61.74	63.04	62.31	1.86337271211	50
25470	25470	81062	81062	61.73	62.95	62.15	60.83	62.30	61.50	62.58	63.70	63.15	61.71	62.98	62.27	1.86370517882	50
25520	25520	81012	81012	61.73	62.95	62.12	60.83	62.20	61.48	62.58	63.60	63.02	61.71	62.92	62.21	1.86359365388	50
25570	25570	80962	80962	61.67	62.90	62.05	60.73	62.12	61.50	62.48	63.65	63.02	61.62	62.89	62.19	1.86324460397	50
25620	25620	80912	80912	61.67	62.85	62.00	60.65	62.12	61.48	62.42	63.50	62.95	61.58	62.83	62.14	1.8630313383	50
25670	25670	80862	80862	61.70	62.80	61.95	60.60	62.15	61.45	62.30	63.58	62.88	61.53	62.84	62.09	1.863699384	50
25720	25720	80812	80812	61.58	62.62	62.00	60.58	62.08	61.48	62.30	63.48	62.90	61.48	62.73	62.12	1.86284426572	50
25770	25770	80762	80762	61.55	62.62	61.98	60.62	62.05	61.42	62.20	63.45	62.75	61.46	62.71	62.05	1.86298155668	50
25820	25820	80712	80712	61.45	62.62	61.95	60.55	62.08	61.35	62.23	63.55	62.77	61.41	62.75	62.02	1.86244918447	50
25870	25870	80662	80662	61.52	62.55	61.98	60.60	62.05	61.42	62.15	63.52	62.75	61.42	62.71	62.05	1.86284371953	50
25920	25920	80612	80612	61.50	62.45	61.92	60.62	61.95	61.38	62.05	63.38	62.73	61.39	62.59	62.01	1.86335193999	50
25970	25970	80562	80562	61.45	62.27	61.77	60.60	61.92	61.38	62.00	63.20	62.73	61.35	62.47	61.96	1.86301180392	50
26020	26020	80512	80512	61.42	62.38	61.65	60.58	61.90	61.35	61.98	63.10	62.65	61.33	62.46	61.88	1.86238934267	50
26070	26070	80462	80462	61.35	62.30	61.62	60.58	61.77	61.25	61.98	63.02	62.60	61.30	62.37	61.83	1.86226941466	50
26120	26120	80412	80412	61.35	62.25	61.73	60.52	61.77	61.15	61.88	63.00	62.60	61.25	62.34	61.83	1.86288154623	50
26170	26170	80362	80362	61.33	62.27	61.60	60.50	61.73	61.08	61.88	63.05	62.50	61.23	62.35	61.73	1.86230903012	50
26220	26220	80312	80312	61.23	62.20	61.52	60.48	61.85	61.08	61.88	62.92	62.45	61.19	62.33	61.68	1.86216399467	50
26270	26270	80262	80262	61.17	62.12	61.45	60.45	61.85	61.00	61.83	62.90	62.25	61.15	62.29	61.57	1.86345412598	50
26320	26320	80212	80212	61.15	61.98	61.35	60.38	61.67	60.92	61.83	62.90	62.17	61.12	62.18	61.48	1.86398445904	50
26370	26370	80162	80162	61.12	61.92	61.25	60.40	61.50	60.90	61.62	62.65	62.08	61.05	62.02	61.41	1.86474172206	50
26420	26420	80112	80112	60.95	61.90	61.12	60.33	61.42	60.83	61.60	62.73	62.02	60.96	62.02	61.33	1.86479557837	50
26470	26470	80062	80062	60.95	61.85	61.08	60.35	61.33	60.85	61.67	62.75	61.98	60.99	61.98	61.30	1.86445039578	50
26520	26520	80012	80012	60.92	61.83	61.10	60.35	61.33	60.85	61.60	62.62	61.95	60.96	61.92	61.30	1.86410682123	50
26570	26570	79962	79962	60.85	61.77	61.05	60.25	61.30	60.70	61.55	62.58	61.90	60.88	61.88	61.22	1.86478270645	50
26620	26620	79912	79912	60.83	61.80	61.12	60.27	61.30	60.75	61.55	62.60	61.88	60.88	61.90	61.25	1.86572961655	50
26670	26670	79862	79862	60.85	61.75	61.02	60.30	61.33	60.70	61.58	62.55	61.83	60.91	61.88	61.18	1.86617640207	50
26720	26720	79812	79812	60.77	61.70	61.00	60.25	61.27	60.75	61.58	62.50	61.75	60.87	61.83	61.17	1.86549894791	50
26770	26770	79762	79762	60.80	61.62	61.02	60.17	61.30	60.67	61.55	62.40	61.83	60.84	61.77	61.17	1.8657135668	50
26820	26820	79712	79712	60.77	61.60	60.80	60.05	61.30	60.60	61.58	62.45	61.80	60.80	61.78	61.07	1.86591897175	50
26870	26870	79662	79662	60.80	61.67	60.75	59.95	61.27	60.55	61.50	62.33	61.77	60.75	61.76	61.02	1.8659416805	50
26920	26920	79612	79612	60.73	61.65	60.62	59.98	61.30	60.58	61.58	62.30	61.70	60.76	61.75	60.97	1.86741649317	50
26970	26970	79562	79562	60.77	61.58	60.65	59.80	61.33	60.55	61.58	62.30	61.73	60.72	61.73	60.98	1.86633876574	50
27020	27020	79512	79512	60.77	61.60	60.55	59.77	61.27	60.40	61.48	62.33	61.67	60.67	61.73	60.88	1.86596370673	50
27070	27070	79462	79462	60.75	61.55	60.55	59.65	61.23	60.30	61.42	62.20	61.65	60.61	61.66	60.83	1.86606078331	50
27120	27120	79412	79412	60.70	61.52	60.52	59.60	61.25	60.30	61.42	62.20	61.52	60.58	61.66	60.78	1.86685673093	50
27170	27170	79362	79362	60.67	61.50	60.48	59.58	61.17	60.27	61.35	62.15	61.55	60.53	61.61	60.77	1.86692437143	50
27220	27220	79312	79312	60.58	61.52	60.42	59.55	61.17	60.23	61.33	62.10	61.50	60.48	61.60	60.72	1.86731041523	50
27270	27270	79262	79262	60.50	61.48	60.40	59.52	61.20	60.10	61.17	62.10	61.45	60.40	61.59	60.65	1.86747963512	50
27320	27320	79212	79212	60.42	61.48	60.38	59.45	61.23	60.12	61.17	62.08	61.50	60.35	61.59	60.67	1.86842919579	50
27370	27370	79162	79162	60.48	61.45	60.35	59.40	61.15	60.08	61.12	62.10	61.45	60.33	61.57	60.62	1.86776573912	50
27420	27420	79112	79112	60.45	61.40	60.33	59.40	61.17	60.12	61.02	62.00	61.45	60.29	61.52	60.63	1.86858405532	50
27470	27470	79062	79062	60.42	61.38	60.30	59.42	61.12	60.10	61.02	62.00	61.38	60.29	61.50	60.59	1.86899809547	50
27520	27520	79012	79012	60.42	61.33	60.20	59.35	61.02	60.12	60.95	61.95	61.45	60.24	61.43	60.59	1.86896744759	50
27570	27570	78962	78962	60.50	61.30	60.15	59.33	60.98	60.10	60.98	61.92	61.40	60.27	61.40	60.55	1.8698978403	50
27620	27620	78912	78912	60.40	61.23	60.10	59.33	60.98	60.02	60.90	61.90	61.30	60.21	61.37	60.48	1.87025222061	50
27670	27670	78862	78862	60.40	61.23	60.05	59.20	60.92	60.02	60.88	61.85	61.25	60.16	61.33	60.44	1.86920435733	50
27720	27720	78812	78812	60.38	61.17	60.00	59.30	60.95	60.00	60.83	61.90	61.25	60.17	61.34	60.42	1.86927914646	50
27770	27770	78762	78762	60.33	61.15	59.98	59.20	60.90	59.92	60.83	61.80	61.23	60.12	61.28	60.38	1.86958667807	50
27820	27820	78712	78712	60.25	61.10	59.98	59.23	60.88	59.98	60.83	61.80	61.23	60.10	61.26	60.39	1.86898224611	50
27870	27870	78662	78662	60.20	61.17	59.95	59.20	60.88	59.98	60.65	61.77	61.23	60.02	61.27	60.38	1.86965238863	50
27920	27920	78612	78612	60.05	61.10	59.95	59.17	60.90	59.88	60.65	61.83	61.17	59.96	61.27	60.33	1.87011161995	50
27970	27970	78562	78562	60.00	61.02	59.92	59.23	60.85	59.83	60.60	61.77	61.17	59.94	61.22	60.31	1.87052047779	50
28020	28020	78512	78512	60.00	61.10	59.88	59.12	60.88	59.77	60.60	61.73	61.02	59.91	61.23	60.23	1.87104616375	50
28070	28070	78462	78462	59.90	61.08	59.90	59.10	60.75	59.75	60.50	61.55	60.95	59.83	61.12	60.20	1.87146303269	50
28120	28120	78412	78412	59.88	61.05	59.83	59.15	60.73	59.65	60.48	61.55	60.92	59.83	61.11	60.13	1.87056288435	50
28170	28170	78362	78362	59.83	61.00	59.75	59.08	60.75	59.62	60.50	61.50	60.80	59.80	61.08	60.06	1.87149370274	50
28220	28220	78312	78312	59.77	61.00	59.75	59.05	60.80	59.58	60.45	61.45	60.73	59.76	61.08	60.02	1.87207994359	50
28270	28270	78262	78262	59.75	61.00	59.75	59.05	60.73	59.55	60.30	61.45	60.70	59.70	61.06	60.00	1.87124892345	50
28320	28320	78212	78212	59.70	60.92	59.65	58.95	60.75	59.48	60.33	61.40	60.65	59.66	61.02	59.92	1.87210335538	50
28370	28370	78162	78162	59.75	60.80	59.62	58.98	60.75	59.50	60.25	61.40	60.65	59.66	60.98	59.92	1.87173495698	50
28420	28420	78112	78112	59.65	60.88	59.58	59.00	60.77	59.50	60.20	61.42	60.67	59.62	61.02	59.92	1.87182131709	50
28470	28470	78062	78062	59.58	60.80	59.50	59.02	60.73	59.40	60.12	61.42	60.60	59.58	60.98	59.83	1.87220329471	50
28520	28520	78012	78012	59.52	60.80	59.48	59.00	60.67	59.38	60.15	61.40	60.48	59.56	60.96	59.77	1.87213190093	50
28570	28570	77962	77962	59.52	60.77	59.45	58.90	60.67	59.40	60.08	61.40	60.52	59.50	60.95	59.79	1.87129538341	50
28620	28620	77912	77912	59.55	60.88	59.50	58.92	60.60	59.38	60.05	61.40	60.48	59.51	60.96	59.78	1.87147994837	50
28670	28670	77862	77862	59.52	60.88	59.48	58.88	60.52	59.35	59.98	61.35	60.45	59.46	60.92	59.76	1.87213050551	50
28720	28720	77812	77812	59.48	60.83	59.48	58.85	60.50	59.38	59.88	61.35	60.38	59.40	60.89	59.74	1.87165088341	50
28770	28770	77762	77762	59.50	60.77	59.48	58.88	60.55	59.38	59.80	61.35	60.25	59.39	60.89	59.70	1.8721650817	50
28820	28820	77712	77712	59.42	60.85	59.50	58.88	60.50	59.45	59.80	61.40	60.25	59.37	60.92	59.73	1.87279385314	50
28870	28870	77662	77662	59.38	60.77	59.48	58.88	60.42	59.40	59.83	61.38	60.20	59.36	60.86	59.69	1.87198388896	50
28920	28920	77612	77612	59.40	60.77	59.48	58.88	60.27	59.33	59.85	61.33	60.17	59.38	60.79	59.66	1.87246970925	50
28970	28970	77562	77562	59.35	60.65	59.35	58.85	60.17	59.15	59.75	61.30	60.10	59.32	60.71	59.53	1.8724762178	50
29020	29020	77512	77512	59.35	60.73	59.38	58.80	60.10	59.15	59.80	61.25	60.05	59.32	60.69	59.52	1.8725685574	50
29070	29070	77462	77462	59.42	60.70	59.25	58.77	60.10	59.05	59.77	61.20	60.05	59.33	60.67	59.45	1.87190476948	50
29120	29120	77412	77412	59.42	60.75	59.25	58.77	60.17	59.12	59.77	61.12	60.10	59.33	60.68	59.49	1.87182883252	50
29170	29170	77362	77362	59.40	60.65	59.25	58.75	60.10	59.12	59.77	61.23	60.08	59.31	60.66	59.48	1.8722547934	50
29220	29220	77312	77312	59.30	60.65	59.20	58.73	60.05	59.08	59.70	61.15	60.08	59.24	60.62	59.45	1.87248403563	50
29270	29270	77262	77262	59.25	60.60	59.25	58.73	60.00	59.08	59.75	61.08	60.05	59.24	60.56	59.46	1.87263481787	50
29320	29320	77212	77212	59.27	60.67	59.20	58.65	59.95	59.05	59.75	61.10	60.00	59.23	60.58	59.42	1.87300609711	50
29370	29370	77162	77162	59.17	60.62	59.17	58.67	59.90	59.00	59.73	61.12	59.95	59.19	60.55	59.38	1.87275494799	50
29420	29420	77112	77112	59.12	60.50	59.15	58.60	59.95	58.95	59.70	61.10	59.88	59.14	60.52	59.33	1.87336328006	50
29470	29470	77062	77062	59.15	60.50	59.10	58.58	59.90	58.88	59.73	61.12	59.83	59.15	60.51	59.27	1.87341544797	50
29520	29520	77012	77012	59.12	60.50	59.10	58.52	59.85	58.83	59.73	61.12	59.70	59.12	60.49	59.21	1.87422612569	50
29570	29570	76962	76962	59.12	60.55	59.10	58.50	59.77	58.75	59.70	61.10	59.73	59.11	60.48	59.19	1.87435122348	50
29620	29620	76912	76912	59.08	60.52	59.08	58.48	59.75	58.77	59.62	61.00	59.67	59.06	60.42	59.17	1.87520493978	50
29670	29670	76862	76862	59.08	60.48	59.02	58.40	59.73	58.75	59.58	60.90	59.75	59.02	60.37	59.17	1.87550954812	50
29720	29720	76812	76812	59.00	60.50	58.98	58.30	59.75	58.75	59.40	60.90	59.62	58.90	60.38	59.12	1.8762693519	50
29770	29770	76762	76762	58.98	60.50	58.85	58.20	59.80	58.70	59.38	60.85	59.55	58.85	60.38	59.03	1.87619844814	50
29820	29820	76712	76712	58.95	60.48	58.90	58.23	59.65	58.73	59.38	60.90	59.45	58.85	60.34	59.02	1.87657885677	50
29870	29870	76662	76662	58.92	60.40	58.88	58.23	59.60	58.73	59.35	60.77	59.42	58.83	60.26	59.01	1.87768958832	50
29920	29920	76612	76612	58.92	60.30	58.77	58.17	59.58	58.70	59.38	60.73	59.40	58.83	60.20	58.96	1.87707656012	50
29970	29970	76562	76562	58.88	60.35	58.80	58.12	59.52	58.67	59.33	60.73	59.35	58.77	60.20	58.94	1.8771101981	50
30020	30020	76512	76512	58.90	60.23	58.83	58.05	59.55	58.67	59.27	60.65	59.30	58.74	60.14	58.93	1.87628212445	50
30070	30070	76462	76462	58.88	60.12	58.80	58.08	59.52	58.65	59.23	60.70	59.27	58.73	60.12	58.91	1.87669226668	50
30120	30120	76412	76412	58.88	60.05	58.80	58.08	59.52	58.67	59.27	60.67	59.23	58.74	60.08	58.90	1.87682511335	50
30170	30170	76362	76362	58.88	60.08	58.77	58.05	59.50	58.58	59.27	60.65	59.25	58.73	60.08	58.87	1.87778051811	50
30220	30220	76312	76312	58.85	60.08	58.75	58.10	59.50	58.58	59.17	60.65	59.25	58.71	60.08	58.86	1.87817996242	50
30270	30270	76262	76262	58.83	60.02	58.77	58.02	59.48	58.52	59.12	60.65	59.17	58.66	60.05	58.83	1.87918426645	50
30320	30320	76212	76212	58.80	60.00	58.73	58.05	59.48	58.50	59.15	60.60	59.23	58.67	60.02	58.82	1.87960766508	50
30370	30370	76162	76162	58.77	59.95	58.73	58.02	59.48	58.50	59.12	60.65	59.15	58.64	60.02	58.79	1.88018440902	50
30420	30420	76112	76112	58.73	59.92	58.70	58.00	59.40	58.45	59.10	60.65	59.15	58.61	59.99	58.77	1.88116225955	50
30470	30470	76062	76062	58.70	59.85	58.65	58.05	59.40	58.40	59.05	60.52	59.08	58.60	59.92	58.71	1.88070946311	50
30520	30520	76012	76012	58.77	59.77	58.62	58.02	59.35	58.40	59.00	60.52	59.10	58.60	59.88	58.71	1.88084004278	50
30570	30570	75962	75962	58.77	59.83	58.60	57.98	59.38	58.35	58.95	60.50	59.10	58.57	59.90	58.68	1.88074678845	50
30620	30620	75912	75912	58.70	59.83	58.52	57.92	59.35	58.38	58.92	60.55	59.10	58.52	59.91	58.67	1.88099108133	50
30670	30670	75862	75862	58.70	59.77	58.52	57.95	59.38	58.27	58.92	60.52	59.05	58.52	59.89	58.62	1.88116029903	50
30720	30720	75812	75812	58.62	59.75	58.45	57.92	59.30	58.27	58.88	60.48	59.05	58.48	59.84	58.59	1.88157449301	50
30770	30770	75762	75762	58.52	59.77	58.42	57.88	59.30	58.23	58.88	60.50	59.02	58.42	59.86	58.56	1.88144378762	50
30820	30820	75712	75712	58.52	59.77	58.45	57.88	59.35	58.23	58.92	60.42	59.02	58.44	59.85	58.57	1.88222884645	50
30870	30870	75662	75662	58.48	59.75	58.45	57.88	59.27	58.20	58.83	60.40	58.98	58.39	59.81	58.54	1.88316806407	50
30920	30920	75612	75612	58.45	59.73	58.42	57.80	59.30	58.15	58.77	60.35	58.95	58.34	59.79	58.51	1.88357903138	50
30970	30970	75562	75562	58.42	59.73	58.40	57.77	59.27	58.10	58.73	60.38	59.00	58.31	59.79	58.50	1.88382500885	50
31020	31020	75512	75512	58.35	59.67	58.42	57.80	59.23	58.10	58.75	60.35	58.95	58.30	59.75	58.49	1.88383235437	50
31070	31070	75462	75462	58.27	59.65	58.38	57.67	59.20	58.10	58.77	60.35	58.95	58.24	59.73	58.48	1.88389248957	50
31120	31120	75412	75412	58.33	59.60	58.35	57.60	59.17	58.02	58.73	60.25	58.90	58.22	59.67	58.42	1.88370278573	50
31170	31170	75362	75362	58.27	59.58	58.30	57.50	59.15	58.05	58.60	60.25	58.85	58.12	59.66	58.40	1.88399376378	50
31220	31220	75312	75312	58.27	59.58	58.27	57.50	59.20	57.98	58.58	60.17	58.83	58.12	59.65	58.36	1.88459549322	50
31270	31270	75262	75262	58.30	59.52	58.25	57.55	59.17	57.95	58.52	60.12	58.83	58.12	59.61	58.34	1.88587498058	50
31320	31320	75212	75212	58.25	59.48	58.23	57.52	59.17	57.98	58.60	60.15	58.75	58.12	59.60	58.32	1.88562163132	50
31370	31370	75162	75162	58.23	59.50	58.23	57.55	59.05	57.92	58.60	60.12	58.73	58.12	59.56	58.29	1.88641757382	50
31420	31420	75112	75112	58.23	59.50	58.20	57.55	59.02	57.95	58.55	60.12	58.70	58.11	59.55	58.28	1.88684806526	50
31470	31470	75062	75062	58.25	59.50	58.20	57.55	59.02	57.95	58.58	60.12	58.62	58.12	59.55	58.26	1.88867401458	50
31520	31520	75012	75012	58.23	59.52	58.20	57.60	59.00	57.90	58.48	60.12	58.60	58.10	59.55	58.23	1.88909520075	50
31570	31570	74962	74962	58.27	59.45	58.20	57.52	59.00	57.95	58.42	60.10	58.58	58.08	59.52	58.24	1.88872425942	50
31620	31620	74912	74912	58.12	59.42	58.20	57.50	59.00	57.92	58.35	60.12	58.60	57.99	59.52	58.24	1.88864061961	50
31670	31670	74862	74862	58.12	59.52	58.17	57.45	58.98	57.92	58.33	60.10	58.58	57.97	59.53	58.23	1.88920384109	50
31720	31720	74812	74812	58.08	59.50	58.15	57.40	58.95	57.83	58.33	60.15	58.58	57.93	59.53	58.18	1.88914456917	50
31770	31770	74762	74762	58.02	59.50	58.12	57.48	58.92	57.85	58.33	60.12	58.50	57.94	59.52	58.16	1.88985755772	50
31820	31820	74712	74712	58.00	59.50	58.12	57.48	58.95	57.85	58.25	60.08	58.45	57.91	59.51	58.14	1.88998124284	50
31870	31870	74662	74662	57.92	59.50	58.12	57.33	58.98	57.85	58.25	60.12	58.42	57.83	59.53	58.13	1.89057578448	50
31920	31920	74612	74612	58.02	59.48	58.10	57.38	58.98	57.80	58.15	60.12	58.40	57.85	59.52	58.10	1.891689397	50
31970	31970	74562	74562	58.02	59.45	58.05	57.33	58.88	57.77	58.17	60.15	58.42	57.84	59.49	58.08	1.89117623191	50
32020	32020	74512	74512	57.98	59.35	58.02	57.27	58.95	57.77	58.08	60.15	58.38	57.77	59.48	58.06	1.8915372198	50
32070	32070	74462	74462	57.98	59.33	58.02	57.27	58.88	57.80	58.02	60.17	58.35	57.76	59.46	58.06	1.89177335981	50
32120	32120	74412	74412	57.98	59.40	57.98	57.17	58.88	57.75	58.05	60.15	58.35	57.73	59.48	58.02	1.89230959975	50
32170	32170	74362	74362	57.92	59.42	57.98	57.10	58.88	57.73	58.02	60.10	58.35	57.68	59.47	58.02	1.89240706932	50
32220	32220	74312	74312	57.92	59.38	57.98	57.15	58.83	57.70	58.08	60.10	58.33	57.72	59.43	58.00	1.89276521262	50
32270	32270	74262	74262	57.90	59.30	57.98	57.10	58.80	57.70	58.10	60.08	58.30	57.70	59.39	57.99	1.89277191428	50
32320	32320	74212	74212	57.92	59.25	57.98	57.05	58.77	57.62	58.08	60.15	58.27	57.68	59.39	57.96	1.89337382333	50
32370	32370	74162	74162	57.85	59.27	57.95	57.08	58.77	57.62	58.00	60.08	58.25	57.64	59.38	57.94	1.89382219068	50
32420	32420	74112	74112	57.85	59.20	57.95	57.05	58.80	57.62	58.00	60.05	58.25	57.63	59.35	57.94	1.89403898523	50
32470	32470	74062	74062	57.85	59.17	57.98	57.00	58.75	57.62	58.02	60.00	58.20	57.62	59.31	57.93	1.89514196934	50
32520	32520	74012	74012	57.83	59.17	57.92	56.98	58.80	57.55	58.08	60.00	58.20	57.62	59.33	57.89	1.89497025871	50
32570	32570	73962	73962	57.83	59.20	57.92	56.90	58.83	57.55	58.08	59.95	58.17	57.60	59.33	57.88	1.89513814705	50
32620	32620	73912	73912	57.85	59.15	57.92	56.90	58.75	57.52	57.95	59.95	58.15	57.57	59.28	57.87	1.89585277419	50
32670	32670	73862	73862	57.85	59.17	57.90	56.92	58.65	57.50	57.92	59.85	58.17	57.57	59.23	57.86	1.89653899822	50
32720	32720	73812	73812	57.85	59.17	57.85	56.85	58.75	57.48	57.83	59.85	58.12	57.51	59.26	57.82	1.89697955804	50
32770	32770	73762	73762	57.75	59.25	57.85	56.85	58.77	57.48	57.75	59.85	58.08	57.45	59.29	57.80	1.8977994912	50
32820	32820	73712	73712	57.73	59.25	57.85	56.83	58.70	57.48	57.85	59.90	58.08	57.47	59.28	57.80	1.89803138549	50
32870	32870	73662	73662	57.73	59.23	57.83	56.77	58.65	57.42	57.77	59.88	58.10	57.42	59.25	57.78	1.89913042956	50
32920	32920	73612	73612	57.73	59.20	57.85	56.80	58.65	57.40	57.77	59.88	58.05	57.43	59.24	57.77	1.89905019353	50
32970	32970	73562	73562	57.67	59.20	57.77	56.73	58.62	57.42	57.70	59.88	58.08	57.37	59.23	57.76	1.89976266301	50
33020	33020	73512	73512	57.65	59.17	57.77	56.75	58.58	57.40	57.70	59.90	58.08	57.37	59.22	57.75	1.89961165624	50
33070	33070	73462	73462	57.60	59.12	57.80	56.80	58.60	57.38	57.65	59.88	58.05	57.35	59.20	57.74	1.89967815707	50
33120	33120	73412	73412	57.55	59.17	57.77	56.77	58.55	57.38	57.62	59.85	58.02	57.32	59.19	57.73	1.90064187728	50
33170	33170	73362	73362	57.52	59.12	57.80	56.75	58.58	57.33	57.62	59.80	58.02	57.30	59.17	57.72	1.90098549623	50
33220	33220	73312	73312	57.48	59.10	57.77	56.77	58.55	57.35	57.60	59.80	58.00	57.28	59.15	57.71	1.90105340128	50
33270	33270	73262	73262	57.48	59.15	57.77	56.80	58.55	57.30	57.55	59.77	58.02	57.27	59.16	57.70	1.90118024231	50
33320	33320	73212	73212	57.50	59.02	57.77	56.77	58.48	57.33	57.50	59.85	58.02	57.26	59.12	57.71	1.90104902253	50
33370	33370	73162	73162	57.52	58.95	57.75	56.75	58.48	57.33	57.52	59.85	58.00	57.27	59.09	57.69	1.90086054492	50
33420	33420	73112	73112	57.48	58.95	57.75	56.77	58.48	57.38	57.48	59.85	57.98	57.24	59.09	57.70	1.90159624168	50
33470	33470	73062	73062	57.48	59.00	57.77	56.77	58.48	57.27	57.42	59.85	57.98	57.23	59.11	57.67	1.9017106442	50
33520	33520	73012	73012	57.45	58.90	57.75	56.75	58.50	57.25	57.42	59.83	57.95	57.21	59.08	57.65	1.90170015485	50
33570	33570	72962	72962	57.42	58.88	57.75	56.75	58.42	57.25	57.40	59.83	57.95	57.19	59.04	57.65	1.90224485452	50
33620	33620	72912	72912	57.42	58.88	57.75	56.73	58.45	57.25	57.40	59.83	57.92	57.18	59.05	57.64	1.90267959095	50
33670	33670	72862	72862	57.42	58.88	57.75	56.73	58.42	57.30	57.38	59.77	57.85	57.17	59.02	57.63	1.90261085146	50
33720	33720	72812	72812	57.42	58.88	57.75	56.73	58.40	57.23	57.40	59.75	57.85	57.18	59.01	57.61	1.90261197007	50
33770	33770	72762	72762	57.42	58.85	57.75	56.67	58.40	57.25	57.40	59.73	57.83	57.17	58.99	57.61	1.90260928695	50
33820	33820	72712	72712	57.45	58.83	57.75	56.70	58.40	57.27	57.38	59.80	57.77	57.17	59.01	57.60	1.90327262829	50
33870	33870	72662	72662	57.45	58.88	57.75	56.65	58.38	57.25	57.33	59.80	57.80	57.14	59.02	57.60	1.90385564295	50
33920	33920	72612	72612	57.48	58.83	57.75	56.65	58.42	57.25	57.38	59.80	57.80	57.17	59.02	57.60	1.90412295007	50
33970	33970	72562	72562	57.40	58.85	57.73	56.62	58.42	57.20	57.33	59.75	57.77	57.12	59.01	57.57	1.90428586324	50
34020	34020	72512	72512	57.38	58.80	57.73	56.62	58.48	57.10	57.30	59.75	57.77	57.10	59.01	57.53	1.90494839053	50
34070	34070	72462	72462	57.35	58.85	57.70	56.62	58.45	57.12	57.33	59.75	57.77	57.10	59.02	57.53	1.90471513947	50
34120	34120	72412	72412	57.38	58.85	57.73	56.60	58.42	57.10	57.30	59.65	57.75	57.09	58.98	57.52	1.90475341328	50
34170	34170	72362	72362	57.40	58.90	57.70	56.55	58.42	57.10	57.27	59.67	57.75	57.08	59.00	57.52	1.90476773521	50
34220	34220	72312	72312	57.30	58.83	57.67	56.55	58.40	57.05	57.25	59.62	57.73	57.03	58.95	57.48	1.90501054425	50
34270	34270	72262	72262	57.30	58.85	57.67	56.52	58.35	57.05	57.23	59.62	57.70	57.02	58.94	57.48	1.90500997231	50
34320	34320	72212	72212	57.27	58.85	57.62	56.55	58.33	57.10	57.20	59.67	57.70	57.01	58.95	57.48	1.90528477499	50
34370	34370	72162	72162	57.27	58.83	57.60	56.55	58.35	57.12	57.17	59.70	57.70	57.00	58.96	57.48	1.90605244616	50
34420	34420	72112	72112	57.23	58.85	57.58	56.52	58.38	57.08	57.20	59.65	57.65	56.98	58.96	57.43	1.90615818534	50
34470	34470	72062	72062	57.25	58.80	57.58	56.50	58.30	57.10	57.08	59.62	57.67	56.94	58.91	57.45	1.90594076747	50
34520	34520	72012	72012	57.23	58.80	57.58	56.42	58.30	57.08	57.02	59.65	57.67	56.89	58.92	57.44	1.90685234155	50
34570	34570	71962	71962	57.17	58.80	57.58	56.42	58.33	57.12	57.05	59.65	57.67	56.88	58.92	57.46	1.9069176111	50
34620	34620	71912	71912	57.20	58.85	57.58	56.45	58.35	57.08	57.05	59.65	57.65	56.90	58.95	57.43	1.90721462477	50
34670	34670	71862	71862	57.10	58.77	57.58	56.38	58.33	57.02	57.10	59.65	57.65	56.86	58.92	57.42	1.90713685069	50
34720	34720	71812	71812	57.10	58.75	57.60	56.40	58.33	57.02	57.05	59.65	57.65	56.85	58.91	57.42	1.90696354871	50
34770	34770	71762	71762	57.08	58.70	57.60	56.45	58.27	57.05	57.05	59.62	57.65	56.86	58.87	57.43	1.90675582982	50
34820	34820	71712	71712	57.08	58.73	57.58	56.42	58.27	57.05	57.00	59.60	57.62	56.83	58.87	57.42	1.90770124197	50
34870	34870	71662	71662	57.05	58.62	57.58	56.45	58.33	57.05	56.98	59.60	57.60	56.83	58.85	57.41	1.90807449574	50
34920	34920	71612	71612	57.00	58.73	57.58	56.45	58.25	57.02	57.00	59.62	57.50	56.82	58.87	57.37	1.90833155021	50
34970	34970	71562	71562	57.05	58.65	57.55	56.35	58.25	57.00	56.88	59.65	57.50	56.76	58.85	57.35	1.9079364715	50
35020	35020	71512	71512	57.00	58.58	57.55	56.38	58.20	56.98	56.90	59.55	57.50	56.76	58.77	57.34	1.90785728071	50
35070	35070	71462	71462	57.00	58.60	57.58	56.40	58.20	56.92	56.90	59.55	57.50	56.77	58.78	57.33	1.90797088469	50
35120	35120	71412	71412	57.00	58.62	57.50	56.40	58.12	56.88	56.90	59.52	57.48	56.77	58.76	57.28	1.908460209	50
35170	35170	71362	71362	57.00	58.60	57.48	56.33	58.12	56.83	56.88	59.52	57.45	56.73	58.75	57.25	1.90840990683	50
35220	35220	71312	71312	56.98	58.55	57.48	56.25	58.12	56.83	56.83	59.50	57.42	56.68	58.73	57.24	1.90841867637	50
35270	35270	71262	71262	56.98	58.55	57.42	56.20	58.17	56.83	56.83	59.45	57.45	56.67	58.73	57.23	1.90846248796	50
35320	35320	71212	71212	57.00	58.60	57.45	56.23	58.12	56.85	56.77	59.42	57.48	56.67	58.72	57.26	1.90875213183	50
35370	35370	71162	71162	56.98	58.60	57.45	56.20	58.10	56.90	56.80	59.45	57.45	56.66	58.72	57.27	1.90895891876	50
35420	35420	71112	71112	57.00	58.58	57.42	56.17	58.12	56.90	56.80	59.38	57.42	56.66	58.69	57.25	1.90919848348	50
35470	35470	71062	71062	56.98	58.58	57.45	56.15	58.10	56.90	56.83	59.48	57.45	56.65	58.72	57.27	1.90905526372	50
35520	35520	71012	71012	56.92	58.58	57.45	56.12	58.10	56.90	56.80	59.50	57.48	56.62	58.73	57.27	1.90938273778	50
35570	35570	70962	70962	56.98	58.55	57.45	56.15	58.10	56.90	56.77	59.42	57.48	56.63	58.69	57.27	1.90950608915	50
35620	35620	70912	70912	56.98	58.55	57.35	56.15	58.12	56.90	56.75	59.42	57.48	56.62	58.70	57.24	1.9095431859	50
35670	35670	70862	70862	56.98	58.55	57.35	56.15	58.10	56.85	56.70	59.38	57.48	56.61	58.67	57.23	1.90961146257	50
35720	35720	70812	70812	56.92	58.55	57.30	56.12	58.02	56.88	56.67	59.35	57.48	56.58	58.64	57.22	1.90973693257	50
35770	35770	70762	70762	56.85	58.52	57.25	56.08	58.00	56.85	56.65	59.35	57.42	56.52	58.62	57.17	1.90961160611	50
35820	35820	70712	70712	56.77	58.52	57.25	56.08	58.00	56.85	56.65	59.33	57.40	56.50	58.62	57.17	1.90966316106	50
35870	35870	70662	70662	56.83	58.52	57.23	56.12	57.92	56.85	56.60	59.27	57.38	56.52	58.58	57.15	1.90917099969	50
35920	35920	70612	70612	56.83	58.50	57.23	56.08	57.92	56.85	56.60	59.25	57.40	56.50	58.56	57.16	1.90927497462	50
35970	35970	70562	70562	56.80	58.48	57.17	56.10	57.95	56.83	56.58	59.23	57.40	56.49	58.55	57.13	1.90958873173	50
36020	36020	70512	70512	56.80	58.45	57.20	56.05	57.95	56.83	56.58	59.20	57.40	56.48	58.53	57.14	1.91011340615	50
36070	36070	70462	70462	56.85	58.48	57.17	55.92	57.95	56.80	56.58	59.20	57.40	56.45	58.54	57.12	1.91033602943	50
36120	36120	70412	70412	56.80	58.50	57.17	55.90	57.92	56.80	56.58	59.20	57.38	56.42	58.54	57.12	1.91054282227	50
36170	36170	70362	70362	56.75	58.48	57.20	55.88	57.90	56.80	56.55	59.20	57.38	56.39	58.52	57.12	1.91018024417	50
36220	36220	70312	70312	56.77	58.48	57.15	55.88	57.88	56.80	56.52	59.23	57.35	56.39	58.52	57.10	1.91043810729	50
36270	36270	70262	70262	56.73	58.42	57.15	55.85	57.88	56.77	56.50	59.15	57.38	56.36	58.48	57.10	1.91049491712	50
36320	36320	70212	70212	56.75	58.45	57.15	55.83	57.85	56.75	56.50	59.20	57.33	56.36	58.50	57.08	1.91056638115	50
36370	36370	70162	70162	56.70	58.40	57.15	55.80	57.88	56.75	56.55	59.23	57.30	56.35	58.50	57.07	1.91079942644	50
36420	36420	70112	70112	56.73	58.45	57.25	55.80	57.88	56.75	56.55	59.25	57.33	56.36	58.52	57.11	1.91117889347	50
36470	36470	70062	70062	56.73	58.48	57.20	55.88	57.88	56.75	56.55	59.23	57.30	56.38	58.52	57.08	1.91098108465	50
36520	36520	70012	70012	56.65	58.45	57.20	55.77	57.90	56.73	56.55	59.20	57.27	56.33	58.52	57.07	1.91084192817	50
36570	36570	69962	69962	56.60	58.48	57.17	55.75	57.85	56.70	56.55	59.20	57.27	56.30	58.51	57.05	1.91096239779	50
36620	36620	69912	69912	56.62	58.48	57.17	55.75	57.90	56.70	56.52	59.20	57.25	56.30	58.52	57.04	1.91049895839	50
36670	36670	69862	69862	56.65	58.45	57.15	55.77	57.83	56.75	56.58	59.17	57.27	56.33	58.48	57.06	1.91089510831	50
36720	36720	69812	69812	56.65	58.45	57.12	55.73	57.77	56.67	56.60	59.20	57.25	56.33	58.48	57.02	1.9109717732	50
36770	36770	69762	69762	56.65	58.42	57.12	55.70	57.85	56.70	56.55	59.17	57.25	56.30	58.48	57.02	1.91081516859	50
36820	36820	69712	69712	56.65	58.35	57.12	55.67	57.77	56.67	56.52	59.15	57.25	56.28	58.42	57.02	1.91099933375	50
36870	36870	69662	69662	56.67	58.35	57.12	55.67	57.83	56.65	56.50	59.08	57.27	56.28	58.42	57.02	1.91123768362	50
36920	36920	69612	69612	56.67	58.33	57.12	55.67	57.80	56.65	56.48	59.08	57.25	56.27	58.40	57.01	1.91086924673	50
36970	36970	69562	69562	56.65	58.33	57.12	55.67	57.80	56.62	56.45	59.02	57.20	56.26	58.38	56.98	1.91111875692	50
37020	37020	69512	69512	56.65	58.30	57.10	55.62	57.80	56.60	56.52	59.02	57.23	56.27	58.38	56.98	1.91136040367	50
37070	37070	69462	69462	56.62	58.30	57.10	55.62	57.80	56.62	56.48	59.02	57.20	56.24	58.38	56.98	1.91148164286	50
37120	37120	69412	69412	56.65	58.30	57.10	55.65	57.75	56.55	56.48	59.05	57.15	56.26	58.37	56.93	1.91176612899	50
