12120	12120	94562	94562	75.05	77.75	79.85	74.55	77.65	79.25	75.28	78.53	79.88	74.96	77.97	79.66	1.71556730474
12120	12120	92562	92562	75.05	77.75	79.88	74.58	77.65	79.22	75.30	78.53	79.90	74.97	77.97	79.67	1.6759159315	200
12320	12320	92362	92362	76.00	77.00	78.95	75.12	76.65	78.50	76.47	77.83	80.05	75.87	77.16	79.17	1.8665924709	200
12520	12520	92162	92162	75.47	77.65	78.65	74.72	77.00	78.58	76.45	77.62	80.12	75.55	77.42	79.12	1.8540632252	200
12720	12720	91962	91962	75.55	76.58	78.33	74.33	76.25	77.80	76.58	77.42	79.58	75.48	76.75	78.57	1.85196794367	200
12920	12920	91762	91762	75.47	76.88	78.05	74.17	75.75	77.30	76.62	77.15	79.30	75.42	76.59	78.22	1.84775442695	200
13120	13120	91562	91562	75.08	76.58	77.97	73.92	75.50	76.72	76.70	76.95	78.97	75.23	76.34	77.89	1.84007413776	200
13320	13320	91362	91362	74.88	76.42	77.60	74.15	75.12	76.22	76.33	76.55	78.62	75.12	76.03	77.48	1.83586481978	200
13520	13520	91162	91162	74.75	76.38	77.22	73.67	75.00	75.67	76.12	76.08	78.42	74.85	75.82	77.11	1.83357491203	200
13720	13720	90962	90962	74.33	76.08	77.03	73.55	74.45	75.38	75.58	75.78	78.08	74.48	75.43	76.83	1.82911284016	200
13920	13920	90762	90762	74.15	76.03	76.70	73.28	74.42	75.00	74.97	75.78	77.83	74.13	75.41	76.51	1.82671415723	200
14120	14120	90562	90562	74.00	75.05	76.60	72.83	73.95	74.97	75.03	75.22	77.25	73.95	74.74	76.28	1.82926502944	200
14320	14320	90362	90362	73.58	74.65	75.97	72.62	73.47	74.65	74.78	74.97	76.92	73.66	74.37	75.85	1.82755684064	200
14520	14520	90162	90162	73.38	74.33	75.70	72.40	73.17	74.10	74.70	74.65	76.50	73.49	74.05	75.43	1.82463435832	200
14720	14720	89962	89962	73.53	74.12	75.42	71.92	72.62	73.70	74.47	74.12	76.38	73.31	73.62	75.17	1.82472874859	200
14920	14920	89762	89762	73.05	73.80	74.97	71.88	72.28	73.30	74.05	73.78	76.03	72.99	73.28	74.77	1.8207608493	200
15120	15120	89562	89562	72.65	73.62	74.55	71.65	71.90	72.80	73.72	73.88	75.92	72.67	73.13	74.42	1.81895049549	200
15320	15320	89362	89362	72.85	73.38	74.08	71.17	71.50	72.40	73.70	73.90	75.50	72.58	72.92	73.99	1.81999872806	200
15520	15520	89162	89162	72.22	72.95	73.72	70.95	71.15	72.50	73.47	73.53	75.17	72.22	72.54	73.80	1.81765518974	200
15720	15720	88962	88962	71.90	72.62	73.38	70.95	70.92	72.05	73.20	73.33	75.00	72.02	72.29	73.47	1.81700222243	200
15920	15920	88762	88762	71.62	72.30	73.20	70.53	70.65	71.75	72.88	73.10	74.83	71.67	72.02	73.26	1.81768146477	200
16120	16120	88562	88562	71.20	72.05	72.95	70.12	70.38	71.42	72.55	72.80	74.30	71.29	71.74	72.89	1.81524847199	200
16320	16320	88362	88362	70.70	71.70	72.53	69.90	70.00	71.05	72.25	72.33	73.85	70.95	71.34	72.47	1.81681472686	200
16520	16520	88162	88162	70.53	71.40	72.30	69.67	69.70	70.70	71.75	72.03	73.25	70.65	71.04	72.08	1.81665681483	200
16720	16720	87962	87962	70.45	71.05	71.80	69.47	69.47	70.50	71.47	71.97	73.08	70.47	70.83	71.79	1.8176184093	200
16920	16920	87762	87762	70.22	70.65	71.58	69.08	69.22	70.00	71.12	71.70	72.45	70.14	70.53	71.34	1.81802349046	200
17120	17120	87562	87562	69.50	70.45	71.33	68.70	68.92	69.17	70.45	71.30	72.10	69.55	70.22	70.87	1.82362159983	200
17320	17320	87362	87362	69.25	70.15	70.70	68.35	68.53	68.78	70.12	71.08	71.58	69.24	69.92	70.35	1.82581041239	200
17520	17520	87162	87162	69.22	69.70	70.30	68.20	68.08	68.47	69.58	70.72	70.90	69.00	69.50	69.89	1.82586752752	200
17720	17720	86962	86962	68.85	69.50	70.08	67.80	67.65	68.22	69.25	70.58	70.50	68.63	69.24	69.60	1.82645222831	200
17920	17920	86762	86762	68.60	69.47	69.53	67.12	67.50	67.90	68.75	70.25	70.22	68.16	69.08	69.22	1.82550740976	200
18120	18120	86562	86562	68.22	69.05	69.17	66.83	67.17	67.65	68.62	69.80	69.78	67.89	68.67	68.87	1.82469128656	200
18320	18320	86362	86362	67.85	68.90	69.00	66.65	67.00	67.22	68.28	69.78	69.42	67.59	68.56	68.55	1.82362157812	200
18520	18520	86162	86162	67.62	68.67	68.72	66.55	66.83	67.25	67.78	69.38	69.22	67.32	68.29	68.40	1.82599340909	200
18720	18720	85962	85962	67.33	68.35	68.40	66.25	66.80	66.83	67.38	69.20	68.67	66.98	68.12	67.97	1.82656578335	200
18920	18920	85762	85762	66.78	67.67	67.88	65.53	66.33	66.47	67.17	68.78	68.25	66.49	67.59	67.53	1.82829065644	200
19120	19120	85562	85562	66.38	67.62	67.50	65.38	66.15	66.08	66.92	68.60	67.97	66.22	67.46	67.18	1.82897884431	200
19320	19320	85362	85362	66.10	67.35	67.25	64.75	66.05	65.65	66.58	68.42	67.45	65.81	67.28	66.78	1.83080060775	200
19520	19520	85162	85162	65.88	67.15	66.97	64.70	65.80	65.20	66.30	68.03	67.03	65.62	66.99	66.40	1.83319805414	200
19720	19720	84962	84962	65.58	67.03	66.60	64.55	65.65	64.92	66.33	67.72	66.72	65.48	66.80	66.08	1.83490408505	200
19920	19920	84762	84762	65.45	66.75	66.10	64.22	65.42	64.78	65.92	67.53	66.38	65.20	66.57	65.75	1.83508023505	200
20120	20120	84562	84562	65.17	66.35	65.88	64.10	65.33	64.72	65.55	67.33	66.12	64.94	66.33	65.58	1.83592514065	200
20320	20320	84362	84362	64.88	66.00	65.42	63.98	65.10	64.28	65.55	67.08	65.80	64.80	66.06	65.17	1.83560579464	200
20520	20520	84162	84162	64.58	65.78	65.47	63.75	64.85	63.95	65.28	66.80	65.60	64.53	65.81	65.01	1.83680548734	200
20720	20720	83962	83962	64.33	65.62	65.10	63.67	64.47	63.70	65.00	66.22	65.38	64.33	65.44	64.72	1.83804385546	200
20920	20920	83762	83762	64.20	65.45	64.90	63.45	64.40	63.62	64.85	65.97	65.10	64.17	65.28	64.54	1.83826962454	200
21120	21120	83562	83562	63.77	65.22	64.67	63.27	64.22	63.42	64.47	65.97	64.95	63.84	65.14	64.35	1.83823223286	200
21320	21320	83362	83362	63.55	65.08	64.38	62.90	63.90	63.40	64.33	65.65	64.78	63.59	64.88	64.18	1.83923578296	200
21520	21520	83162	83162	63.45	64.90	63.98	62.52	63.70	63.20	64.08	65.58	64.72	63.35	64.72	63.97	1.84055976096	200
21720	21720	82962	82962	63.20	64.70	63.67	62.27	63.65	63.10	64.15	65.45	64.50	63.21	64.60	63.76	1.83954513702	200
21920	21920	82762	82762	63.05	64.50	63.48	62.27	63.45	62.90	63.92	65.05	64.30	63.08	64.33	63.56	1.84051642153	199
22119	22119	82563	82563	62.95	64.30	63.35	62.12	63.23	62.65	63.55	64.83	63.98	62.88	64.12	63.33	1.84108736599	200
22319	22319	82363	82363	62.85	64.05	63.00	61.90	63.08	62.58	63.42	64.55	63.90	62.73	63.89	63.16	1.8434274776	200
22519	22519	82163	82163	62.62	63.95	62.98	61.70	62.88	62.33	63.40	64.50	63.75	62.58	63.77	63.02	1.84486213241	200
22719	22719	81963	81963	62.38	63.77	62.83	61.58	62.67	62.15	63.25	64.42	63.48	62.40	63.62	62.82	1.84535329115	200
22919	22919	81763	81763	62.35	63.60	62.58	61.50	62.48	61.98	62.95	64.28	63.40	62.27	63.45	62.65	1.84720281057	200
23119	23119	81563	81563	62.02	63.75	62.40	61.40	62.33	61.90	62.62	64.12	63.20	62.02	63.40	62.50	1.84830336532	200
23319	23319	81363	81363	61.98	63.48	62.30	61.33	62.35	61.62	62.38	63.85	62.95	61.89	63.23	62.29	1.84728675027	200
23519	23519	81163	81163	61.85	63.42	62.15	61.20	62.12	61.60	62.17	63.75	62.67	61.74	63.10	62.14	1.84865874039	200
23719	23719	80963	80963	61.62	63.35	61.98	61.02	62.00	61.40	62.02	63.80	62.55	61.56	63.05	61.98	1.85037531922	200
23919	23919	80763	80763	61.58	63.23	61.75	60.80	61.92	61.33	62.15	63.52	62.20	61.51	62.89	61.76	1.85033999622	200
24119	24119	80563	80563	61.30	62.98	61.48	60.60	61.92	61.08	61.80	63.45	62.17	61.23	62.78	61.58	1.85206582595	200
24319	24319	80363	80363	61.05	62.88	61.42	60.42	61.85	60.98	61.60	63.20	61.88	61.02	62.64	61.42	1.85188752231	200
24519	24519	80163	80163	60.80	62.77	61.25	60.23	61.67	60.80	61.45	62.92	61.77	60.83	62.46	61.27	1.85261596777	200
24719	24719	79963	79963	60.65	62.55	61.08	60.15	61.75	60.77	61.38	62.80	61.70	60.73	62.37	61.18	1.8526350836	200
24919	24919	79763	79763	60.52	62.55	61.02	59.98	61.67	60.55	61.17	62.67	61.60	60.56	62.30	61.06	1.85298552719	200
25119	25119	79563	79563	60.33	62.23	60.75	59.92	61.45	60.40	61.17	62.38	61.33	60.48	62.02	60.83	1.85386187597	200
25319	25319	79363	79363	60.15	62.12	60.50	59.77	61.38	60.23	60.88	62.20	61.02	60.27	61.90	60.58	1.85403738058	200
25519	25519	79163	79163	60.02	62.00	60.42	59.60	61.25	60.10	60.67	62.12	60.83	60.10	61.79	60.45	1.85465831171	200
25719	25719	78963	78963	59.98	61.77	60.40	59.60	61.20	60.02	60.45	62.08	60.75	60.01	61.68	60.39	1.85495808353	200
25919	25919	78763	78763	59.83	61.70	60.20	59.50	60.95	59.90	60.30	61.88	60.70	59.88	61.51	60.27	1.85709761901	200
26119	26119	78563	78563	59.62	61.58	59.98	59.20	60.95	59.70	60.15	61.70	60.48	59.66	61.41	60.05	1.85829821977	200
26319	26319	78363	78363	59.52	61.40	59.88	59.10	60.77	59.52	60.08	61.50	60.20	59.57	61.23	59.87	1.85876496601	200
26519	26519	78163	78163	59.40	61.15	59.67	59.10	60.58	59.38	59.77	61.42	60.12	59.42	61.05	59.73	1.85839869884	200
26719	26719	77963	77963	59.12	60.98	59.42	58.98	60.52	59.25	59.58	61.27	59.90	59.23	60.92	59.52	1.85927468871	200
26919	26919	77763	77763	58.95	60.83	59.30	58.67	60.40	59.08	59.40	61.15	59.85	59.01	60.79	59.41	1.86015726351	200
27119	27119	77563	77563	58.80	60.67	59.05	58.55	60.20	58.92	59.15	61.20	59.77	58.83	60.69	59.25	1.86100343297	200
27319	27319	77363	77363	58.77	60.58	59.02	58.55	60.02	58.80	59.10	60.90	59.73	58.81	60.50	59.18	1.86094819131	200
27519	27519	77163	77163	58.70	60.48	58.85	58.45	59.83	58.70	58.85	60.85	59.50	58.67	60.38	59.02	1.86095444182	200
27719	27719	76963	76963	58.65	60.27	58.77	58.10	59.70	58.60	58.62	60.73	59.17	58.46	60.23	58.85	1.86143953794	200
27919	27919	76763	76763	58.58	60.05	58.75	57.90	59.60	58.48	58.55	60.58	58.98	58.34	60.08	58.73	1.86157981836	200
28119	28119	76563	76563	58.42	59.95	58.58	57.75	59.48	58.33	58.52	60.42	58.90	58.23	59.95	58.60	1.86144157023	200
28319	28319	76363	76363	58.38	59.98	58.55	57.62	59.25	58.17	58.42	60.15	58.75	58.14	59.79	58.49	1.86232060316	200
28519	28519	76163	76163	58.15	59.92	58.33	57.60	59.20	57.98	58.20	60.02	58.58	57.98	59.72	58.29	1.86356017127	200
28719	28719	75963	75963	58.02	59.77	58.25	57.58	59.10	57.90	58.08	60.00	58.40	57.89	59.62	58.18	1.86422503862	200
28919	28919	75763	75763	57.98	59.88	58.17	57.27	59.02	57.92	57.92	59.95	58.33	57.73	59.62	58.14	1.86473903707	200
29119	29119	75563	75563	57.88	59.70	58.02	57.30	58.90	57.88	57.88	59.83	58.08	57.68	59.48	57.99	1.86530577772	200
29319	29319	75363	75363	57.83	59.60	57.95	57.12	58.85	57.70	57.67	59.73	57.80	57.54	59.39	57.82	1.86594132998	200
29519	29519	75163	75163	57.62	59.45	57.90	57.00	58.77	57.65	57.52	59.70	57.77	57.38	59.31	57.77	1.86644464405	200
29719	29719	74963	74963	57.40	59.35	57.77	56.85	58.67	57.58	57.30	59.55	57.73	57.18	59.19	57.69	1.86651083887	200
29919	29919	74763	74763	57.35	59.25	57.73	56.85	58.52	57.48	57.17	59.38	57.50	57.12	59.05	57.57	1.86804236718	200
30119	30119	74563	74563	57.15	59.17	57.58	56.80	58.50	57.33	56.95	59.20	57.40	56.97	58.96	57.43	1.8690449845	200
30319	30319	74363	74363	57.15	59.00	57.38	56.77	58.35	57.27	56.83	59.08	57.35	56.92	58.81	57.33	1.8694849581	200
30519	30519	74163	74163	57.15	58.92	57.17	56.67	58.33	57.12	56.73	59.00	57.30	56.85	58.75	57.20	1.87039067996	200
30719	30719	73963	73963	57.02	58.85	57.15	56.45	58.23	57.02	56.65	58.88	57.23	56.71	58.65	57.13	1.87101658365	200
30919	30919	73763	73763	56.95	58.77	57.08	56.40	58.20	56.85	56.67	58.83	57.15	56.67	58.60	57.02	1.87205168379	200
31119	31119	73563	73563	56.80	58.70	57.08	56.33	58.20	56.88	56.60	58.77	57.02	56.58	58.56	56.99	1.87297494507	200
31319	31319	73363	73363	56.75	58.62	56.98	56.30	58.12	56.88	56.38	58.88	57.10	56.48	58.54	56.98	1.87387195281	200
31519	31519	73163	73163	56.65	58.65	56.92	56.15	57.98	56.80	56.30	58.88	57.08	56.37	58.50	56.93	1.8748567045	200
31719	31719	72963	72963	56.50	58.60	56.80	56.08	57.88	56.67	56.23	58.60	56.92	56.27	58.36	56.80	1.87622717582	200
31919	31919	72763	72763	56.45	58.55	56.83	55.88	57.85	56.67	56.15	58.62	56.85	56.16	58.34	56.78	1.87793472094	200
32119	32119	72563	72563	56.35	58.40	56.77	55.83	57.80	56.62	55.98	58.65	56.80	56.05	58.28	56.73	1.8792528482	200
32319	32319	72363	72363	56.30	58.38	56.73	55.70	57.70	56.60	55.88	58.62	56.77	55.96	58.23	56.70	1.88000544198	200
32519	32519	72163	72163	56.25	58.38	56.70	55.60	57.60	56.52	55.75	58.55	56.62	55.87	58.17	56.62	1.88091209399	200
32719	32719	71963	71963	56.30	58.30	56.65	55.60	57.58	56.42	55.75	58.50	56.67	55.88	58.12	56.58	1.88193843301	200
32919	32919	71763	71763	56.15	58.27	56.60	55.48	57.58	56.38	55.73	58.45	56.70	55.78	58.10	56.56	1.88291130272	200
33119	33119	71563	71563	56.02	58.33	56.58	55.42	57.52	56.30	55.62	58.27	56.70	55.69	58.04	56.52	1.88406886597	200
33319	33319	71363	71363	56.02	58.23	56.52	55.15	57.45	56.25	55.60	58.33	56.65	55.59	58.00	56.48	1.88448989779	200
33519	33519	71163	71163	55.98	58.17	56.52	55.05	57.35	56.17	55.58	58.25	56.45	55.53	57.92	56.38	1.88613160406	200
33719	33719	70963	70963	55.92	58.12	56.48	54.98	57.17	56.00	55.48	58.23	56.38	55.46	57.84	56.28	1.88708130854	200
33919	33919	70763	70763	55.83	58.15	56.40	55.00	57.23	55.92	55.42	58.15	56.25	55.42	57.84	56.19	1.88825309565	200
34119	34119	70563	70563	55.75	58.02	56.38	54.95	57.23	55.83	55.38	58.10	56.33	55.36	57.78	56.17	1.88944601519	200
34319	34319	70363	70363	55.75	57.92	56.30	54.85	57.12	55.73	55.42	58.02	56.20	55.34	57.69	56.08	1.89010208768	200
34519	34519	70163	70163	55.70	57.85	56.25	54.88	57.08	55.67	55.38	58.05	56.20	55.32	57.66	56.04	1.89116175194	200
34719	34719	69963	69963	55.70	57.90	56.23	54.77	57.08	55.65	55.27	58.00	56.12	55.25	57.66	56.00	1.89192364104	200
34919	34919	69763	69763	55.62	57.83	56.12	54.77	57.05	55.65	55.27	57.83	56.12	55.23	57.57	55.97	1.89308939901	200
35119	35119	69563	69563	55.58	57.77	56.20	54.70	57.00	55.55	55.25	57.73	56.05	55.17	57.50	55.93	1.89416465354	200
35319	35319	69363	69363	55.58	57.73	56.15	54.67	56.98	55.50	55.17	57.67	56.08	55.14	57.46	55.91	1.89505259585	200
35519	35519	69163	69163	55.55	57.67	56.15	54.65	56.90	55.42	55.08	57.62	56.08	55.09	57.40	55.88	1.89573532109	200
35719	35719	68963	68963	55.52	57.60	55.98	54.58	56.88	55.38	55.05	57.55	55.98	55.05	57.34	55.77	1.89664273482	200
35919	35919	68763	68763	55.50	57.62	55.95	54.55	56.85	55.40	54.95	57.55	55.95	55.00	57.34	55.77	1.89725877875	200
36119	36119	68563	68563	55.50	57.58	55.95	54.42	56.80	55.40	54.90	57.52	55.85	54.94	57.30	55.73	1.89783167324	200
36319	36319	68363	68363	55.42	57.55	55.90	54.40	56.77	55.35	54.88	57.50	55.80	54.90	57.27	55.68	1.89824822403	200
36519	36519	68163	68163	55.40	57.60	55.85	54.42	56.80	55.30	54.88	57.48	55.77	54.90	57.29	55.64	1.89829716628	200
36719	36719	67963	67963	55.38	57.58	55.83	54.40	56.80	55.30	54.75	57.42	55.77	54.84	57.27	55.63	1.89923667232	200
36919	36919	67763	67763	55.33	57.50	55.85	54.33	56.70	55.30	54.77	57.40	55.77	54.81	57.20	55.64	1.90006571654	200
37119	37119	67563	67563	55.27	57.52	55.85	54.33	56.70	55.20	54.70	57.38	55.65	54.77	57.20	55.57	1.90094835148	200
37319	37319	67363	67363	55.25	57.45	55.77	54.25	56.65	55.23	54.65	57.27	55.62	54.72	57.12	55.54	1.90186149045	200
37519	37519	67163	67163	55.15	57.45	55.75	54.15	56.65	55.20	54.52	57.25	55.65	54.61	57.12	55.53	1.90245170962	200
37719	37719	66963	66963	55.10	57.45	55.75	54.17	56.67	55.15	54.58	57.20	55.50	54.62	57.11	55.47	1.90340822703	200
37919	37919	66763	66763	54.98	57.45	55.73	54.12	56.67	55.08	54.50	57.25	55.42	54.53	57.12	55.41	1.9043871599	200
38119	38119	66563	66563	54.98	57.40	55.73	54.08	56.67	55.10	54.48	57.17	55.42	54.51	57.08	55.42	1.90547391067	200
38319	38319	66363	66363	54.90	57.40	55.70	54.02	56.62	55.08	54.40	57.17	55.35	54.44	57.07	55.38	1.90587879062	200
38519	38519	66163	66163	54.83	57.35	55.67	54.00	56.58	55.02	54.38	57.15	55.33	54.40	57.02	55.34	1.90644809684	200
38719	38719	65963	65963	54.80	57.35	55.70	53.95	56.55	55.02	54.35	57.05	55.25	54.37	56.98	55.33	1.90696536535	200
38919	38919	65763	65763	54.83	57.33	55.65	53.98	56.58	55.00	54.38	56.98	55.27	54.39	56.96	55.31	1.90724132228	200
39119	39119	65563	65563	54.75	57.30	55.67	53.90	56.60	54.98	54.30	57.02	55.20	54.32	56.98	55.28	1.90774116593	200
39319	39319	65363	65363	54.65	57.23	55.58	53.85	56.52	54.95	54.38	57.00	55.10	54.29	56.92	55.21	1.90840783786	200
39519	39519	65163	65163	54.70	57.15	55.52	53.80	56.60	54.95	54.35	57.00	55.10	54.28	56.92	55.19	1.90862555482	200
39719	39719	64963	64963	54.58	57.20	55.50	53.75	56.62	54.98	54.27	56.92	55.08	54.20	56.92	55.18	1.90943043627	200
39919	39919	64763	64763	54.58	57.12	55.40	53.77	56.50	54.95	54.25	56.98	55.15	54.20	56.87	55.17	1.90993282026	200
40119	40119	64563	64563	54.50	57.10	55.35	53.73	56.48	54.98	54.17	56.92	55.17	54.13	56.83	55.17	1.91066570401	200
40319	40319	64363	64363	54.45	57.02	55.35	53.62	56.38	54.95	54.20	56.90	55.12	54.09	56.77	55.14	1.91057636362	200
40519	40519	64163	64163	54.45	56.98	55.38	53.58	56.42	55.00	54.12	56.88	55.10	54.05	56.76	55.16	1.91101907564	200
40719	40719	63963	63963	54.42	56.92	55.35	53.62	56.45	54.92	54.15	56.90	55.00	54.07	56.76	55.09	1.91166107084	200
40919	40919	63763	63763	54.42	56.95	55.35	53.60	56.40	54.88	54.12	56.83	55.00	54.05	56.73	55.08	1.91222867889	200
41119	41119	63563	63563	54.42	57.00	55.27	53.52	56.33	54.85	54.17	56.77	55.02	54.04	56.70	55.05	1.91341906547	200
41319	41319	63363	63363	54.42	57.02	55.25	53.52	56.30	54.80	54.15	56.73	54.95	54.03	56.68	55.00	1.91417202007	200
41519	41519	63163	63163	54.50	56.95	55.27	53.50	56.30	54.77	54.15	56.73	54.95	54.05	56.66	55.00	1.91496043814	200
41719	41719	62963	62963	54.50	56.85	55.30	53.42	56.25	54.80	54.08	56.73	54.90	54.00	56.61	55.00	1.91621418872	200
41919	41919	62763	62763	54.50	56.92	55.20	53.40	56.27	54.75	54.12	56.73	54.90	54.01	56.64	54.95	1.91635141633	200
42119	42119	62563	62563	54.48	56.83	55.05	53.42	56.20	54.65	54.10	56.67	54.88	54.00	56.57	54.86	1.91690046556	200
42319	42319	62363	62363	54.40	56.77	54.95	53.42	56.17	54.60	54.12	56.65	54.75	53.98	56.53	54.77	1.91897372512	200
42519	42519	62163	62163	54.35	56.62	54.98	53.33	56.23	54.62	54.02	56.60	54.75	53.90	56.48	54.78	1.92314173433	200
42719	42719	61963	61963	54.25	56.75	54.85	53.30	56.12	54.58	53.98	56.65	54.67	53.84	56.51	54.70	1.93792388778	200
42919	42919	61763	61763	54.23	56.73	54.95	53.30	56.12	54.55	54.02	56.58	54.65	53.85	56.48	54.72	1.94623559275	200
43119	43119	61563	61563	54.17	56.73	54.92	53.30	56.10	54.48	54.05	56.52	54.65	53.84	56.45	54.68	1.94815554043	200
43319	43319	61363	61363	54.15	56.65	54.88	53.30	56.17	54.45	54.05	56.52	54.60	53.83	56.45	54.64	1.94561042637	200
43519	43519	61163	61163	54.15	56.58	54.85	53.33	56.17	54.40	54.02	56.52	54.58	53.83	56.42	54.61	1.93860992026	200
43719	43719	60963	60963	54.15	56.65	54.85	53.27	56.20	54.38	54.00	56.45	54.60	53.81	56.43	54.61	1.93266123676	200
43919	43919	60763	60763	54.10	56.55	54.83	53.25	56.20	54.40	54.00	56.42	54.55	53.78	56.39	54.59	1.9307792174	200
44119	44119	60563	60563	54.12	56.48	54.80	53.30	56.12	54.42	54.00	56.45	54.48	53.81	56.35	54.57	1.92928147466	200
44319	44319	60363	60363	54.17	56.40	54.80	53.23	56.05	54.42	53.98	56.40	54.52	53.79	56.28	54.58	1.92923124347	200
44519	44519	60163	60163	54.10	56.38	54.77	53.15	56.02	54.38	53.95	56.33	54.45	53.73	56.24	54.53	1.92913053542	200
44719	44719	59963	59963	54.10	56.40	54.67	53.15	56.02	54.35	53.85	56.27	54.48	53.70	56.23	54.50	1.92915751377	200
44919	44919	59763	59763	54.02	56.40	54.67	53.12	56.08	54.35	53.90	56.25	54.48	53.68	56.24	54.50	1.92930032686	200
45119	45119	59563	59563	54.00	56.40	54.65	53.12	55.92	54.38	53.85	56.23	54.40	53.66	56.18	54.48	1.92939060781	200
45319	45319	59363	59363	53.98	56.33	54.65	53.12	55.95	54.35	53.88	56.17	54.35	53.66	56.15	54.45	1.9298210615	200
45519	45519	59163	59163	53.88	56.33	54.65	53.12	55.83	54.33	53.90	56.17	54.33	53.63	56.11	54.43	1.92948865347	200
45719	45719	58963	58963	53.85	56.30	54.62	53.15	55.80	54.35	53.92	56.12	54.38	53.64	56.08	54.45	1.93036818975	200
45919	45919	58763	58763	53.88	56.27	54.52	53.15	55.77	54.38	53.95	56.05	54.35	53.66	56.03	54.42	1.9306088257	200
46119	46119	58563	58563	53.92	56.23	54.52	53.12	55.77	54.33	53.92	56.05	54.35	53.66	56.02	54.40	1.93068155781	200
46319	46319	58363	58363	53.92	56.17	54.55	53.12	55.83	54.33	53.85	56.10	54.38	53.63	56.03	54.42	1.93114625426	200
46519	46519	58163	58163	53.92	56.17	54.52	53.15	55.77	54.33	53.80	56.08	54.38	53.62	56.01	54.41	1.93141952361	200
46719	46719	57963	57963	53.98	56.15	54.60	53.12	55.75	54.35	53.77	56.10	54.38	53.62	56.00	54.44	1.93126428723	200
46919	46919	57763	57763	53.92	56.10	54.48	53.10	55.75	54.30	53.80	56.05	54.38	53.61	55.97	54.38	1.93143722284	200
47119	47119	57563	57563	53.92	56.08	54.42	53.05	55.77	54.33	53.80	56.05	54.33	53.59	55.97	54.36	1.9314086128	200
47319	47319	57363	57363	53.92	56.10	54.40	53.02	55.73	54.33	53.80	56.02	54.27	53.58	55.95	54.33	1.93226794197	200
47519	47519	57163	57163	53.90	56.05	54.42	53.05	55.70	54.30	53.77	56.08	54.30	53.58	55.94	54.34	1.93271224769	200
47719	47719	56963	56963	53.90	56.02	54.40	53.05	55.70	54.30	53.80	56.02	54.27	53.58	55.92	54.33	1.93294653408	200
47919	47919	56763	56763	53.90	56.05	54.45	53.00	55.67	54.30	53.80	55.95	54.27	53.57	55.89	54.34	1.93336574778	200
48119	48119	56563	56563	53.92	55.98	54.42	53.02	55.65	54.30	53.83	55.92	54.30	53.59	55.85	54.34	1.93396586017	200
48319	48319	56363	56363	53.92	55.90	54.40	53.02	55.67	54.27	53.83	55.90	54.27	53.59	55.83	54.32	1.93465547986	200
48519	48519	56163	56163	53.90	55.92	54.38	53.02	55.65	54.25	53.85	55.92	54.23	53.59	55.83	54.28	1.93537716745	200
48719	48719	55963	55963	53.88	55.92	54.40	53.02	55.60	54.20	53.83	55.88	54.20	53.58	55.80	54.27	1.93628127667	200
48919	48919	55763	55763	53.83	55.83	54.38	53.00	55.60	54.23	53.83	55.88	54.15	53.55	55.77	54.25	1.93652656832	200
49119	49119	55563	55563	53.83	55.73	54.38	53.00	55.70	54.23	53.85	55.80	54.15	53.56	55.74	54.25	1.93654247823	200
49319	49319	55363	55363	53.83	55.77	54.38	52.98	55.50	54.20	53.85	55.83	54.15	53.55	55.70	54.24	1.93694127645	200
49519	49519	55163	55163	53.77	55.77	54.38	52.95	55.45	54.20	53.90	55.85	54.15	53.54	55.69	54.24	1.93753539379	200
49719	49719	54963	54963	53.77	55.75	54.27	52.95	55.40	54.20	53.88	55.80	54.17	53.53	55.65	54.22	1.9382138178	200
49919	49919	54763	54763	53.77	55.75	54.23	52.92	55.45	54.20	53.88	55.77	54.17	53.52	55.66	54.20	1.93885999454	200
50119	50119	54563	54563	53.77	55.70	54.15	52.90	55.42	54.17	53.88	55.80	54.15	53.52	55.64	54.16	1.93976379088	200
50319	50319	54363	54363	53.73	55.70	54.17	52.90	55.45	54.17	53.88	55.75	54.17	53.50	55.63	54.17	1.94009831433	200
50519	50519	54163	54163	53.80	55.67	54.15	52.90	55.42	54.17	53.88	55.70	54.17	53.52	55.60	54.17	1.94032862836	200
50719	50719	53963	53963	53.80	55.65	54.20	52.90	55.40	54.17	53.85	55.67	54.17	53.52	55.58	54.18	1.94114704432	200
50919	50919	53763	53763	53.83	55.65	54.23	52.88	55.42	54.15	53.88	55.67	54.20	53.52	55.58	54.19	1.94145990948	200
51119	51119	53563	53563	53.83	55.67	54.17	52.88	55.45	54.12	53.88	55.67	54.15	53.52	55.60	54.15	1.94177532838	200
51319	51319	53363	53363	53.83	55.62	54.17	52.88	55.42	54.12	53.90	55.70	54.20	53.53	55.58	54.17	1.94224403002	200
51519	51519	53163	53163	53.80	55.62	54.23	52.92	55.40	54.12	53.88	55.70	54.12	53.53	55.58	54.16	1.94245340959	200
51719	51719	52963	52963	53.75	55.67	54.20	52.95	55.40	54.12	53.85	55.70	54.10	53.52	55.59	54.14	1.94283319525	200
51919	51919	52763	52763	53.75	55.73	54.20	52.92	55.35	54.15	53.88	55.70	54.08	53.52	55.59	54.14	1.94333581656	200
52119	52119	52563	52563	53.75	55.75	54.20	52.92	55.33	54.15	53.85	55.70	54.08	53.51	55.59	54.14	1.94350426678	200
52319	52319	52363	52363	53.80	55.75	54.20	52.98	55.35	54.15	53.85	55.70	54.08	53.54	55.60	54.14	1.94401175447	200
52519	52519	52163	52163	53.77	55.67	54.17	53.00	55.35	54.15	53.85	55.70	54.05	53.54	55.58	54.12	1.94414643825	200
52719	52719	51963	51963	53.80	55.70	54.17	52.95	55.38	54.15	53.83	55.70	54.02	53.52	55.59	54.12	1.94444655827	200
52919	52919	51763	51763	53.77	55.77	54.23	52.85	55.38	54.15	53.80	55.67	54.02	53.48	55.61	54.13	1.94514427783	200
53119	53119	51563	51563	53.80	55.70	54.20	52.85	55.38	54.15	53.80	55.62	54.05	53.48	55.57	54.13	1.94524468486	200
53319	53319	51363	51363	53.80	55.75	54.17	52.88	55.35	54.12	53.80	55.60	54.02	53.49	55.57	54.11	1.94576146719	200
53519	53519	51163	51163	53.80	55.75	54.20	52.88	55.33	54.12	53.77	55.60	54.02	53.48	55.56	54.12	1.94620956166	200
53719	53719	50963	50963	53.80	55.77	54.20	52.88	55.33	54.12	53.80	55.67	54.02	53.49	55.59	54.12	1.94629786496	200
53919	53919	50763	50763	53.77	55.80	54.17	52.88	55.27	54.15	53.83	55.58	54.02	53.49	55.55	54.12	1.94642084597	200
54119	54119	50563	50563	53.80	55.75	54.17	52.92	55.27	54.17	53.83	55.55	54.05	53.52	55.52	54.13	1.94664881198	200
54319	54319	50363	50363	53.77	55.73	54.17	52.95	55.33	54.15	53.90	55.58	54.05	53.54	55.54	54.12	1.94704834624	200
54519	54519	50163	50163	53.77	55.67	54.17	52.95	55.27	54.17	53.88	55.58	54.05	53.53	55.51	54.13	1.94762210226	200
54719	54719	49963	49963	53.77	55.65	54.12	52.95	55.27	54.20	53.90	55.62	54.02	53.54	55.52	54.12	1.94781670638	200
54919	54919	49763	49763	53.77	55.67	54.10	52.95	55.27	54.23	53.85	55.60	54.00	53.52	55.52	54.11	1.94832973926	200
55119	55119	49563	49563	53.77	55.67	54.10	52.92	55.30	54.23	53.77	55.60	54.02	53.49	55.52	54.12	1.94826495334	200
55319	55319	49363	49363	53.77	55.67	54.08	53.02	55.30	54.25	53.85	55.60	53.98	53.55	55.52	54.10	1.94859739712	200
55519	55519	49163	49163	53.75	55.65	54.10	53.00	55.30	54.23	53.80	55.58	53.98	53.52	55.51	54.10	1.94928655113	200
55719	55719	48963	48963	53.73	55.62	54.15	52.98	55.27	54.25	53.80	55.60	53.95	53.50	55.50	54.12	1.94949457144	200
55919	55919	48763	48763	53.73	55.58	54.10	52.98	55.25	54.27	53.75	55.62	53.92	53.48	55.48	54.10	1.94947138672	200
56119	56119	48563	48563	53.70	55.65	54.12	53.00	55.25	54.27	53.77	55.58	53.95	53.49	55.49	54.12	1.94922650908	200
56319	56319	48363	48363	53.70	55.67	54.12	53.02	55.17	54.27	53.75	55.55	53.98	53.49	55.47	54.12	1.94948611771	200
56519	56519	48163	48163	53.65	55.70	54.15	53.08	55.20	54.33	53.75	55.58	54.00	53.49	55.49	54.16	1.94929207705	200
56719	56719	47963	47963	53.65	55.67	54.12	53.08	55.20	54.30	53.73	55.60	54.00	53.48	55.49	54.14	1.94931222075	200
56919	56919	47763	47763	53.67	55.70	54.15	53.10	55.17	54.33	53.80	55.55	53.98	53.52	55.48	54.15	1.94915229719	200
57119	57119	47563	47563	53.73	55.73	54.17	53.12	55.20	54.35	53.75	55.55	54.00	53.53	55.49	54.17	1.94894061864	200
57319	57319	47363	47363	53.70	55.70	54.20	53.12	55.20	54.38	53.77	55.60	54.02	53.53	55.50	54.20	1.94898569322	200
57519	57519	47163	47163	53.67	55.65	54.20	53.10	55.17	54.40	53.80	55.60	54.00	53.52	55.48	54.20	1.94925745873	200
57719	57719	46963	46963	53.67	55.73	54.20	53.10	55.20	54.40	53.80	55.58	54.02	53.52	55.50	54.21	1.94937745924	200
57919	57919	46763	46763	53.67	55.73	54.20	53.12	55.17	54.40	53.83	55.58	54.02	53.54	55.49	54.21	1.94929940082	200
58119	58119	46563	46563	53.67	55.67	54.20	53.10	55.17	54.42	53.85	55.52	54.02	53.54	55.46	54.22	1.94925830384	200
58319	58319	46363	46363	53.70	55.75	54.25	53.10	55.20	54.42	53.83	55.52	54.05	53.54	55.49	54.24	1.94906423951	200
58519	58519	46163	46163	53.67	55.75	54.23	53.12	55.20	54.52	53.80	55.58	54.08	53.53	55.51	54.27	1.94854203855	200
58719	58719	45963	45963	53.67	55.75	54.25	53.12	55.23	54.50	53.80	55.58	54.08	53.53	55.52	54.27	1.94837119431	200
58919	58919	45763	45763	53.67	55.73	54.25	53.10	55.20	54.62	53.80	55.52	54.12	53.52	55.48	54.33	1.94831108043	200
59119	59119	45563	45563	53.73	55.73	54.30	53.12	55.23	54.62	53.80	55.52	54.10	53.55	55.49	54.34	1.94823647818	200
59319	59319	45363	45363	53.73	55.70	54.27	53.12	55.23	54.60	53.83	55.48	54.05	53.56	55.47	54.31	1.94747207476	200
59519	59519	45163	45163	53.75	55.73	54.30	53.12	55.20	54.62	53.85	55.55	54.02	53.58	55.49	54.32	1.94721280949	200
59719	59719	44963	44963	53.70	55.73	54.27	53.12	55.23	54.62	53.85	55.50	54.05	53.56	55.48	54.32	1.94712451888	200
59919	59919	44763	44763	53.70	55.73	54.27	53.12	55.25	54.62	53.85	55.52	54.10	53.56	55.50	54.33	1.94675421691	200
60119	60119	44563	44563	53.70	55.73	54.27	53.12	55.20	54.62	53.88	55.50	54.10	53.57	55.48	54.33	1.94612498774	200
60319	60319	44363	44363	53.65	55.73	54.25	53.12	55.25	54.62	53.88	55.50	54.10	53.55	55.49	54.33	1.94583289297	200
60519	60519	44163	44163	53.67	55.73	54.27	53.12	55.25	54.62	53.80	55.50	54.10	53.53	55.49	54.33	1.94537028016	200
60719	60719	43963	43963	53.70	55.75	54.25	53.12	55.25	54.62	53.88	55.52	54.10	53.57	55.51	54.33	1.94471116124	200
60919	60919	43763	43763	53.67	55.73	54.25	53.12	55.23	54.60	53.88	55.45	54.10	53.56	55.47	54.32	1.94458914128	200
61119	61119	43563	43563	53.65	55.73	54.25	53.12	55.17	54.60	53.83	55.48	54.10	53.53	55.46	54.32	1.94445147245	200
61319	61319	43363	43363	53.67	55.73	54.25	53.12	55.20	54.60	53.83	55.52	54.12	53.54	55.48	54.33	1.94390233102	200
61519	61519	43163	43163	53.67	55.67	54.25	53.12	55.20	54.60	53.80	55.50	54.12	53.53	55.46	54.33	1.94420037623	200
61719	61719	42963	42963	53.70	55.70	54.23	53.12	55.23	54.60	53.77	55.50	54.12	53.53	55.48	54.32	1.94599250071	200
61919	61919	42763	42763	53.67	55.75	54.25	53.12	55.23	54.62	53.77	55.48	54.15	53.52	55.48	54.34	1.94481430159	200
62119	62119	42563	42563	53.70	55.77	54.25	53.15	55.23	54.60	53.75	55.52	54.12	53.53	55.51	54.33	1.94315694192	200
62319	62319	42363	42363	53.67	55.73	54.25	53.15	55.23	54.62	53.77	55.55	54.12	53.53	55.50	54.33	1.94316411576	200
62519	62519	42163	42163	53.67	55.73	54.25	53.17	55.25	54.62	53.77	55.60	54.15	53.54	55.52	54.34	1.94236959748	200
62719	62719	41963	41963	53.67	55.75	54.27	53.15	55.23	54.65	53.77	55.60	54.15	53.53	55.52	54.36	1.94208520888	200
62919	62919	41763	41763	53.67	55.75	54.30	53.12	55.20	54.65	53.80	55.60	54.17	53.53	55.52	54.38	1.94229395465	200
63119	63119	41563	41563	53.67	55.80	54.27	53.15	55.20	54.65	53.80	55.55	54.17	53.54	55.52	54.37	1.94230412438	200
63319	63319	41363	41363	53.65	55.85	54.27	53.15	55.17	54.67	53.80	55.55	54.20	53.53	55.52	54.38	1.94223019121	200
63519	63519	41163	41163	53.62	55.88	54.27	53.15	55.25	54.70	53.80	55.55	54.17	53.52	55.56	54.38	1.94147745301	200
63719	63719	40963	40963	53.60	55.90	54.27	53.15	55.23	54.70	53.80	55.55	54.17	53.52	55.56	54.38	1.94144411282	200
63919	63919	40763	40763	53.60	56.00	54.27	53.17	55.30	54.73	53.80	55.58	54.17	53.52	55.62	54.39	1.94550690644	200
64119	64119	40563	40563	53.62	56.00	54.33	53.17	55.35	54.77	53.80	55.58	54.20	53.53	55.64	54.43	1.95448860146	200
64319	64319	40363	40363	53.58	56.00	54.38	53.17	55.35	54.80	53.77	55.58	54.17	53.51	55.64	54.45	1.964847516	200
64519	64519	40163	40163	53.60	55.98	54.42	53.17	55.35	54.80	53.77	55.62	54.17	53.52	55.65	54.47	1.97202031385	200
64719	64719	39963	39963	53.60	55.98	54.42	53.17	55.38	54.77	53.77	55.62	54.20	53.52	55.66	54.47	1.9763737733	200
64919	64919	39763	39763	53.58	55.98	54.42	53.17	55.40	54.77	53.80	55.67	54.20	53.52	55.68	54.47	1.97769660323	200
65119	65119	39563	39563	53.60	55.92	54.42	53.20	55.40	54.77	53.77	55.67	54.20	53.52	55.67	54.47	1.97458859851	200
65319	65319	39363	39363	53.60	55.92	54.40	53.23	55.38	54.77	53.75	55.70	54.20	53.52	55.67	54.46	1.96785098984	200
65519	65519	39163	39163	53.60	55.95	54.42	53.23	55.38	54.77	53.77	55.75	54.20	53.53	55.69	54.47	1.95760726338	200
65719	65719	38963	38963	53.60	55.95	54.45	53.23	55.40	54.83	53.77	55.77	54.20	53.53	55.71	54.49	1.94982007607	200
65919	65919	38763	38763	53.58	55.95	54.45	53.20	55.38	54.80	53.77	55.75	54.23	53.52	55.69	54.49	1.94582636613	200
66119	66119	38563	38563	53.58	56.00	54.45	53.20	55.38	54.80	53.85	55.67	54.23	53.54	55.68	54.49	1.94338891558	200
66319	66319	38363	38363	53.62	56.00	54.48	53.23	55.38	54.83	53.88	55.75	54.23	53.58	55.71	54.51	1.9410367097	200
66519	66519	38163	38163	53.60	56.02	54.48	53.25	55.35	54.83	53.90	55.75	54.25	53.58	55.71	54.52	1.94001015997	200
66719	66719	37963	37963	53.58	55.95	54.48	53.25	55.38	54.83	53.90	55.75	54.20	53.58	55.69	54.50	1.94884433648	200
66919	66919	37763	37763	53.60	55.85	54.45	53.25	55.40	54.83	53.92	55.75	54.20	53.59	55.67	54.49	1.94834320511	200
67119	67119	37563	37563	53.58	55.85	54.42	53.25	55.40	54.83	53.90	55.77	54.20	53.58	55.67	54.48	1.93867133003	200
67319	67319	37363	37363	53.62	55.88	54.48	53.23	55.40	54.83	53.90	55.75	54.20	53.58	55.67	54.50	1.93643117116	200
67519	67519	37163	37163	53.62	55.85	54.52	53.25	55.42	54.83	53.90	55.83	54.20	53.59	55.70	54.52	1.93413676845	200
67719	67719	36963	36963	53.60	55.88	54.52	53.20	55.40	54.83	53.92	55.83	54.27	53.58	55.70	54.54	1.93163082432	200
67919	67919	36763	36763	53.65	55.85	54.50	53.20	55.48	54.85	53.92	55.85	54.27	53.59	55.73	54.54	1.92986964065	200
68119	68119	36563	36563	53.65	55.90	54.50	53.20	55.48	54.85	53.95	55.85	54.27	53.60	55.74	54.54	1.9291088304	200
68319	68319	36363	36363	53.65	55.95	54.50	53.20	55.42	54.85	53.95	55.85	54.25	53.60	55.74	54.53	1.92652209475	200
68519	68519	36163	36163	53.67	55.92	54.55	53.20	55.42	54.88	53.95	55.83	54.23	53.61	55.73	54.55	1.92513864611	200
68719	68719	35963	35963	53.67	55.92	54.55	53.20	55.45	54.90	53.98	55.73	54.25	53.62	55.70	54.57	1.92303608906	200
68919	68919	35763	35763	53.67	55.92	54.58	53.20	55.48	54.90	53.95	55.73	54.25	53.61	55.71	54.58	1.92107080169	200
69119	69119	35563	35563	53.67	55.95	54.60	53.17	55.50	54.90	53.95	55.67	54.25	53.60	55.71	54.58	1.91926364355	200
69319	69319	35363	35363	53.67	55.92	54.60	53.20	55.52	54.88	53.98	55.67	54.23	53.62	55.71	54.57	1.91833280141	200
69519	69519	35163	35163	53.67	55.95	54.60	53.20	55.52	54.95	53.92	55.60	54.20	53.60	55.69	54.58	1.95615894458	200
69719	69719	34963	34963	53.67	55.90	54.65	53.20	55.52	54.92	53.95	55.60	54.20	53.61	55.67	54.59	1.91616393404	200
69919	69919	34763	34763	53.73	55.90	54.67	53.20	55.52	54.90	53.90	55.60	54.23	53.61	55.67	54.60	1.91006340923	200
70119	70119	34563	34563	53.75	55.92	54.67	53.23	55.52	54.90	54.00	55.60	54.23	53.66	55.68	54.60	1.90642719972	200
70319	70319	34363	34363	53.75	55.88	54.65	53.23	55.52	54.88	53.98	55.62	54.23	53.65	55.67	54.58	1.90507252117	200
70519	70519	34163	34163	53.73	55.92	54.70	53.23	55.52	54.90	53.92	55.60	54.27	53.62	55.68	54.62	1.902520462	200
70719	70719	33963	33963	53.73	55.98	54.67	53.23	55.55	54.90	53.90	55.62	54.30	53.62	55.72	54.62	1.89759540753	200
70919	70919	33763	33763	53.70	55.98	54.65	53.25	55.55	54.88	53.88	55.58	54.27	53.61	55.70	54.60	1.89415383561	200
71119	71119	33563	33563	53.70	55.92	54.62	53.25	55.52	54.90	53.90	55.60	54.25	53.62	55.68	54.59	1.8918048384	200
71319	71319	33363	33363	53.65	55.98	54.62	53.27	55.50	54.88	53.85	55.60	54.23	53.59	55.69	54.58	1.89070481076	200
71519	71519	33163	33163	53.65	55.98	54.58	53.23	55.52	54.88	53.88	55.62	54.17	53.58	55.71	54.54	1.89874692071	200
71719	71719	32963	32963	53.65	56.00	54.58	53.20	55.52	54.88	53.85	55.62	54.25	53.57	55.72	54.57	1.91053721488	200
71919	71919	32763	32763	53.67	55.90	54.52	53.20	55.45	54.88	53.85	55.55	54.30	53.58	55.63	54.57	1.92626188822	200
72119	72119	32563	32563	53.70	55.85	54.52	53.20	55.42	54.90	53.85	55.58	54.27	53.58	55.62	54.57	1.92934302321	200
72319	72319	32363	32363	53.73	55.85	54.50	53.20	55.38	54.88	53.85	55.50	54.30	53.59	55.58	54.56	1.94035886309	200
72519	72519	32163	32163	53.73	55.92	54.52	53.20	55.30	54.88	53.88	55.45	54.30	53.60	55.56	54.57	1.95159999018	200
72719	72719	31963	31963	53.75	55.90	54.52	53.20	55.30	54.88	53.85	55.45	54.30	53.60	55.55	54.57	1.96021428679	200
72919	72919	31763	31763	53.75	55.85	54.50	53.20	55.27	54.88	53.85	55.42	54.30	53.60	55.52	54.56	1.96654838829	200
73119	73119	31563	31563	53.73	55.80	54.48	53.20	55.33	54.83	53.85	55.48	54.30	53.59	55.53	54.53	1.97200905422	200
73319	73319	31363	31363	53.73	55.80	54.50	53.20	55.33	54.85	53.88	55.40	54.33	53.60	55.51	54.56	1.97572497291	200
73519	73519	31163	31163	53.75	55.83	54.52	53.20	55.30	54.85	53.88	55.42	54.30	53.61	55.52	54.56	1.97885695341	200
73719	73719	30963	30963	53.73	55.85	54.52	53.20	55.30	54.85	53.88	55.40	54.30	53.60	55.52	54.56	1.98151417084	200
73919	73919	30763	30763	53.75	55.88	54.55	53.20	55.33	54.85	53.85	55.40	54.30	53.60	55.53	54.57	1.9841333579	200
74119	74119	30563	30563	53.75	55.85	54.58	53.23	55.35	54.83	53.88	55.42	54.27	53.62	55.54	54.56	1.98614526657	200
74319	74319	30363	30363	53.75	55.85	54.65	53.23	55.33	54.83	53.88	55.40	54.33	53.62	55.52	54.60	1.98768800372	200
74519	74519	30163	30163	53.77	55.85	54.62	53.23	55.33	54.83	53.88	55.40	54.33	53.62	55.52	54.59	1.98915259459	200
74719	74719	29963	29963	53.75	55.85	54.65	53.23	55.33	54.83	53.85	55.40	54.33	53.61	55.52	54.60	1.98990972943	200
74919	74919	29763	29763	53.77	55.85	54.67	53.23	55.33	54.83	53.88	55.40	54.33	53.62	55.52	54.61	1.99013133507	200
75119	75119	29563	29563	53.75	55.88	54.67	53.23	55.35	54.83	53.85	55.42	54.33	53.61	55.55	54.61	1.98930300188	200
75319	75319	29363	29363	53.77	55.88	54.67	53.23	55.38	54.83	53.88	55.45	54.40	53.62	55.57	54.63	1.98786957205	200
75519	75519	29163	29163	53.77	55.85	54.70	53.23	55.38	54.83	53.85	55.45	54.38	53.62	55.56	54.63	1.98508191749	200
75719	75719	28963	28963	53.73	55.85	54.73	53.23	55.38	54.83	53.85	55.45	54.40	53.60	55.56	54.65	1.98077334562	200
75919	75919	28763	28763	53.73	55.88	54.73	53.23	55.35	54.83	53.88	55.45	54.40	53.61	55.56	54.65	1.97506191004	200
76119	76119	28563	28563	53.73	55.88	54.73	53.23	55.38	54.83	53.88	55.45	54.40	53.61	55.57	54.65	1.96575450801	200
76319	76319	28363	28363	53.73	55.90	54.73	53.23	55.38	54.83	53.88	55.45	54.42	53.61	55.58	54.66	1.95296646941	200
76519	76519	28163	28163	53.73	55.88	54.75	53.23	55.38	54.83	53.90	55.45	54.45	53.62	55.57	54.67	1.93736580328	200
76719	76719	27963	27963	53.73	55.92	54.73	53.23	55.35	54.85	53.92	55.42	54.48	53.62	55.57	54.68	1.93154930989	200
76919	76919	27763	27763	53.73	55.88	54.75	53.23	55.33	54.88	53.95	55.40	54.48	53.63	55.53	54.70	1.92425526154	200
77119	77119	27563	27563	53.70	55.90	54.75	53.23	55.33	54.85	53.95	55.38	54.50	53.62	55.53	54.70	1.90890478019	200
77319	77319	27363	27363	53.70	55.85	54.77	53.23	55.33	54.85	53.98	55.33	54.52	53.63	55.50	54.72	1.90526079535	200
77519	77519	27163	27163	53.73	55.83	54.73	53.23	55.33	54.88	53.98	55.33	54.52	53.64	55.49	54.71	1.89300429207	200
77719	77719	26963	26963	53.70	55.88	54.73	53.20	55.33	54.88	53.95	55.35	54.52	53.62	55.52	54.71	1.88900171721	200
77919	77919	26763	26763	53.73	55.92	54.75	53.23	55.30	54.85	53.95	55.35	54.58	53.63	55.52	54.73	1.88551465798	200
78119	78119	26563	26563	53.95	55.88	54.75	53.92	55.33	54.83	54.15	55.35	54.55	54.01	55.52	54.71	1.87975227404	200
78319	78319	26363	26363	53.92	55.83	54.73	53.98	55.35	54.88	54.17	55.30	54.58	54.02	55.49	54.73	1.88948569945	200
78519	78519	26163	26163	53.95	55.85	54.67	53.98	55.33	54.90	54.17	55.25	54.58	54.03	55.48	54.72	1.8811922198	200
78719	78719	25963	25963	53.98	55.83	54.67	54.00	55.35	54.92	54.23	55.25	54.50	54.07	55.48	54.70	1.89647811844	200
78919	78919	25763	25763	53.98	55.83	54.67	53.95	55.35	54.85	54.12	55.27	54.40	54.02	55.48	54.64	1.96848209616	200
79119	79119	25563	25563	54.00	55.83	54.67	53.98	55.35	54.83	54.12	55.27	54.40	54.03	55.48	54.63	1.97058090831	200
79319	79319	25363	25363	54.00	55.83	54.70	53.98	55.33	54.83	54.12	55.27	54.40	54.03	55.48	54.64	1.87857017734	200
79519	79519	25163	25163	54.00	55.80	54.70	53.98	55.33	54.83	54.12	55.25	54.40	54.03	55.46	54.64	1.86665550635	200
79719	79719	24963	24963	54.00	55.88	54.73	54.00	55.33	54.80	54.12	55.27	54.38	54.04	55.49	54.63	1.86254235477	200
79919	79919	24763	24763	54.02	55.92	54.65	54.00	55.30	54.80	54.05	55.20	54.33	54.02	55.48	54.59	1.85810106182	200
80119	80119	24563	24563	53.98	55.90	54.65	53.98	55.38	54.75	54.05	55.25	54.27	54.00	55.51	54.56	1.94667110425	200
80319	80319	24363	24363	53.98	55.77	54.65	53.98	55.38	54.75	54.05	55.27	54.20	54.00	55.48	54.53	1.97563538106	200
80519	80519	24163	24163	53.98	55.77	54.65	53.98	55.38	54.75	54.05	55.30	54.20	54.00	55.48	54.53	1.87354594094	200
80719	80719	23963	23963	53.98	55.77	54.62	53.95	55.38	54.75	54.05	55.30	54.20	53.99	55.48	54.52	1.9638421564	200
80919	80919	23763	23763	54.00	55.80	54.62	53.95	55.38	54.75	54.05	55.30	54.20	54.00	55.49	54.52	1.99502203028	200
81119	81119	23563	23563	53.98	55.80	54.62	53.95	55.38	54.75	54.05	55.30	54.20	53.99	55.49	54.52	1.95783214536	200
81319	81319	23363	23363	53.98	55.80	54.62	53.95	55.35	54.75	54.05	55.30	54.20	53.99	55.48	54.52	1.85120736612	200
81519	81519	23163	23163	54.00	55.92	54.62	53.95	55.42	54.77	54.05	55.33	54.20	54.00	55.56	54.53	1.83788025829	200
81719	81719	22963	22963	54.02	56.00	54.62	53.98	55.52	54.80	54.08	55.42	54.27	54.02	55.65	54.57	1.83150360731	200
81919	81919	22763	22763	54.08	56.05	54.58	53.95	55.55	54.80	54.08	55.42	54.27	54.03	55.67	54.55	1.82113180784	200
82119	82119	22563	22563	54.08	56.05	54.62	54.00	55.58	54.77	53.98	55.45	54.30	54.02	55.69	54.57	1.81310831585	200
82319	82319	22363	22363	54.08	56.02	54.65	54.00	55.60	54.77	53.98	55.48	54.30	54.02	55.70	54.58	1.80064326533	200
82519	82519	22163	22163	54.02	56.05	54.65	53.98	55.58	54.80	54.02	55.45	54.33	54.01	55.69	54.59	1.77854604708	200
82719	82719	21963	21963	53.92	56.23	54.67	53.95	55.60	54.77	53.92	55.48	54.33	53.93	55.77	54.59	1.80437239002	200
82919	82919	21763	21763	53.88	56.17	54.65	53.92	55.62	54.77	53.90	55.55	54.35	53.90	55.78	54.59	1.89735412669	200
83119	83119	21563	21563	53.88	56.17	54.62	53.90	55.62	54.73	53.95	55.52	54.40	53.91	55.77	54.58	1.96573838332	200
83319	83319	21363	21363	53.90	56.17	54.62	53.90	55.62	54.73	53.90	55.52	54.38	53.90	55.77	54.58	1.98793320391	200
83519	83519	21163	21163	53.90	56.17	54.62	53.90	55.62	54.73	53.90	55.52	54.38	53.90	55.77	54.58	1.94349053214	200
83719	83719	20963	20963	53.90	56.17	54.62	53.90	55.62	54.73	53.92	55.52	54.38	53.91	55.77	54.58	1.91134722794	200
83919	83919	20763	20763	53.90	56.17	54.62	53.90	55.65	54.73	53.92	55.52	54.40	53.91	55.78	54.58	1.76084409028	200
84119	84119	20563	20563	54.00	56.23	54.62	54.33	55.70	54.73	54.42	55.55	54.42	54.25	55.83	54.59	1.7411480835	200
84319	84319	20363	20363	53.98	56.17	54.60	54.38	55.65	54.75	54.40	55.50	54.38	54.25	55.77	54.58	1.750256533	200
84519	84519	20163	20163	53.90	56.20	54.58	54.30	55.60	54.75	54.30	55.38	54.27	54.17	55.73	54.53	1.72484449733	200
84719	84719	19963	19963	53.90	56.15	54.58	54.27	55.60	54.77	54.30	55.30	54.30	54.16	55.68	54.55	1.82917244277	200
84919	84919	19763	19763	53.90	56.17	54.58	54.27	55.52	54.77	54.30	55.38	54.33	54.16	55.69	54.56	1.69982350345	200
85119	85119	19563	19563	53.98	56.12	54.55	54.38	55.55	54.77	54.27	55.35	54.30	54.21	55.67	54.54	1.67735456882	200
85319	85319	19363	19363	53.95	56.15	54.58	54.35	55.52	54.77	54.27	55.33	54.35	54.19	55.67	54.57	1.70620498779	200
85519	85519	19163	19163	53.77	56.35	54.62	54.27	55.67	54.75	54.20	55.62	54.38	54.08	55.88	54.58	1.86094431193	200
85719	85719	18963	18963	53.80	56.35	54.65	54.27	55.70	54.77	54.20	55.65	54.38	54.09	55.90	54.60	1.68165877274	200
85919	85919	18763	18763	53.90	56.40	54.67	54.33	55.73	54.80	54.25	55.70	54.38	54.16	55.94	54.62	1.66664388354	200
86119	86119	18563	18563	54.23	56.30	54.55	54.48	55.50	54.60	54.38	55.35	54.33	54.36	55.72	54.49	1.89730808523	200
86319	86319	18363	18363	54.23	56.27	54.45	54.48	55.50	54.60	54.38	55.40	54.35	54.36	55.73	54.47	1.97099618623	200
86519	86519	18163	18163	54.23	56.33	54.45	54.48	55.52	54.60	54.38	55.40	54.35	54.36	55.75	54.47	1.98685170875	200
86719	86719	17963	17963	54.23	56.30	54.45	54.48	55.52	54.60	54.38	55.42	54.33	54.36	55.75	54.46	1.99364311888	200
