12120	12120	94562	94562	75.05	77.75	79.85	74.55	77.65	79.25	75.30	78.53	79.88	74.97	77.97	79.66	1.59237655859	1.66630175901
12120	12120	94317	94317	75.08	77.75	79.85	74.58	77.65	79.25	75.30	78.53	79.88	74.98	77.97	79.66	1.46773015695	1.57496604308	50	50
12170	12170	94267	94267	74.67	77.90	79.40	73.95	77.47	78.88	73.95	78.65	79.47	74.19	78.01	79.25	1.24875648429	1.36287466977	50	50
12220	12220	94217	94217	73.45	77.47	77.97	73.17	76.38	77.42	72.78	77.85	78.05	73.13	77.23	77.82	1.10979332635	1.18649920251	50	50
12270	12270	94167	94167	72.00	75.53	76.42	72.28	75.55	76.38	71.65	76.95	76.42	71.97	76.01	76.41	1.02834654037	1.09072898352	50	50
12320	12320	94117	94117	71.60	75.08	75.90	71.95	75.38	75.78	71.42	76.60	75.95	71.66	75.68	75.88	0.986158469974	1.02024961378	50	50
12370	12370	94067	94067	71.58	74.85	75.72	72.00	75.42	75.62	71.38	76.47	75.75	71.65	75.58	75.70	0.961545923807	0.982505849839	50	50
12420	12420	94017	94017	71.92	74.85	76.00	72.03	75.40	75.67	71.58	76.47	75.90	71.84	75.58	75.86	0.94321564418	0.956386775317	50	50
12470	12470	93967	93967	72.47	75.20	76.22	72.28	75.53	76.03	71.70	76.53	76.17	72.15	75.75	76.14	0.929179156272	0.944354985931	50	50
12520	12520	93917	93917	72.75	75.25	76.47	72.67	75.67	76.25	72.00	76.72	76.47	72.47	75.88	76.40	0.918019670855	0.931101127721	50	50
12570	12570	93867	93867	73.28	75.30	76.72	72.90	75.80	76.47	72.60	76.70	76.90	72.92	75.93	76.70	0.909246791847	0.925203352095	50	50
12620	12620	93817	93817	73.80	75.67	77.08	73.28	75.92	76.90	72.88	76.88	77.20	73.32	76.16	77.06	0.899499806014	0.92163467549	50	50
12670	12670	93767	93767	73.97	75.95	77.40	73.47	76.12	77.35	73.35	77.12	77.55	73.60	76.40	77.43	0.89416060983	0.91817320882	50	50
12720	12720	93717	93717	74.35	76.25	77.60	73.70	76.42	77.42	73.72	77.55	78.00	73.92	76.74	77.67	0.892870249461	0.914289476211	50	50
12770	12770	93667	93667	74.55	76.55	77.97	73.92	76.53	77.53	74.08	77.60	78.47	74.18	76.89	77.99	0.889116741118	0.908674658971	50	50
12820	12820	93617	93617	75.08	76.65	78.17	74.15	76.50	77.65	74.50	77.67	78.83	74.58	76.94	78.22	0.890909505125	0.90616745495	50	50
12870	12870	93567	93567	75.17	76.85	78.40	74.03	76.47	77.88	74.62	77.90	78.72	74.61	77.08	78.33	0.89095390897	0.902981772962	50	50
12920	12920	93517	93517	75.15	77.28	78.80	74.20	76.72	78.12	74.70	78.15	79.05	74.68	77.38	78.66	0.886118696489	0.901072572021	50	50
12970	12970	93467	93467	75.33	77.30	78.90	74.15	76.83	78.28	74.95	77.97	79.25	74.81	77.37	78.81	0.884570133709	0.89811434057	50	50
13020	13020	93417	93417	75.42	77.83	79.42	74.25	76.97	78.53	75.12	78.08	79.45	74.93	77.62	79.13	0.886211993009	0.892994916655	50	50
13070	13070	93367	93367	75.67	77.95	79.62	74.40	77.20	78.50	75.25	78.10	79.55	75.11	77.75	79.22	0.885108154954	0.893254127004	50	50
13120	13120	93317	93317	75.75	78.03	79.95	74.42	77.42	78.55	75.47	78.42	79.75	75.22	77.96	79.42	0.882556162794	0.894203192557	50	50
13170	13170	93267	93267	75.97	78.10	80.25	74.53	77.50	78.72	75.60	78.33	79.83	75.37	77.97	79.60	0.882933615194	0.897243775443	50	50
13220	13220	93217	93217	76.03	78.17	80.30	74.58	77.42	78.83	75.65	78.42	80.15	75.42	78.01	79.76	0.881545776948	0.898297463702	50	50
13270	13270	93167	93167	76.03	78.33	80.53	74.65	77.50	79.05	75.83	78.47	80.30	75.50	78.10	79.96	0.881760366172	0.896794690294	50	50
13320	13320	93117	93117	76.10	78.50	80.42	74.60	77.50	78.97	75.70	78.62	80.15	75.47	78.21	79.85	0.885263392671	0.895107961548	50	50
13370	13370	93067	93067	76.25	78.55	80.45	74.85	77.58	79.10	75.67	78.65	80.12	75.59	78.26	79.89	0.887226291403	0.897121182132	50	50
13420	13420	93017	93017	76.30	78.45	80.40	74.97	77.58	79.12	75.85	78.80	80.00	75.71	78.28	79.84	0.889079344337	0.894700099886	50	50
13470	13470	92967	92967	76.30	78.70	80.47	75.08	77.75	79.30	75.97	78.80	79.95	75.78	78.42	79.91	0.887280398698	0.896380916045	50	50
13520	13520	92917	92917	76.10	78.88	80.45	75.08	77.55	79.25	75.80	79.10	80.17	75.66	78.51	79.96	0.885957769605	0.897403361631	50	50
13570	13570	92867	92867	76.33	78.75	80.58	75.10	77.65	79.35	76.12	79.20	80.25	75.85	78.53	80.06	0.885812496953	0.897536615781	50	50
13620	13620	92817	92817	76.17	78.92	80.60	75.03	77.72	79.30	76.15	78.95	80.40	75.78	78.53	80.10	0.885603110426	0.899054300579	50	50
13670	13670	92767	92767	76.42	79.08	80.55	75.08	77.80	79.22	76.30	79.20	80.60	75.93	78.69	80.12	0.888268834779	0.900473960653	50	50
13720	13720	92717	92717	76.50	78.92	80.60	74.88	77.83	79.42	76.33	79.03	80.67	75.90	78.59	80.23	0.88916659309	0.899787809306	50	50
13770	13770	92667	92667	76.62	78.97	80.75	74.88	77.78	79.45	76.38	78.97	80.62	75.96	78.58	80.28	0.89109992618	0.90004201283	50	50
13820	13820	92617	92617	76.60	78.97	80.62	74.62	77.83	79.53	76.38	78.88	80.67	75.87	78.56	80.28	0.89168025119	0.901392436824	50	50
13870	13870	92567	92567	76.50	79.08	80.67	74.60	77.97	79.67	76.35	79.03	80.67	75.82	78.69	80.34	0.890323568697	0.901506170993	50	50
13920	13920	92517	92517	76.33	79.17	80.78	74.58	78.05	79.40	76.45	78.90	80.70	75.78	78.71	80.29	0.88974784796	0.901906130585	50	50
13970	13970	92467	92467	76.22	79.17	80.83	74.35	78.03	79.33	76.35	79.00	80.80	75.64	78.73	80.32	0.891558032227	0.897794519904	50	50
14020	14020	92417	92417	76.20	79.30	80.72	74.25	77.97	79.22	76.33	79.15	80.65	75.59	78.81	80.20	0.892116716887	0.899518419487	50	50
14070	14070	92367	92367	76.20	79.08	80.80	74.45	77.90	79.17	76.33	79.15	80.55	75.66	78.71	80.17	0.891170665103	0.899236961777	50	50
14120	14120	92317	92317	76.05	78.97	80.95	74.35	77.92	79.03	76.28	78.92	80.55	75.56	78.61	80.17	0.892617935483	0.896720663771	50	50
14170	14170	92267	92267	76.15	78.90	81.05	74.67	77.92	78.80	76.17	78.85	80.55	75.67	78.56	80.13	0.895675054055	0.895817224338	50	50
14220	14220	92217	92217	76.10	78.83	80.85	74.62	77.80	78.58	76.30	78.85	80.53	75.67	78.49	79.98	0.8948894376	0.89381961841	50	50
14270	14270	92167	92167	76.03	78.60	80.75	74.42	77.65	78.53	76.17	78.85	80.50	75.54	78.37	79.92	0.893433829737	0.8939164134	50	50
14320	14320	92117	92117	75.75	78.60	80.47	74.28	77.55	78.47	76.03	78.62	80.65	75.35	78.26	79.87	0.892540808668	0.895380614341	50	50
14370	14370	92067	92067	75.92	78.53	80.47	74.20	77.58	78.55	75.75	78.75	80.58	75.29	78.28	79.87	0.891802715019	0.896169853212	50	50
14420	14420	92017	92017	75.80	78.40	80.53	74.15	77.33	78.33	75.85	78.75	80.35	75.27	78.16	79.73	0.892818413642	0.89922182614	50	50
14470	14470	91967	91967	75.62	78.50	80.38	74.10	77.30	78.33	75.70	78.72	80.25	75.14	78.17	79.65	0.893886210111	0.902101247621	50	50
14520	14520	91917	91917	75.50	78.35	80.55	74.05	77.25	78.28	75.70	78.45	80.03	75.08	78.02	79.62	0.893231821011	0.901270626944	50	50
14570	14570	91867	91867	75.40	78.33	80.42	73.90	77.12	78.08	75.70	78.45	80.00	75.00	77.97	79.50	0.894091277873	0.899836205434	50	50
14620	14620	91817	91817	75.40	78.15	80.30	73.92	76.95	78.17	75.67	78.42	80.05	75.00	77.84	79.51	0.894699700289	0.899890128774	50	50
14670	14670	91767	91767	75.33	78.17	80.25	73.80	76.95	78.05	75.70	78.45	80.05	74.94	77.86	79.45	0.893039662984	0.899150201759	50	50
14720	14720	91717	91717	75.25	78.17	80.05	73.88	76.80	77.85	75.88	78.38	79.80	75.00	77.78	79.23	0.892880441592	0.898333904004	50	50
14770	14770	91667	91667	75.28	78.03	79.75	74.00	76.65	77.75	75.85	78.25	79.65	75.04	77.64	79.05	0.892633276297	0.898974556751	50	50
14820	14820	91617	91617	75.15	78.05	79.65	73.83	76.60	77.65	75.85	78.12	79.53	74.94	77.59	78.94	0.893600214446	0.898796283352	50	50
14870	14870	91567	91567	75.22	78.05	79.58	73.72	76.40	77.42	75.92	78.15	79.42	74.96	77.53	78.81	0.893171109386	0.896953724604	50	50
14920	14920	91517	91517	75.15	77.70	79.38	73.58	76.38	77.35	75.78	77.97	79.28	74.83	77.35	78.67	0.892974466098	0.896120677977	50	50
14970	14970	91467	91467	75.17	77.58	79.30	73.55	76.25	77.38	75.75	77.92	79.05	74.83	77.25	78.58	0.894920294115	0.897077453895	50	50
15020	15020	91417	91417	75.12	77.38	79.28	73.47	76.20	77.25	75.85	77.80	79.20	74.82	77.12	78.58	0.89574442797	0.898577870134	50	50
15070	15070	91367	91367	75.12	77.42	79.05	73.33	76.22	77.15	75.75	77.62	79.33	74.73	77.09	78.51	0.896807060046	0.899302999845	50	50
15120	15120	91317	91317	74.88	77.35	79.08	73.38	76.17	77.12	75.65	77.58	79.17	74.63	77.03	78.46	0.896075232155	0.900474057134	50	50
15170	15170	91267	91267	74.85	77.25	78.95	73.40	76.05	77.03	75.62	77.58	79.15	74.62	76.96	78.38	0.896714507687	0.899578809434	50	50
15220	15220	91217	91217	74.88	77.33	79.03	73.53	75.97	76.92	75.70	77.55	79.03	74.70	76.95	78.33	0.897220420714	0.900894409809	50	50
15270	15270	91167	91167	74.90	77.12	78.92	73.50	75.78	76.80	75.55	77.30	79.00	74.65	76.73	78.24	0.896390099626	0.902681880101	50	50
15320	15320	91117	91117	74.80	77.17	78.70	73.45	75.60	76.58	75.58	77.15	79.00	74.61	76.64	78.09	0.895996868784	0.90263297588	50	50
15370	15370	91067	91067	74.90	77.35	78.65	73.38	75.38	76.47	75.50	77.05	78.75	74.59	76.59	77.96	0.896168679535	0.90355260118	50	50
15420	15420	91017	91017	74.78	77.33	78.58	73.45	75.35	76.53	75.38	77.05	78.70	74.53	76.58	77.93	0.897472930148	0.904341912422	50	50
15470	15470	90967	90967	74.70	77.33	78.47	73.38	75.15	76.50	75.20	77.10	78.45	74.42	76.53	77.81	0.897014180403	0.904842900738	50	50
15520	15520	90917	90917	74.72	77.17	78.38	73.28	75.28	76.50	75.08	76.97	78.42	74.36	76.47	77.77	0.894925250177	0.90470257351	50	50
15570	15570	90867	90867	74.62	77.17	78.33	73.15	75.12	76.38	74.97	76.92	78.35	74.25	76.41	77.68	0.895410936214	0.907135330318	50	50
15620	15620	90817	90817	74.67	77.17	78.17	73.12	75.00	76.22	75.03	76.78	78.25	74.28	76.32	77.55	0.89609428305	0.908340535743	50	50
15670	15670	90767	90767	74.33	77.22	78.08	73.10	75.12	76.08	74.95	76.75	78.22	74.12	76.37	77.46	0.89710298122	0.907585464701	50	50
15720	15720	90717	90717	74.38	76.92	78.08	73.05	75.00	75.95	74.92	76.58	78.10	74.12	76.17	77.38	0.898112315379	0.907883517789	50	50
15770	15770	90667	90667	74.17	77.08	77.90	72.92	74.83	76.00	74.78	76.65	77.92	73.96	76.18	77.28	0.89856689069	0.908413278167	50	50
15820	15820	90617	90617	74.28	76.95	77.85	72.75	74.83	75.88	74.78	76.62	77.85	73.93	76.13	77.19	0.899355061543	0.908059109131	50	50
15870	15870	90567	90567	74.10	76.88	77.78	72.85	74.75	75.92	74.83	76.38	77.75	73.92	76.00	77.15	0.899967823898	0.90843935515	50	50
15920	15920	90517	90517	74.12	76.95	77.70	72.80	74.62	75.83	74.60	76.35	77.58	73.84	75.97	77.03	0.898264077103	0.908267979968	50	50
15970	15970	90467	90467	74.15	76.72	77.58	72.88	74.47	75.80	74.70	76.22	77.60	73.91	75.81	76.99	0.898298328799	0.910418946408	50	50
16020	16020	90417	90417	74.17	76.60	77.58	72.83	74.60	75.80	74.47	76.15	77.65	73.83	75.78	77.01	0.897367680994	0.909134251106	50	50
16070	16070	90367	90367	74.08	76.50	77.33	72.70	74.53	75.92	74.50	75.95	77.62	73.76	75.66	76.96	0.897416819387	0.907753228272	50	50
16120	16120	90317	90317	73.80	76.42	77.22	72.72	74.35	75.80	74.55	75.97	77.42	73.69	75.58	76.82	0.897233677384	0.908940993836	50	50
16170	16170	90267	90267	73.42	76.20	77.22	72.55	74.17	75.67	74.42	75.83	77.45	73.47	75.40	76.78	0.897655048437	0.909539181081	50	50
16220	16220	90217	90217	73.47	76.20	77.25	72.50	74.35	75.62	74.12	75.83	77.20	73.37	75.46	76.69	0.898533641576	0.909164227484	50	50
16270	16270	90167	90167	73.42	76.05	77.20	72.47	74.40	75.50	74.12	75.78	77.03	73.34	75.41	76.58	0.898777223383	0.907903928932	50	50
16320	16320	90117	90117	73.25	75.92	77.10	72.17	74.25	75.53	74.30	75.72	76.88	73.24	75.30	76.50	0.90136327288	0.908744370967	50	50
16370	16370	90067	90067	73.33	75.70	76.97	72.12	74.03	75.53	74.20	75.67	76.67	73.22	75.13	76.39	0.900581503211	0.908872874283	50	50
16420	16420	90017	90017	73.10	75.58	76.92	72.03	74.08	75.45	74.28	75.53	76.70	73.13	75.06	76.36	0.900514204654	0.908170384519	50	50
16470	16470	89967	89967	73.05	75.55	76.75	72.00	73.95	75.42	74.08	75.50	76.70	73.04	75.00	76.29	0.901754028764	0.907690704562	50	50
16520	16520	89917	89917	73.05	75.60	76.70	72.05	73.90	75.40	74.05	75.40	76.65	73.05	74.97	76.25	0.902398685939	0.908063718018	50	50
16570	16570	89867	89867	73.00	75.42	76.60	72.17	73.85	75.42	73.95	75.40	76.65	73.04	74.89	76.22	0.902203956718	0.908024634145	50	50
16620	16620	89817	89817	72.90	75.35	76.53	72.05	73.78	75.10	73.95	75.33	76.47	72.97	74.82	76.03	0.900577375488	0.907121145779	50	50
16670	16670	89767	89767	72.90	75.10	76.47	71.97	73.62	74.95	73.75	75.22	76.40	72.88	74.65	75.94	0.901394425224	0.907680663568	50	50
16720	16720	89717	89717	72.67	74.97	76.40	72.03	73.55	74.88	73.72	75.22	76.38	72.81	74.58	75.88	0.902670830679	0.906772959553	50	50
16770	16770	89667	89667	72.45	74.97	76.40	71.90	73.62	74.88	73.53	75.33	76.20	72.62	74.64	75.83	0.903765301465	0.907253442342	50	50
16820	16820	89617	89617	72.50	74.78	76.28	71.83	73.47	74.72	73.45	75.35	76.33	72.59	74.53	75.78	0.903293738493	0.907416416431	50	50
16870	16870	89567	89567	72.40	74.72	76.17	71.65	73.60	74.65	73.45	75.08	76.12	72.50	74.47	75.65	0.90339029069	0.906194457998	50	50
16920	16920	89517	89517	72.30	74.75	76.10	71.58	73.55	74.53	73.38	75.05	76.10	72.42	74.45	75.58	0.90359270458	0.905871319212	50	50
16970	16970	89467	89467	72.35	74.62	76.00	71.70	73.38	74.45	73.28	75.03	75.92	72.44	74.34	75.46	0.903540336396	0.905723805962	50	50
17020	17020	89417	89417	72.28	74.72	75.92	71.72	73.28	74.35	73.22	75.03	75.90	72.41	74.34	75.39	0.904222581807	0.90616315955	50	50
17070	17070	89367	89367	72.25	74.65	75.80	71.58	73.20	74.20	73.40	75.10	75.80	72.41	74.32	75.27	0.904126723441	0.905776052492	50	50
17120	17120	89317	89317	72.20	74.45	75.67	71.58	73.22	74.08	73.53	75.00	75.78	72.43	74.22	75.17	0.902620544829	0.907330245344	50	50
17170	17170	89267	89267	72.20	74.55	75.60	71.60	73.10	74.10	73.40	75.03	75.78	72.40	74.22	75.16	0.902688356901	0.907366130821	50	50
17220	17220	89217	89217	71.95	74.42	75.53	71.62	73.00	73.97	73.42	74.83	75.83	72.33	74.08	75.11	0.903369708839	0.906527719124	50	50
17270	17270	89167	89167	71.88	74.33	75.47	71.40	72.85	73.88	73.33	74.85	75.83	72.20	74.01	75.06	0.902790382216	0.906729242583	50	50
17320	17320	89117	89117	71.85	74.12	75.35	71.33	72.88	73.78	73.25	74.78	75.62	72.14	73.92	74.92	0.902450120184	0.907330295392	50	50
17370	17370	89067	89067	71.85	74.22	75.28	71.33	72.67	73.65	73.17	74.78	75.45	72.12	73.89	74.79	0.901863560819	0.90784532627	50	50
17420	17420	89017	89017	71.70	74.20	75.22	71.10	72.67	73.50	73.08	74.70	75.35	71.96	73.86	74.69	0.902048479633	0.908573965984	50	50
17470	17470	88967	88967	71.60	73.97	75.17	70.85	72.60	73.42	72.88	74.75	75.22	71.78	73.78	74.61	0.90228745076	0.908051910874	50	50
17520	17520	88917	88917	71.42	74.08	75.12	70.80	72.58	73.38	72.72	74.75	75.08	71.65	73.80	74.53	0.903067335381	0.909111123899	50	50
17570	17570	88867	88867	71.33	73.78	75.05	70.53	72.35	73.22	72.58	74.67	75.12	71.47	73.60	74.47	0.903511868128	0.90844511662	50	50
17620	17620	88817	88817	71.20	73.65	75.08	70.55	72.42	73.20	72.58	74.62	75.10	71.44	73.57	74.46	0.903314344007	0.908231578284	50	50
17670	17670	88767	88767	71.15	73.62	74.80	70.55	72.40	73.22	72.60	74.62	75.05	71.43	73.55	74.36	0.904454817178	0.908720433021	50	50
17720	17720	88717	88717	71.10	73.38	74.72	70.50	72.30	73.03	72.55	74.55	74.92	71.38	73.41	74.22	0.90460427929	0.909929319567	50	50
17770	17770	88667	88667	71.08	73.33	74.70	70.38	72.17	72.97	72.50	74.42	74.85	71.32	73.31	74.17	0.904386999093	0.910954002314	50	50
17820	17820	88617	88617	71.12	73.25	74.70	70.33	72.12	72.80	72.50	74.45	74.75	71.32	73.28	74.08	0.904279220133	0.910503882696	50	50
17870	17870	88567	88567	71.10	73.17	74.62	70.33	71.95	72.67	72.40	74.58	74.72	71.28	73.23	74.01	0.905674538533	0.910290755701	50	50
17920	17920	88517	88517	70.90	73.15	74.55	70.12	71.83	72.55	72.30	74.42	74.62	71.11	73.13	73.91	0.90613511592	0.90944552913	50	50
17970	17970	88467	88467	70.70	73.03	74.40	70.08	71.90	72.47	72.33	74.35	74.65	71.03	73.09	73.84	0.905267507646	0.909312273958	50	50
18020	18020	88417	88417	70.62	72.97	74.22	69.95	71.85	72.50	72.15	74.38	74.55	70.91	73.07	73.76	0.904779573603	0.909959497075	50	50
18070	18070	88367	88367	70.50	72.80	74.22	69.88	71.70	72.53	72.00	74.30	74.50	70.79	72.93	73.75	0.904401495578	0.910321523239	50	50
18120	18120	88317	88317	70.47	72.90	74.17	69.80	71.85	72.40	71.92	74.17	74.47	70.73	72.97	73.68	0.904883829136	0.910759573734	50	50
18170	18170	88267	88267	70.47	72.90	74.33	69.65	71.85	72.35	71.88	74.15	74.40	70.67	72.97	73.69	0.905351167366	0.910734034056	50	50
18220	18220	88217	88217	70.45	72.88	74.25	69.70	71.62	72.30	71.95	74.15	74.35	70.70	72.88	73.63	0.904980720377	0.909926647971	50	50
18270	18270	88167	88167	70.42	72.78	74.08	69.65	71.70	72.28	71.88	74.03	74.28	70.65	72.83	73.54	0.905293228391	0.909064541514	50	50
18320	18320	88117	88117	70.35	72.67	74.08	69.47	71.55	72.03	71.70	74.00	74.15	70.51	72.74	73.42	0.906504153195	0.909301722155	50	50
18370	18370	88067	88067	70.58	72.65	73.95	69.50	71.40	71.92	71.72	73.95	74.15	70.60	72.67	73.34	0.90720463328	0.909285705583	50	50
18420	18420	88017	88017	70.53	72.70	73.70	69.40	71.35	71.92	71.60	73.97	74.00	70.51	72.67	73.21	0.908109295395	0.910018216555	50	50
18470	18470	87967	87967	70.62	72.75	73.62	69.38	71.12	71.78	71.55	73.90	73.90	70.52	72.59	73.10	0.908355956958	0.909847105793	50	50
18520	18520	87917	87917	70.58	72.62	73.50	69.20	71.00	71.80	71.50	73.88	73.70	70.42	72.50	73.00	0.908488649199	0.910024622452	50	50
18570	18570	87867	87867	70.53	72.42	73.45	69.15	71.17	71.85	71.50	73.75	73.72	70.39	72.45	73.01	0.908435095032	0.910614234265	50	50
18620	18620	87817	87817	70.30	72.47	73.33	69.15	71.17	71.70	71.33	73.80	73.78	70.26	72.48	72.93	0.910118522743	0.910981636048	50	50
18670	18670	87767	87767	70.40	72.47	73.28	69.15	71.08	71.70	71.35	73.80	73.62	70.30	72.45	72.87	0.911319349346	0.911458038998	50	50
18720	18720	87717	87717	70.35	72.45	73.15	69.20	71.03	71.70	71.38	73.83	73.55	70.31	72.43	72.80	0.911802445996	0.912123621688	50	50
18770	18770	87667	87667	70.25	72.40	72.88	69.20	71.03	71.58	71.30	73.72	73.47	70.25	72.38	72.64	0.912315761419	0.912163117684	50	50
18820	18820	87617	87617	70.30	72.35	72.85	69.15	70.97	71.50	71.15	73.53	73.17	70.20	72.28	72.51	0.911437001884	0.911317821539	50	50
18870	18870	87567	87567	70.30	72.30	72.80	69.03	71.03	71.45	71.22	73.47	73.15	70.18	72.27	72.47	0.910922812944	0.912835090431	50	50
18920	18920	87517	87517	70.20	72.17	72.70	69.05	70.78	71.25	71.20	73.25	73.08	70.15	72.07	72.34	0.910789686992	0.913636889798	50	50
18970	18970	87467	87467	70.17	72.10	72.67	69.03	70.72	71.17	71.10	73.28	72.95	70.10	72.03	72.27	0.911249822886	0.913208955767	50	50
19020	19020	87417	87417	70.12	71.95	72.53	69.00	70.65	71.10	71.10	73.17	72.95	70.08	71.92	72.19	0.910794910197	0.912689881844	50	50
19070	19070	87367	87367	70.20	71.78	72.38	69.00	70.55	71.03	71.05	73.05	72.83	70.08	71.79	72.08	0.910346835892	0.91261523884	50	50
19120	19120	87317	87317	70.12	71.75	72.30	69.05	70.55	71.03	71.05	73.10	72.90	70.08	71.80	72.08	0.911283646322	0.912991314075	50	50
19170	19170	87267	87267	70.10	71.67	72.30	68.97	70.50	71.03	71.03	73.03	72.92	70.03	71.73	72.08	0.911045451547	0.912688945827	50	50
19220	19220	87217	87217	70.12	71.55	72.17	68.88	70.55	70.90	71.08	72.97	72.92	70.03	71.69	72.00	0.911194079847	0.913019654171	50	50
19270	19270	87167	87167	70.22	71.40	72.10	68.83	70.50	70.83	70.95	72.85	72.97	70.00	71.58	71.97	0.910305475193	0.912800712781	50	50
19320	19320	87117	87117	70.17	71.35	72.12	68.83	70.47	70.78	70.95	72.75	72.92	69.98	71.53	71.94	0.909597537134	0.913030670918	50	50
19370	19370	87067	87067	70.08	71.28	72.05	68.85	70.45	70.78	70.95	72.50	72.72	69.96	71.41	71.85	0.909633510027	0.913753638522	50	50
19420	19420	87017	87017	70.03	71.12	71.95	68.83	70.38	70.72	70.88	72.40	72.50	69.91	71.30	71.72	0.910255488855	0.914402285779	50	50
19470	19470	86967	86967	69.95	71.10	71.90	68.83	70.33	70.62	70.65	72.35	72.60	69.81	71.26	71.71	0.910474384517	0.914280321814	50	50
19520	19520	86917	86917	69.78	70.88	71.72	68.67	70.25	70.62	70.53	72.15	72.58	69.66	71.09	71.64	0.911279157294	0.915061523725	50	50
19570	19570	86867	86867	69.70	70.83	71.62	68.65	70.30	70.70	70.42	72.12	72.50	69.59	71.08	71.61	0.910278920169	0.914764847837	50	50
19620	19620	86817	86817	69.53	70.72	71.47	68.58	70.28	70.55	70.40	72.00	72.45	69.50	71.00	71.49	0.910874863196	0.914093697462	50	50
19670	19670	86767	86767	69.45	70.60	71.38	68.42	70.17	70.47	70.30	71.92	72.20	69.39	70.90	71.35	0.910539608528	0.914135336836	50	50
19720	19720	86717	86717	69.45	70.50	71.17	68.33	70.10	70.47	70.22	71.90	72.17	69.33	70.83	71.28	0.910112266452	0.914351781461	50	50
19770	19770	86667	86667	69.50	70.50	71.12	68.17	70.00	70.38	70.10	71.83	72.12	69.26	70.78	71.21	0.909990598622	0.914906358904	50	50
19820	19820	86617	86617	69.38	70.30	71.10	68.15	69.97	70.28	70.03	71.70	72.10	69.18	70.66	71.16	0.909741035321	0.915229823733	50	50
19870	19870	86567	86567	69.30	70.50	71.03	68.12	69.88	70.22	69.95	71.67	72.03	69.12	70.68	71.09	0.910016001256	0.914749193529	50	50
19920	19920	86517	86517	69.40	70.45	70.83	68.05	69.90	70.35	69.78	71.67	71.90	69.08	70.67	71.03	0.910039594835	0.914268268421	50	50
19970	19970	86467	86467	69.25	70.35	70.75	67.90	69.88	70.15	69.70	71.55	71.80	68.95	70.59	70.90	0.910367442898	0.914351952921	50	50
20020	20020	86417	86417	69.10	70.35	70.75	67.92	69.80	70.10	69.58	71.42	71.75	68.87	70.53	70.87	0.910551478961	0.914208281133	50	50
20070	20070	86367	86367	69.15	70.40	70.72	67.97	69.75	70.08	69.50	71.47	71.70	68.88	70.54	70.83	0.910547576647	0.914139070418	50	50
20120	20120	86317	86317	69.08	70.33	70.65	67.75	69.72	69.95	69.25	71.47	71.60	68.69	70.51	70.73	0.910861781132	0.914010610288	50	50
20170	20170	86267	86267	69.00	70.33	70.55	67.78	69.72	69.85	69.38	71.40	71.53	68.72	70.48	70.64	0.909702512554	0.91408852098	50	50
20220	20220	86217	86217	68.88	70.28	70.62	67.72	69.58	69.62	69.33	71.40	71.53	68.64	70.42	70.59	0.90955020727	0.913743960011	50	50
20270	20270	86167	86167	68.83	70.25	70.38	67.75	69.35	69.62	69.33	71.35	71.50	68.63	70.32	70.50	0.909660908266	0.914207679987	50	50
20320	20320	86117	86117	68.75	70.15	70.35	67.47	69.25	69.47	69.28	71.17	71.40	68.50	70.19	70.41	0.909697165831	0.914098733507	50	50
20370	20370	86067	86067	68.72	70.05	70.30	67.42	69.22	69.40	69.17	71.10	71.47	68.44	70.12	70.39	0.909804417233	0.913721532001	50	50
20420	20420	86017	86017	68.75	69.88	70.30	67.33	69.12	69.50	69.03	71.10	71.42	68.37	70.03	70.41	0.910242416044	0.914656517769	50	50
20470	20470	85967	85967	68.62	69.75	70.33	67.25	69.10	69.47	69.00	71.03	71.30	68.29	69.96	70.37	0.910802405702	0.914386220309	50	50
20520	20520	85917	85917	68.70	69.85	70.22	67.22	69.10	69.47	68.95	71.03	71.30	68.29	69.99	70.33	0.910943872859	0.915389044644	50	50
20570	20570	85867	85867	68.67	69.78	70.15	67.03	68.95	69.25	68.85	70.88	71.20	68.18	69.87	70.20	0.911042420334	0.915674656093	50	50
20620	20620	85817	85817	68.65	69.67	70.17	67.08	69.00	69.25	68.85	70.70	71.08	68.19	69.79	70.17	0.91121137325	0.915642834737	50	50
20670	20670	85767	85767	68.62	69.60	70.03	66.85	68.80	69.17	68.67	70.70	71.05	68.05	69.70	70.08	0.911424575418	0.915935415013	50	50
20720	20720	85717	85717	68.62	69.47	69.92	66.88	68.90	69.05	68.78	70.55	70.88	68.09	69.64	69.95	0.91095791643	0.916415909139	50	50
20770	20770	85667	85667	68.62	69.33	69.80	66.80	68.85	69.03	68.62	70.53	70.80	68.02	69.57	69.88	0.910542374664	0.917228927557	50	50
20820	20820	85617	85617	68.50	69.33	69.75	66.75	68.72	68.97	68.53	70.50	70.72	67.92	69.52	69.82	0.910471001566	0.917129333297	50	50
20870	20870	85567	85567	68.38	69.25	69.65	66.70	68.60	68.92	68.47	70.45	70.55	67.85	69.43	69.71	0.911113047817	0.917408088993	50	50
20920	20920	85517	85517	68.30	69.20	69.53	66.62	68.65	68.90	68.47	70.47	70.47	67.80	69.44	69.63	0.910998118962	0.917192541169	50	50
20970	20970	85467	85467	68.33	69.22	69.42	66.60	68.60	68.90	68.42	70.45	70.53	67.78	69.42	69.62	0.911077568044	0.916983549363	50	50
21020	21020	85417	85417	68.35	69.22	69.38	66.62	68.65	68.85	68.47	70.42	70.50	67.82	69.43	69.58	0.910921519071	0.917763732593	50	50
21070	21070	85367	85367	68.20	69.05	69.30	66.53	68.65	68.70	68.38	70.33	70.47	67.70	69.34	69.49	0.911248955488	0.917184555635	50	50
21120	21120	85317	85317	68.10	68.97	69.28	66.28	68.67	68.50	68.28	70.22	70.40	67.55	69.29	69.39	0.911488608219	0.916281323025	50	50
