12120	12120	94562	94562	75.05	77.75	79.85	74.55	77.65	79.25	75.30	78.53	79.88	74.97	77.97	79.66	1.86579599781	1.93019018769
12120	12120	94440	94440	75.08	77.75	79.85	74.58	77.65	79.25	75.28	78.53	79.90	74.97	77.97	79.67	1.63977377304	1.70003170364	50	50
12170	12170	94390	94390	74.72	78.33	79.35	74.15	77.25	78.97	74.40	78.10	79.35	74.42	77.89	79.22	1.31759119157	1.36784608462	50	50
12220	12220	94340	94340	73.42	77.50	77.67	73.00	76.70	76.83	72.60	77.42	77.80	73.01	77.21	77.43	1.1465461983	1.19230074354	50	50
12270	12270	94290	94290	72.33	76.12	76.45	72.30	75.78	76.03	71.58	76.50	76.25	72.07	76.13	76.24	1.06393241779	1.09153494605	50	50
12320	12320	94240	94240	71.35	75.42	75.70	71.28	75.47	75.40	71.05	76.45	75.20	71.22	75.78	75.43	0.993377931663	1.03023138507	50	50
12370	12370	94190	94190	71.05	75.05	75.42	71.12	75.12	75.12	71.00	76.15	74.97	71.06	75.44	75.17	0.962281418895	0.97142062967	50	50
12420	12420	94140	94140	71.40	75.12	75.60	71.50	75.17	75.25	71.20	76.25	75.12	71.37	75.52	75.33	0.939149514142	0.947490280021	50	50
12470	12470	94090	94090	71.95	75.33	75.80	71.62	75.25	75.58	71.45	76.42	75.47	71.67	75.67	75.62	0.926905836921	0.932400582736	50	50
12520	12520	94040	94040	72.65	75.50	76.20	72.08	75.40	75.85	71.75	76.55	76.00	72.16	75.82	76.02	0.914071503916	0.923375097184	50	50
12570	12570	93990	93990	73.35	75.88	76.80	72.50	75.35	76.00	72.33	76.60	76.47	72.72	75.94	76.42	0.903474092913	0.92010359409	50	50
12620	12620	93940	93940	73.60	76.22	77.22	73.12	75.85	76.55	72.72	76.85	76.85	73.15	76.31	76.88	0.897378437297	0.918723556686	50	50
12670	12670	93890	93890	74.00	76.55	77.28	73.35	76.22	76.97	73.05	76.92	77.20	73.47	76.57	77.15	0.896674163945	0.916121848197	50	50
12720	12720	93840	93840	74.17	77.10	77.70	73.47	76.40	77.10	73.42	77.20	77.60	73.69	76.90	77.47	0.892830753647	0.908689402756	50	50
12770	12770	93790	93790	74.42	77.38	77.92	73.70	76.58	77.42	73.88	77.20	77.70	74.00	77.05	77.68	0.885654189573	0.903468508121	50	50
12820	12820	93740	93740	74.60	77.25	78.15	73.78	76.85	77.50	74.25	77.35	78.10	74.21	77.15	77.92	0.885137892524	0.8983103665	50	50
12870	12870	93690	93690	74.97	77.45	78.58	73.92	76.83	77.70	74.42	77.62	78.42	74.44	77.30	78.23	0.885128506155	0.90006090511	50	50
12920	12920	93640	93640	75.35	77.58	78.90	74.05	76.85	77.95	74.67	77.67	78.80	74.69	77.37	78.55	0.88052684618	0.895727200373	50	50
12970	12970	93590	93590	75.55	77.80	79.25	74.00	76.92	78.08	74.83	77.90	79.15	74.79	77.54	78.83	0.882501116734	0.895809964254	50	50
13020	13020	93540	93540	75.65	78.00	79.45	74.00	77.20	78.15	74.88	78.15	79.28	74.84	77.78	78.96	0.874987717509	0.893541618147	50	50
13070	13070	93490	93490	75.72	78.33	79.70	74.17	77.45	78.12	74.92	78.15	79.30	74.94	77.97	79.04	0.87359624075	0.895975466206	50	50
13120	13120	93440	93440	75.85	78.45	79.85	74.08	77.47	78.33	74.90	78.22	79.30	74.94	78.05	79.16	0.878959747997	0.893989127782	50	50
13170	13170	93390	93390	75.85	78.60	79.92	74.25	77.22	78.33	75.08	78.35	79.47	75.06	78.06	79.24	0.877362071296	0.892158049598	50	50
13220	13220	93340	93340	75.92	78.60	79.95	74.12	77.10	78.40	75.15	78.25	79.45	75.07	77.98	79.27	0.87817420046	0.891210152252	50	50
13270	13270	93290	93290	75.75	78.53	80.17	74.30	76.97	78.47	75.47	78.40	79.58	75.17	77.97	79.41	0.879542565055	0.89130009264	50	50
13320	13320	93240	93240	76.25	78.53	80.30	74.42	77.20	78.62	75.55	78.30	79.78	75.41	78.01	79.57	0.880029993778	0.894286753326	50	50
13370	13370	93190	93190	76.42	78.50	80.28	74.60	77.20	78.47	75.60	78.20	79.85	75.54	77.97	79.53	0.881195209782	0.893457187276	50	50
13420	13420	93140	93140	76.25	78.35	80.17	74.67	77.10	78.53	75.80	78.03	79.78	75.58	77.83	79.49	0.883051554684	0.894753337132	50	50
13470	13470	93090	93090	76.22	78.50	80.25	74.65	77.00	78.38	75.85	78.00	79.80	75.58	77.83	79.47	0.88361028287	0.893474247542	50	50
13520	13520	93040	93040	76.33	78.58	80.25	74.75	77.08	78.40	75.92	78.15	79.88	75.67	77.93	79.51	0.88203584538	0.894284607913	50	50
13570	13570	92990	92990	76.25	78.67	80.28	74.75	77.05	78.35	76.08	78.28	79.97	75.69	78.00	79.53	0.886817755492	0.898483778464	50	50
13620	13620	92940	92940	76.25	78.83	80.10	74.85	77.12	78.42	76.28	78.15	80.03	75.79	78.03	79.52	0.886432290146	0.899572981038	50	50
13670	13670	92890	92890	76.53	78.72	79.97	74.85	77.10	78.25	76.12	78.03	80.20	75.83	77.95	79.47	0.886885121852	0.899914965676	50	50
13720	13720	92840	92840	76.55	78.75	80.20	74.72	76.90	78.17	76.20	77.97	80.33	75.83	77.88	79.57	0.889318039028	0.897082212179	50	50
13770	13770	92790	92790	76.42	78.67	80.33	74.60	76.85	78.38	76.40	77.95	80.22	75.81	77.83	79.64	0.888772203253	0.894812055735	50	50
13820	13820	92740	92740	76.38	78.70	80.05	74.42	76.70	78.33	76.28	77.88	80.17	75.69	77.76	79.52	0.887693138996	0.893229662793	50	50
13870	13870	92690	92690	76.17	78.65	80.25	74.42	76.60	78.30	76.12	77.95	80.00	75.58	77.73	79.52	0.892116359645	0.892980922125	50	50
13920	13920	92640	92640	76.22	78.65	80.47	74.22	76.50	78.35	75.95	77.85	79.97	75.47	77.67	79.60	0.896064308845	0.897174360574	50	50
13970	13970	92590	92590	76.30	78.55	80.42	74.38	76.62	78.38	76.08	77.62	80.05	75.58	77.60	79.62	0.896702929826	0.899995861835	50	50
14020	14020	92540	92540	76.10	78.62	80.53	74.33	76.72	78.25	76.03	77.53	80.03	75.48	77.62	79.60	0.895333201767	0.90037049684	50	50
14070	14070	92490	92490	76.03	78.42	80.35	74.25	76.58	78.28	75.85	77.58	80.03	75.38	77.53	79.55	0.892616896887	0.901877938691	50	50
14120	14120	92440	92440	75.90	78.53	80.33	74.28	76.60	78.35	75.75	77.60	79.88	75.31	77.58	79.52	0.892438599405	0.900451710146	50	50
14170	14170	92390	92390	75.83	78.58	80.58	74.17	76.70	78.28	75.83	77.67	79.80	75.28	77.65	79.55	0.892227863085	0.899544428829	50	50
14220	14220	92340	92340	75.70	78.53	80.47	74.20	76.47	78.05	75.90	77.62	79.80	75.27	77.54	79.44	0.892648250794	0.899401612698	50	50
14270	14270	92290	92290	75.83	78.47	80.50	74.30	76.40	77.88	75.83	77.62	79.80	75.32	77.50	79.39	0.892005012954	0.900195006896	50	50
14320	14320	92240	92240	75.85	78.38	80.47	74.58	76.10	77.90	75.90	77.50	79.72	75.44	77.33	79.37	0.893586077896	0.901381013371	50	50
14370	14370	92190	92190	75.83	78.47	80.35	74.25	76.15	77.83	75.85	77.50	79.75	75.31	77.38	79.31	0.894499742758	0.903054064421	50	50
14420	14420	92140	92140	75.95	78.35	80.17	74.10	75.95	77.78	75.97	77.65	79.78	75.34	77.32	79.24	0.894367081887	0.901197030148	50	50
14470	14470	92090	92090	75.75	78.50	80.12	74.08	75.88	77.72	75.88	77.53	79.65	75.23	77.30	79.17	0.892263154875	0.901843925238	50	50
14520	14520	92040	92040	75.62	78.53	80.12	73.88	75.75	77.42	75.78	77.40	79.62	75.09	77.22	79.06	0.895414814656	0.902605017491	50	50
14570	14570	91990	91990	75.47	78.35	80.03	73.62	75.90	77.53	75.62	77.30	79.50	74.91	77.18	79.02	0.895985455266	0.903200029344	50	50
14620	14620	91940	91940	75.45	78.22	79.85	73.58	75.95	77.38	75.70	77.22	79.53	74.91	77.13	78.92	0.896384279086	0.900199752922	50	50
14670	14670	91890	91890	75.28	78.10	79.75	73.47	75.78	77.17	75.67	77.20	79.55	74.81	77.03	78.83	0.895024968518	0.898822094656	50	50
14720	14720	91840	91840	75.12	78.05	79.72	73.45	75.88	77.10	75.72	77.20	79.53	74.77	77.04	78.78	0.895893808425	0.901256695587	50	50
14770	14770	91790	91790	75.22	78.03	79.62	73.50	75.88	77.20	75.70	77.22	79.45	74.81	77.04	78.76	0.895773563491	0.901687391896	50	50
14820	14820	91740	91740	75.12	77.97	79.50	73.33	75.70	77.05	75.88	77.45	79.45	74.78	77.04	78.67	0.895902671372	0.903433727763	50	50
14870	14870	91690	91690	74.97	78.10	79.62	73.40	75.72	77.17	75.78	77.22	79.58	74.72	77.02	78.79	0.89556087392	0.901122806945	50	50
14920	14920	91640	91640	75.15	77.92	79.50	73.70	75.60	77.12	75.88	77.25	79.38	74.91	76.92	78.67	0.895925191558	0.901434391634	50	50
14970	14970	91590	91590	75.17	77.88	79.33	73.55	75.45	77.08	75.95	76.97	79.28	74.89	76.77	78.56	0.89713022182	0.901418428736	50	50
15020	15020	91540	91540	75.35	77.60	79.30	73.72	75.47	77.15	75.95	77.10	79.20	75.01	76.72	78.55	0.895731863114	0.901811690613	50	50
15070	15070	91490	91490	75.33	77.53	79.17	73.58	75.42	77.05	75.90	77.00	79.08	74.93	76.65	78.43	0.89484228909	0.902696098906	50	50
15120	15120	91440	91440	75.22	77.38	79.25	73.40	75.47	77.03	75.83	76.97	78.90	74.82	76.61	78.39	0.895220991436	0.905418152179	50	50
15170	15170	91390	91390	75.17	77.58	79.17	73.30	75.60	76.90	75.78	76.92	78.83	74.75	76.70	78.30	0.896305029134	0.907063873393	50	50
15220	15220	91340	91340	75.15	77.50	79.15	73.20	75.62	77.00	75.72	76.88	78.78	74.69	76.67	78.31	0.897302820916	0.906933210866	50	50
15270	15270	91290	91290	75.10	77.38	79.08	73.28	75.47	76.92	75.72	76.75	78.62	74.70	76.53	78.21	0.897598771474	0.90931285897	50	50
15320	15320	91240	91240	74.95	77.30	79.08	73.22	75.35	76.78	75.65	76.88	78.53	74.61	76.51	78.12	0.899037403962	0.909161284223	50	50
15370	15370	91190	91190	74.88	77.20	79.08	73.25	75.28	76.70	75.60	76.78	78.42	74.58	76.42	78.07	0.900044306073	0.907056560994	50	50
15420	15420	91140	91140	74.90	77.17	79.05	73.28	75.08	76.60	75.62	76.88	78.45	74.60	76.38	78.03	0.899057756361	0.907318311623	50	50
15470	15470	91090	91090	74.80	77.10	79.00	73.22	74.95	76.65	75.47	76.85	78.30	74.50	76.30	77.98	0.899152505803	0.907398023843	50	50
15520	15520	91040	91040	74.85	77.08	79.00	73.25	75.10	76.47	75.28	76.67	78.20	74.46	76.28	77.89	0.900164231356	0.907312357769	50	50
15570	15570	90990	90990	74.88	77.12	78.92	73.15	75.05	76.40	75.20	76.67	78.22	74.41	76.28	77.85	0.900376433768	0.907107471596	50	50
15620	15620	90940	90940	75.05	77.00	78.85	73.10	74.97	76.30	75.12	76.53	78.20	74.42	76.17	77.78	0.899250579038	0.909074234077	50	50
15670	15670	90890	90890	74.80	76.90	78.62	73.03	75.00	76.35	75.15	76.40	78.00	74.33	76.10	77.66	0.898836937647	0.909182779028	50	50
15720	15720	90840	90840	74.75	76.85	78.53	72.78	74.95	76.28	75.00	76.33	77.95	74.17	76.04	77.58	0.899395210323	0.908271509624	50	50
15770	15770	90790	90790	74.80	76.75	78.50	72.70	74.92	76.28	74.88	76.38	77.92	74.12	76.02	77.57	0.90027552507	0.907126618795	50	50
15820	15820	90740	90740	74.80	76.58	78.30	72.67	74.62	76.17	74.90	76.22	77.92	74.12	75.81	77.47	0.900786624442	0.907757693839	50	50
15870	15870	90690	90690	74.83	76.45	78.22	72.67	74.65	76.17	74.75	76.22	77.90	74.08	75.78	77.43	0.899572438189	0.90790948333	50	50
15920	15920	90640	90640	74.80	76.35	78.17	72.45	74.62	76.08	74.75	76.12	77.83	74.00	75.70	77.36	0.900178792605	0.90819824625	50	50
15970	15970	90590	90590	74.67	76.25	78.08	72.53	74.55	75.97	74.67	76.22	77.75	73.96	75.67	77.27	0.90058912803	0.908379918274	50	50
16020	16020	90540	90540	74.47	76.30	78.25	72.60	74.45	75.78	74.67	76.10	77.78	73.92	75.62	77.27	0.902099729143	0.909198575766	50	50
16070	16070	90490	90490	74.53	76.30	78.03	72.55	74.55	75.72	74.67	76.00	77.83	73.92	75.62	77.19	0.901720819329	0.908196040489	50	50
16120	16120	90440	90440	74.40	76.25	77.85	72.60	74.50	75.75	74.45	75.88	77.58	73.82	75.54	77.06	0.901784751278	0.908055153132	50	50
16170	16170	90390	90390	74.30	75.97	77.65	72.62	74.40	75.62	74.25	75.70	77.47	73.72	75.36	76.92	0.900612984612	0.90793852008	50	50
16220	16220	90340	90340	74.15	75.85	77.50	72.65	74.50	75.45	74.25	75.72	77.42	73.68	75.36	76.79	0.900858547704	0.907868876578	50	50
16270	16270	90290	90290	73.97	75.85	77.30	72.62	74.50	75.45	74.20	75.60	77.33	73.60	75.32	76.69	0.900081182637	0.907154666124	50	50
16320	16320	90240	90240	73.80	75.67	77.30	72.58	74.38	75.30	74.15	75.55	77.30	73.51	75.20	76.63	0.900409064486	0.907420277791	50	50
16370	16370	90190	90190	73.62	75.67	77.25	72.55	74.20	75.17	74.08	75.47	77.28	73.42	75.12	76.57	0.901323081473	0.907755457303	50	50
16420	16420	90140	90140	73.55	75.75	77.22	72.42	74.08	75.05	74.10	75.42	77.05	73.36	75.08	76.44	0.903069313495	0.908697384628	50	50
16470	16470	90090	90090	73.55	75.65	77.08	72.38	74.08	75.03	74.00	75.30	76.97	73.31	75.01	76.36	0.900538982117	0.909174105771	50	50
16520	16520	90040	90040	73.53	75.70	77.03	72.38	74.15	75.05	74.03	75.22	76.88	73.31	75.03	76.32	0.900443028248	0.908228530834	50	50
16570	16570	89990	89990	73.47	75.62	76.88	72.17	73.92	75.05	73.83	75.30	76.78	73.16	74.95	76.23	0.900344441472	0.907917951385	50	50
16620	16620	89940	89940	73.47	75.62	76.65	72.10	73.92	74.88	73.78	75.22	76.75	73.12	74.92	76.09	0.900671372545	0.907837167236	50	50
16670	16670	89890	89890	73.30	75.40	76.58	71.97	73.72	74.80	73.90	75.25	76.67	73.06	74.79	76.02	0.902325422209	0.908020723638	50	50
16720	16720	89840	89840	73.33	75.33	76.38	71.92	73.58	74.70	73.65	75.12	76.67	72.97	74.67	75.92	0.903042062677	0.908050133756	50	50
16770	16770	89790	89790	73.08	75.45	76.30	71.75	73.53	74.62	73.35	74.95	76.53	72.72	74.64	75.82	0.903347359104	0.908411042861	50	50
16820	16820	89740	89740	73.05	75.40	76.30	71.70	73.45	74.42	73.33	74.90	76.38	72.69	74.58	75.70	0.904838600903	0.908612219869	50	50
16870	16870	89690	89690	72.88	75.30	76.17	71.50	73.58	74.35	73.33	74.80	76.08	72.57	74.56	75.53	0.904350786803	0.908908239171	50	50
16920	16920	89640	89640	72.85	75.12	76.15	71.55	73.47	74.35	73.33	74.67	75.97	72.58	74.42	75.49	0.903362140857	0.909620828735	50	50
16970	16970	89590	89590	72.78	74.95	76.08	71.42	73.35	74.33	73.40	74.67	75.97	72.53	74.33	75.46	0.903819888666	0.908928467611	50	50
17020	17020	89540	89540	72.67	74.92	75.95	71.30	73.10	74.08	73.38	74.62	75.85	72.45	74.22	75.29	0.904341078165	0.909039417319	50	50
17070	17070	89490	89490	72.55	74.72	75.90	71.28	72.97	74.00	73.30	74.72	75.88	72.38	74.14	75.26	0.905920747718	0.909985079607	50	50
17120	17120	89440	89440	72.65	74.62	75.75	71.12	72.95	73.95	73.15	74.70	75.90	72.31	74.09	75.20	0.906005395032	0.909660011515	50	50
17170	17170	89390	89390	72.60	74.65	75.72	71.17	72.90	73.88	73.05	74.72	75.65	72.28	74.09	75.08	0.905470258607	0.90964560716	50	50
17220	17220	89340	89340	72.42	74.38	75.58	70.97	72.80	73.85	72.90	74.72	75.58	72.10	73.97	75.00	0.904893999286	0.909968073114	50	50
17270	17270	89290	89290	72.33	74.17	75.58	71.00	72.75	73.65	72.95	74.72	75.45	72.09	73.88	74.89	0.905522959662	0.911405387279	50	50
17320	17320	89240	89240	72.22	74.03	75.42	70.90	72.55	73.60	72.97	74.75	75.38	72.03	73.78	74.80	0.90583328999	0.911884510522	50	50
17370	17370	89190	89190	72.12	73.92	75.33	70.83	72.50	73.38	72.92	74.78	75.40	71.96	73.73	74.70	0.906134981177	0.912269546209	50	50
17420	17420	89140	89140	72.00	73.85	75.33	70.78	72.60	73.38	72.88	74.78	75.35	71.88	73.74	74.68	0.907068305608	0.912129004618	50	50
17470	17470	89090	89090	71.83	73.78	75.17	70.67	72.55	73.40	72.88	74.67	75.28	71.79	73.67	74.62	0.907377120837	0.912508818755	50	50
17520	17520	89040	89040	71.83	73.72	74.95	70.65	72.42	73.30	72.88	74.62	75.15	71.78	73.59	74.47	0.906810146366	0.911968229413	50	50
17570	17570	88990	88990	71.88	73.62	74.92	70.60	72.45	73.35	72.85	74.67	75.15	71.78	73.58	74.47	0.906319783432	0.911733235588	50	50
17620	17620	88940	88940	71.85	73.60	74.88	70.40	72.28	73.33	72.65	74.55	75.08	71.63	73.47	74.42	0.906866998529	0.910486708907	50	50
17670	17670	88890	88890	71.75	73.65	74.88	70.42	72.05	73.25	72.78	74.53	74.97	71.65	73.41	74.37	0.906967085324	0.909716129887	50	50
17720	17720	88840	88840	71.70	73.55	74.85	70.45	71.92	73.08	72.72	74.47	75.08	71.62	73.32	74.33	0.907962010697	0.909317018946	50	50
17770	17770	88790	88790	71.83	73.35	74.90	70.45	71.72	72.90	72.70	74.38	74.97	71.66	73.15	74.26	0.907245137756	0.909670672302	50	50
17820	17820	88740	88740	71.72	73.30	74.72	70.40	71.72	72.90	72.75	74.40	74.95	71.62	73.14	74.19	0.908136136724	0.909781787794	50	50
17870	17870	88690	88690	71.85	73.30	74.60	70.38	71.65	72.88	72.70	74.30	74.83	71.64	73.08	74.10	0.90655092083	0.9094257883	50	50
17920	17920	88640	88640	71.80	73.28	74.62	70.40	71.78	72.80	72.70	74.25	74.78	71.63	73.10	74.07	0.907127300105	0.909099821966	50	50
17970	17970	88590	88590	71.60	73.15	74.60	70.33	71.75	72.80	72.45	74.08	74.62	71.46	72.99	74.01	0.906540230213	0.909343588028	50	50
18020	18020	88540	88540	71.47	73.12	74.58	70.25	71.62	72.62	72.40	74.05	74.53	71.38	72.93	73.91	0.907550971592	0.909086526325	50	50
18070	18070	88490	88490	71.33	73.08	74.50	70.12	71.62	72.50	72.38	74.00	74.62	71.28	72.90	73.88	0.908767374529	0.910398134566	50	50
18120	18120	88440	88440	71.35	72.92	74.40	70.10	71.60	72.50	72.30	74.10	74.55	71.25	72.88	73.82	0.908962957549	0.910647527508	50	50
18170	18170	88390	88390	71.38	72.83	74.38	70.03	71.47	72.47	72.20	73.90	74.47	71.20	72.73	73.78	0.908547535978	0.910499742928	50	50
18220	18220	88340	88340	71.33	72.75	74.30	70.17	71.30	72.45	72.15	73.83	74.42	71.22	72.62	73.72	0.908730822263	0.910713602325	50	50
18270	18270	88290	88290	71.20	72.72	74.25	70.10	71.30	72.42	71.83	73.65	74.45	71.04	72.56	73.71	0.909755855988	0.91079131201	50	50
18320	18320	88240	88240	71.20	72.67	74.10	70.10	71.12	72.35	71.47	73.60	74.40	70.92	72.47	73.62	0.909623319367	0.911413703068	50	50
18370	18370	88190	88190	71.22	72.47	73.90	70.00	71.08	72.33	71.45	73.53	74.10	70.89	72.36	73.44	0.909432040417	0.911117282605	50	50
18420	18420	88140	88140	71.12	72.40	73.78	69.90	71.00	72.40	71.33	73.42	74.10	70.78	72.28	73.42	0.909745193807	0.912210965619	50	50
18470	18470	88090	88090	71.12	72.33	73.70	69.95	70.88	72.30	71.28	73.35	73.92	70.78	72.18	73.31	0.91029899693	0.911694041231	50	50
18520	18520	88040	88040	71.10	72.30	73.58	69.83	70.85	72.25	71.35	73.35	73.85	70.76	72.17	73.22	0.911556428506	0.912744980484	50	50
18570	18570	87990	87990	70.97	72.17	73.45	69.58	70.78	72.17	71.25	73.33	73.80	70.60	72.09	73.14	0.9103588168	0.912982811903	50	50
18620	18620	87940	87940	71.05	72.20	73.53	69.60	70.60	72.08	71.22	73.45	73.83	70.62	72.08	73.14	0.910503873849	0.912921665639	50	50
18670	18670	87890	87890	71.03	71.90	73.33	69.55	70.62	71.90	71.00	73.35	73.75	70.53	71.96	72.99	0.911032394606	0.914577987595	50	50
18720	18720	87840	87840	70.97	71.90	73.20	69.33	70.40	72.03	71.08	73.22	73.80	70.46	71.84	73.01	0.910759614848	0.913848747674	50	50
18770	18770	87790	87790	71.03	71.83	73.08	69.35	70.35	71.85	70.88	73.22	73.45	70.42	71.80	72.79	0.910887765024	0.913800995504	50	50
18820	18820	87740	87740	71.08	71.90	73.17	69.45	70.20	71.90	70.92	73.22	73.40	70.48	71.78	72.83	0.911637901001	0.91399191393	50	50
18870	18870	87690	87690	71.00	71.78	73.08	69.50	70.25	71.88	71.05	73.25	73.35	70.52	71.76	72.77	0.911227756592	0.913569821236	50	50
18920	18920	87640	87640	70.90	71.75	73.03	69.38	70.22	71.78	71.03	73.17	73.38	70.43	71.72	72.72	0.91134466815	0.913512028252	50	50
18970	18970	87590	87590	70.80	71.67	72.90	69.35	70.28	71.78	70.97	72.95	73.20	70.38	71.63	72.62	0.910904187279	0.91431748749	50	50
19020	19020	87540	87540	70.70	71.72	72.88	69.33	70.15	71.75	70.90	72.90	73.15	70.31	71.59	72.59	0.911549723814	0.913209738373	50	50
19070	19070	87490	87490	70.67	71.70	72.88	69.22	70.15	71.62	70.83	72.78	73.12	70.24	71.54	72.54	0.911387433477	0.913168442038	50	50
19120	19120	87440	87440	70.70	71.65	72.65	69.17	70.10	71.53	70.90	72.75	72.90	70.26	71.50	72.36	0.911562990385	0.913282584437	50	50
19170	19170	87390	87390	70.67	71.55	72.45	69.15	69.95	71.58	70.90	72.62	72.78	70.24	71.38	72.27	0.911573616365	0.913736228885	50	50
19220	19220	87340	87340	70.58	71.45	72.40	69.10	69.90	71.50	70.92	72.42	72.72	70.20	71.26	72.21	0.911701793421	0.914025220874	50	50
19270	19270	87290	87290	70.60	71.53	72.17	68.97	70.10	71.38	70.83	72.38	72.65	70.13	71.33	72.07	0.911712148497	0.913445291747	50	50
19320	19320	87240	87240	70.53	71.38	72.10	68.97	69.92	71.22	70.83	72.38	72.60	70.11	71.22	71.97	0.911249016133	0.911808956711	50	50
19370	19370	87190	87190	70.47	71.35	72.03	68.92	69.95	71.22	70.78	72.05	72.50	70.06	71.12	71.92	0.911533064403	0.912451449877	50	50
19420	19420	87140	87140	70.42	71.40	72.03	68.88	69.70	71.20	70.85	71.90	72.45	70.05	71.00	71.89	0.911420458602	0.912633995203	50	50
19470	19470	87090	87090	70.45	71.38	71.85	68.90	69.67	71.12	70.83	71.75	72.38	70.06	70.93	71.78	0.91133886677	0.912526728421	50	50
19520	19520	87040	87040	70.42	71.30	71.80	68.90	69.70	71.10	70.80	71.72	72.22	70.04	70.91	71.71	0.911956770908	0.913279229436	50	50
19570	19570	86990	86990	70.38	71.25	71.75	68.90	69.67	70.92	70.60	71.83	72.05	69.96	70.92	71.58	0.91147953783	0.913236455363	50	50
19620	19620	86940	86940	70.30	71.17	71.70	68.88	69.67	70.75	70.53	71.78	72.03	69.90	70.88	71.49	0.910679254086	0.913854599603	50	50
19670	19670	86890	86890	70.30	71.17	71.62	68.88	69.50	70.78	70.53	71.85	71.97	69.90	70.84	71.46	0.910835135905	0.914122252318	50	50
19720	19720	86840	86840	70.22	70.97	71.70	68.75	69.25	70.75	70.40	71.70	71.97	69.79	70.64	71.47	0.911192265952	0.914431857607	50	50
19770	19770	86790	86790	70.17	70.80	71.50	68.67	69.22	70.55	70.38	71.72	71.92	69.74	70.58	71.33	0.91113630057	0.914573514649	50	50
19820	19820	86740	86740	70.15	70.75	71.50	68.53	69.30	70.40	70.38	71.50	71.92	69.68	70.52	71.28	0.9115766103	0.915038524878	50	50
19870	19870	86690	86690	70.10	70.78	71.33	68.42	69.17	70.28	70.25	71.38	71.85	69.59	70.44	71.15	0.910948096116	0.914776589481	50	50
19920	19920	86640	86640	70.10	70.80	71.25	68.38	69.05	70.25	70.25	71.33	71.85	69.58	70.39	71.12	0.911484447968	0.914879631771	50	50
19970	19970	86590	86590	70.12	70.78	71.12	68.30	69.00	70.17	70.15	71.38	71.72	69.53	70.38	71.01	0.911248316439	0.914493199863	50	50
20020	20020	86540	86540	69.95	70.65	71.10	68.20	69.00	70.03	70.10	71.25	71.70	69.42	70.30	70.94	0.912344027889	0.914439367828	50	50
20070	20070	86490	86490	69.88	70.58	71.05	68.22	68.85	70.05	70.00	71.10	71.70	69.37	70.17	70.93	0.912141224742	0.913858872714	50	50
20120	20120	86440	86440	69.88	70.40	71.03	68.08	68.67	70.00	70.05	71.03	71.58	69.33	70.03	70.87	0.912819346831	0.913495970631	50	50
20170	20170	86390	86390	69.92	70.35	70.92	68.08	68.67	69.85	70.05	70.85	71.50	69.35	69.96	70.76	0.912767748924	0.914125065997	50	50
20220	20220	86340	86340	69.78	70.25	70.85	68.03	68.58	69.67	69.97	70.75	71.33	69.26	69.86	70.62	0.912427506445	0.913665402859	50	50
20270	20270	86290	86290	69.58	70.20	70.75	67.85	68.47	69.65	70.03	70.75	71.20	69.15	69.81	70.53	0.912835934547	0.914207190749	50	50
20320	20320	86240	86240	69.67	70.22	70.72	67.83	68.45	69.55	69.85	70.75	71.25	69.12	69.81	70.51	0.913009074948	0.914490736978	50	50
20370	20370	86190	86190	69.65	70.15	70.62	67.72	68.33	69.45	69.80	70.58	71.17	69.06	69.68	70.42	0.912799516035	0.913563278741	50	50
20420	20420	86140	86140	69.58	69.88	70.58	67.47	68.33	69.42	69.72	70.40	71.05	68.92	69.53	70.35	0.913374054987	0.913594689519	50	50
20470	20470	86090	86090	69.50	69.83	70.45	67.40	68.25	69.35	69.53	70.22	70.97	68.81	69.43	70.26	0.913593198747	0.914154805639	50	50
20520	20520	86040	86040	69.40	69.75	70.33	67.33	68.30	69.20	69.53	70.15	70.97	68.75	69.40	70.17	0.914041650149	0.915121763855	50	50
20570	20570	85990	85990	69.20	69.60	70.30	67.38	68.30	69.12	69.45	70.10	70.90	68.67	69.33	70.11	0.913606631478	0.914527377398	50	50
20620	20620	85940	85940	69.15	69.53	70.20	67.28	68.20	69.15	69.40	70.15	70.65	68.61	69.29	70.00	0.914058065447	0.91491975605	50	50
20670	20670	85890	85890	69.17	69.47	70.20	67.30	68.17	69.05	69.28	70.20	70.67	68.58	69.28	69.97	0.914010355192	0.915078514727	50	50
20720	20720	85840	85840	69.12	69.58	70.05	67.10	68.10	69.05	69.10	70.17	70.60	68.44	69.28	69.90	0.914064752174	0.914825922213	50	50
20770	20770	85790	85790	68.92	69.45	69.88	66.97	68.08	69.00	69.00	70.20	70.60	68.30	69.24	69.83	0.913842402592	0.913934041614	50	50
20820	20820	85740	85740	68.90	69.35	69.83	66.95	68.08	68.85	69.10	70.10	70.60	68.32	69.17	69.76	0.913996334269	0.914530681048	50	50
20870	20870	85690	85690	68.95	69.33	69.78	66.72	68.05	68.80	69.05	69.95	70.53	68.24	69.11	69.70	0.913848654638	0.91502039674	50	50
20920	20920	85640	85640	68.92	69.25	69.60	66.70	67.95	68.72	69.10	69.90	70.47	68.24	69.03	69.60	0.913829797349	0.91580435602	50	50
20970	20970	85590	85590	68.90	69.30	69.55	66.67	68.00	68.67	69.10	69.78	70.40	68.22	69.03	69.54	0.914303059095	0.916058568389	50	50
21020	21020	85540	85540	68.88	69.08	69.58	66.55	67.88	68.65	69.05	69.65	70.33	68.16	68.87	69.52	0.914375452583	0.916248504151	50	50
21070	21070	85490	85490	68.78	69.08	69.45	66.55	67.88	68.58	68.92	69.60	70.15	68.08	68.85	69.39	0.914499779507	0.916606613633	50	50
21120	21120	85440	85440	68.80	68.95	69.35	66.50	67.70	68.40	68.78	69.60	70.15	68.03	68.75	69.30	0.914159279521	0.917080778621	50	50
21170	21170	85390	85390	68.72	68.83	69.28	66.45	67.70	68.38	68.75	69.65	70.03	67.97	68.72	69.22	0.91430192742	0.916159929469	50	50
