12120	12120	94562	94562	75.08	77.72	79.85	74.58	77.65	79.25	75.30	78.53	79.90	74.98	77.97	79.67	1.35802853291	1.48423398969
12120	12120	94065	94065	75.08	77.75	79.85	74.58	77.65	79.28	75.28	78.53	79.90	74.97	77.97	79.67	1.30243573489	1.42921221843	50	50
12170	12170	94015	94015	74.92	77.83	78.95	74.00	77.25	79.03	74.45	78.22	79.33	74.46	77.77	79.10	1.16211509354	1.24976081042	50	50
12220	12220	93965	93965	73.97	76.12	77.80	73.45	76.42	77.90	74.00	77.17	78.03	73.81	76.58	77.91	1.07367501321	1.13232424902	50	50
12270	12270	93915	93915	73.22	75.75	77.17	73.33	76.17	77.17	73.33	77.20	77.45	73.29	76.38	77.27	1.02066259667	1.04707894231	50	50
12320	12320	93865	93865	73.05	75.25	76.83	73.08	75.90	76.72	73.03	76.88	77.03	73.05	76.01	76.86	0.987577947005	1.00789721415	50	50
12370	12370	93815	93815	73.05	75.33	76.78	73.05	75.90	76.75	73.00	76.78	76.95	73.03	76.00	76.83	0.96418034719	0.981056536453	50	50
12420	12420	93765	93765	73.12	75.33	76.88	73.22	75.95	76.78	73.03	76.72	77.05	73.12	76.00	76.90	0.949191368849	0.964542493383	50	50
12470	12470	93715	93715	73.12	75.53	77.15	73.42	76.10	76.90	73.35	76.97	77.28	73.30	76.20	77.11	0.930969276148	0.94969615988	50	50
12520	12520	93665	93665	73.62	75.58	77.15	73.45	76.17	77.25	73.70	77.17	77.50	73.59	76.31	77.30	0.920545979222	0.938227868855	50	50
12570	12570	93615	93615	73.78	75.75	77.47	73.47	76.30	77.70	73.88	77.05	77.62	73.71	76.37	77.60	0.914657302945	0.933724672993	50	50
12620	12620	93565	93565	74.03	75.90	77.72	73.45	76.35	77.83	73.92	77.05	77.85	73.80	76.43	77.80	0.913921717243	0.92902950544	50	50
12670	12670	93515	93515	74.25	76.30	78.12	73.65	76.38	77.97	74.08	77.30	78.35	73.99	76.66	78.15	0.908274885585	0.927183689059	50	50
12720	12720	93465	93465	74.30	76.47	78.38	73.83	76.55	78.30	74.03	77.50	78.60	74.05	76.84	78.42	0.906953679786	0.920071400681	50	50
12770	12770	93415	93415	74.60	76.67	78.50	74.10	76.62	78.45	74.40	77.70	78.72	74.37	77.00	78.56	0.903751984722	0.914370826937	50	50
12820	12820	93365	93365	74.85	76.97	78.60	74.17	76.72	78.58	74.55	77.72	78.88	74.53	77.14	78.68	0.89926910379	0.912501920273	50	50
12870	12870	93315	93315	75.00	76.92	78.85	74.28	76.72	78.67	74.75	77.83	79.00	74.67	77.16	78.84	0.896631853031	0.906847813479	50	50
12920	12920	93265	93265	75.15	77.17	79.00	74.28	76.92	78.83	75.05	77.78	79.17	74.83	77.29	79.00	0.895967707199	0.908539647445	50	50
12970	12970	93215	93215	75.22	77.38	79.12	74.28	77.17	79.03	75.12	77.80	79.33	74.88	77.45	79.16	0.893462782441	0.907495746892	50	50
13020	13020	93165	93165	75.15	77.55	79.35	74.47	77.12	79.15	75.50	77.92	79.45	75.04	77.53	79.32	0.893950323455	0.908395025171	50	50
13070	13070	93115	93115	75.08	77.70	79.53	74.40	77.22	79.38	75.35	77.97	79.50	74.94	77.63	79.47	0.894826326217	0.907457870476	50	50
13120	13120	93065	93065	75.22	77.95	79.72	74.55	77.33	79.30	75.47	78.12	79.67	75.08	77.80	79.57	0.894242260199	0.907938903841	50	50
13170	13170	93015	93015	75.12	77.88	79.97	74.55	77.45	79.30	75.47	78.17	79.75	75.05	77.83	79.67	0.893378699289	0.910007784944	50	50
13220	13220	92965	92965	75.20	78.03	79.97	74.53	77.53	79.42	75.55	78.22	79.88	75.09	77.92	79.76	0.89214144197	0.909469420975	50	50
13270	13270	92915	92915	75.42	78.17	80.10	74.70	77.58	79.38	75.50	78.50	80.00	75.21	78.08	79.83	0.892486184265	0.905810262093	50	50
13320	13320	92865	92865	75.35	78.33	80.12	74.72	77.50	79.33	75.65	78.58	80.05	75.24	78.13	79.83	0.896021502184	0.902682518163	50	50
13370	13370	92815	92815	75.35	78.40	80.20	74.62	77.42	79.25	75.65	78.55	79.80	75.21	78.12	79.75	0.893360474805	0.903120211825	50	50
13420	13420	92765	92765	75.50	78.38	80.38	74.72	77.55	79.20	75.83	78.72	79.88	75.35	78.22	79.82	0.891691132551	0.898805389087	50	50
13470	13470	92715	92715	75.60	78.45	80.28	74.85	77.67	79.20	75.75	78.80	79.92	75.40	78.31	79.80	0.892350025515	0.898569931219	50	50
13520	13520	92665	92665	75.62	78.30	80.45	74.72	77.35	79.20	75.85	78.78	80.03	75.40	78.14	79.89	0.891980436541	0.895790261441	50	50
13570	13570	92615	92615	75.85	78.28	80.40	74.78	77.25	79.30	75.85	78.67	79.97	75.49	78.07	79.89	0.892159137689	0.895661182784	50	50
13620	13620	92565	92565	75.97	78.15	80.40	75.03	77.47	79.40	76.03	78.58	79.97	75.67	78.07	79.92	0.890699384922	0.896878687964	50	50
13670	13670	92515	92515	75.88	77.95	80.55	75.03	77.12	79.33	76.00	78.72	80.12	75.63	77.93	80.00	0.887265697605	0.894298857215	50	50
13720	13720	92465	92465	75.85	77.70	80.35	74.92	77.28	79.22	76.20	78.78	80.17	75.66	77.92	79.92	0.888812244368	0.894045352357	50	50
13770	13770	92415	92415	76.00	77.95	80.12	74.90	77.33	78.97	76.15	78.78	80.33	75.68	78.02	79.81	0.891565531038	0.89421300846	50	50
13820	13820	92365	92365	75.88	77.92	80.22	74.58	77.58	78.92	76.22	78.80	80.42	75.56	78.10	79.86	0.890441007094	0.895212119063	50	50
13870	13870	92315	92315	75.97	77.92	80.05	74.58	77.47	78.92	76.20	78.67	80.45	75.58	78.03	79.81	0.892236346969	0.897350563842	50	50
13920	13920	92265	92265	75.75	78.38	80.10	74.40	77.55	78.60	76.05	78.78	80.47	75.40	78.23	79.72	0.89480509036	0.900868334398	50	50
13970	13970	92215	92215	75.90	78.42	80.12	74.35	77.30	78.62	76.10	78.55	80.55	75.45	78.09	79.77	0.898430381831	0.901131708852	50	50
14020	14020	92165	92165	75.88	78.50	80.17	74.22	77.45	78.55	76.03	78.60	80.50	75.38	78.18	79.74	0.899689380457	0.90055336851	50	50
14070	14070	92115	92115	75.75	78.67	80.05	74.22	77.53	78.55	75.95	78.50	80.47	75.31	78.23	79.69	0.900358950874	0.901084091718	50	50
14120	14120	92065	92065	75.78	78.78	80.05	74.03	77.55	78.40	75.83	78.40	80.38	75.21	78.24	79.61	0.898145200887	0.90031793793	50	50
14170	14170	92015	92015	75.75	78.70	80.05	74.03	77.38	78.22	75.75	78.33	80.35	75.17	78.13	79.54	0.899831835401	0.899031871968	50	50
14220	14220	91965	91965	75.67	78.72	80.00	73.97	77.42	78.17	75.78	78.50	80.53	75.14	78.22	79.57	0.899523188955	0.897958333171	50	50
14270	14270	91915	91915	75.42	78.47	80.00	74.00	77.38	78.08	75.67	78.45	80.47	75.03	78.10	79.52	0.898200259715	0.897212380692	50	50
14320	14320	91865	91865	75.50	78.42	80.03	74.05	77.38	78.03	75.65	78.55	80.45	75.07	78.12	79.50	0.897350666513	0.899059302162	50	50
14370	14370	91815	91815	75.65	78.45	79.88	73.90	77.35	78.10	75.60	78.53	80.33	75.05	78.11	79.43	0.895954606477	0.899294326083	50	50
14420	14420	91765	91765	75.67	78.25	79.97	73.95	77.40	78.15	75.62	78.50	80.17	75.08	78.05	79.43	0.894081924421	0.900423284691	50	50
14470	14470	91715	91715	75.67	78.28	79.85	73.95	77.42	78.00	75.70	78.33	80.30	75.11	78.01	79.38	0.895143476221	0.900207815279	50	50
14520	14520	91665	91665	75.75	78.50	79.92	74.03	77.42	77.90	75.72	78.28	80.15	75.17	78.07	79.33	0.895103491319	0.902735783973	50	50
14570	14570	91615	91615	75.55	78.38	79.95	74.20	77.33	78.00	75.83	78.40	80.05	75.19	78.03	79.33	0.895734849061	0.903250135756	50	50
14620	14620	91565	91565	75.40	78.38	80.03	74.15	77.12	77.83	75.92	78.33	79.97	75.16	77.94	79.28	0.895619145008	0.90155780539	50	50
14670	14670	91515	91515	75.45	78.35	80.10	74.20	77.03	77.78	75.58	78.45	79.95	75.08	77.94	79.28	0.894835186706	0.901569991667	50	50
14720	14720	91465	91465	75.42	78.08	79.97	74.30	76.88	77.55	75.67	78.45	79.88	75.13	77.80	79.13	0.895736555072	0.90157368577	50	50
14770	14770	91415	91415	75.35	78.08	79.92	74.17	76.62	77.47	75.78	78.35	79.67	75.10	77.68	79.03	0.898003938739	0.901437293227	50	50
14820	14820	91365	91365	75.08	78.15	79.83	74.30	76.55	77.50	75.58	78.20	79.65	74.98	77.63	78.99	0.897136197631	0.901187585935	50	50
14870	14870	91315	91315	74.88	78.03	79.97	74.05	76.42	77.47	75.50	77.88	79.58	74.81	77.44	79.01	0.897775026421	0.901376951236	50	50
14920	14920	91265	91265	74.92	77.97	79.80	74.15	76.55	77.38	75.58	77.85	79.42	74.88	77.46	78.87	0.89776153248	0.903389525848	50	50
14970	14970	91215	91215	75.08	78.03	79.75	74.17	76.38	77.50	75.50	77.67	79.28	74.92	77.36	78.84	0.896869124356	0.902574817431	50	50
15020	15020	91165	91165	75.10	77.95	79.65	73.92	76.30	77.30	75.38	77.53	79.33	74.80	77.26	78.76	0.89577571891	0.902676273355	50	50
15070	15070	91115	91115	74.90	77.92	79.60	73.70	76.17	77.30	75.33	77.67	79.25	74.64	77.26	78.72	0.895799341753	0.902632913637	50	50
15120	15120	91065	91065	74.88	78.03	79.50	73.65	76.12	77.20	75.25	77.60	79.25	74.59	77.25	78.65	0.897481596568	0.903797757921	50	50
15170	15170	91015	91015	74.88	78.03	79.15	73.38	76.17	77.08	75.12	77.65	79.15	74.46	77.28	78.46	0.895594749959	0.903411164449	50	50
15220	15220	90965	90965	74.85	78.00	78.85	73.33	76.20	77.12	75.20	77.72	79.05	74.46	77.31	78.34	0.89427139819	0.901946023724	50	50
15270	15270	90915	90915	74.85	77.78	78.72	73.33	76.00	77.17	75.10	77.53	78.92	74.42	77.10	78.28	0.89332286258	0.901059638489	50	50
15320	15320	90865	90865	75.00	77.62	78.65	73.25	75.88	77.12	75.15	77.50	78.83	74.47	77.00	78.20	0.892426255773	0.902242020574	50	50
15370	15370	90815	90815	74.78	77.50	78.58	73.30	75.78	77.10	74.97	77.53	78.92	74.35	76.93	78.20	0.892807606581	0.900933369641	50	50
15420	15420	90765	90765	74.60	77.50	78.47	73.50	75.78	77.08	75.00	77.55	78.75	74.37	76.94	78.10	0.892350650733	0.902154288035	50	50
15470	15470	90715	90715	74.47	77.42	78.33	73.55	75.53	77.00	74.85	77.67	78.70	74.29	76.88	78.01	0.892828140262	0.902524651313	50	50
15520	15520	90665	90665	74.60	77.17	78.17	73.50	75.53	77.00	74.83	77.62	78.65	74.31	76.78	77.94	0.893520739124	0.90391116086	50	50
15570	15570	90615	90615	74.53	77.17	78.12	73.38	75.45	76.78	74.95	77.45	78.50	74.28	76.69	77.80	0.895447626313	0.904167825386	50	50
15620	15620	90565	90565	74.40	77.12	78.20	73.30	75.38	76.78	74.88	77.50	78.47	74.19	76.67	77.82	0.894279816149	0.906154081445	50	50
15670	15670	90515	90515	74.38	77.22	78.12	73.22	75.45	76.70	74.85	77.35	78.15	74.15	76.67	77.66	0.896286563438	0.906145648696	50	50
15720	15720	90465	90465	74.25	77.08	78.08	73.25	75.17	76.53	74.80	77.20	78.17	74.10	76.48	77.59	0.897916463955	0.906546683467	50	50
15770	15770	90415	90415	74.12	76.78	78.05	73.25	75.12	76.55	74.65	77.08	78.22	74.01	76.33	77.61	0.899005444861	0.905283570523	50	50
15820	15820	90365	90365	73.88	76.70	77.95	73.17	74.97	76.42	74.70	76.95	78.17	73.92	76.21	77.52	0.898210507206	0.904566250971	50	50
15870	15870	90315	90315	74.00	76.62	77.85	73.05	74.90	76.33	74.45	77.00	78.00	73.83	76.17	77.39	0.898428641184	0.90538868899	50	50
15920	15920	90265	90265	73.92	76.65	77.83	72.83	74.90	76.33	74.55	76.88	77.88	73.77	76.14	77.34	0.898214131901	0.90408129742	50	50
15970	15970	90215	90215	73.78	76.53	77.78	72.78	74.88	76.28	74.35	76.90	77.72	73.63	76.10	77.26	0.899305460577	0.9051238337	50	50
16020	16020	90165	90165	73.75	76.58	77.78	72.55	74.92	76.28	74.30	76.78	77.62	73.53	76.09	77.22	0.900237942861	0.905776320684	50	50
16070	16070	90115	90115	73.72	76.50	77.83	72.45	74.65	76.25	74.20	76.70	77.60	73.46	75.95	77.22	0.900423602703	0.906087121377	50	50
16120	16120	90065	90065	73.70	76.25	77.78	72.25	74.62	76.12	74.08	76.70	77.50	73.34	75.86	77.13	0.898874109371	0.90549951891	50	50
16170	16170	90015	90015	73.60	76.40	77.70	72.25	74.58	76.10	74.20	76.67	77.53	73.35	75.88	77.11	0.89954614177	0.904733217426	50	50
16220	16220	89965	89965	73.55	76.20	77.42	72.25	74.65	75.92	74.12	76.47	77.35	73.31	75.78	76.90	0.899820963442	0.905784997768	50	50
16270	16270	89915	89915	73.42	76.20	77.33	72.38	74.55	75.72	74.20	76.35	77.28	73.33	75.70	76.78	0.900065231347	0.905135465653	50	50
16320	16320	89865	89865	73.33	76.12	77.22	72.35	74.50	75.62	74.20	76.40	77.38	73.29	75.67	76.74	0.900001733723	0.904953149	50	50
16370	16370	89815	89815	73.20	75.97	77.03	71.88	74.47	75.53	74.28	76.33	77.25	73.12	75.59	76.60	0.900232239395	0.905972014571	50	50
16420	16420	89765	89765	73.20	76.03	76.90	71.83	74.42	75.45	74.28	76.15	77.25	73.10	75.53	76.53	0.900526452349	0.90657507569	50	50
16470	16470	89715	89715	73.10	76.00	76.90	71.88	74.33	75.55	74.22	76.10	77.10	73.07	75.47	76.52	0.899824989341	0.907173408188	50	50
16520	16520	89665	89665	73.03	75.80	76.92	71.97	74.30	75.53	74.15	76.10	77.15	73.05	75.40	76.53	0.900076495011	0.906021676887	50	50
16570	16570	89615	89615	73.00	75.80	76.85	71.75	74.10	75.33	74.03	76.10	76.92	72.92	75.33	76.37	0.901390732712	0.905531133933	50	50
16620	16620	89565	89565	72.90	75.58	76.78	71.55	73.83	75.10	73.90	75.90	77.03	72.78	75.10	76.30	0.90178046325	0.905052580392	50	50
16670	16670	89515	89515	72.75	75.53	76.62	71.67	73.78	74.97	73.85	75.67	76.92	72.76	74.99	76.17	0.90149123925	0.906623956625	50	50
16720	16720	89465	89465	72.65	75.45	76.45	71.53	73.55	74.85	73.85	75.58	76.80	72.67	74.86	76.03	0.900411183551	0.90545061671	50	50
16770	16770	89415	89415	72.58	75.22	76.33	71.58	73.42	74.78	73.80	75.55	76.70	72.65	74.73	75.93	0.900923384551	0.906164438435	50	50
16820	16820	89365	89365	72.47	75.28	76.17	71.62	73.38	74.80	73.83	75.50	76.47	72.64	74.72	75.82	0.900327753645	0.90696349858	50	50
16870	16870	89315	89315	72.50	75.20	76.08	71.58	73.22	74.62	73.67	75.28	76.28	72.58	74.57	75.66	0.899778298944	0.907388335639	50	50
16920	16920	89265	89265	72.35	75.10	75.90	71.53	73.22	74.62	73.58	75.35	76.17	72.48	74.56	75.57	0.899526608814	0.906677373654	50	50
16970	16970	89215	89215	72.45	75.05	75.90	71.55	73.20	74.42	73.67	75.35	76.08	72.56	74.53	75.47	0.899507313926	0.907246211061	50	50
17020	17020	89165	89165	72.40	75.10	75.78	71.40	73.17	74.35	73.65	75.42	76.05	72.48	74.57	75.39	0.899443069026	0.907756055074	50	50
17070	17070	89115	89115	72.40	74.95	75.75	71.50	73.17	74.25	73.70	75.28	75.97	72.53	74.47	75.33	0.899464202956	0.908793941114	50	50
17120	17120	89065	89065	72.20	74.85	75.72	71.40	73.33	74.12	73.70	75.20	75.67	72.43	74.46	75.17	0.900395626778	0.908706778238	50	50
17170	17170	89015	89015	72.03	74.53	75.70	71.35	73.20	74.03	73.70	75.17	75.65	72.36	74.30	75.12	0.90011135351	0.908966603638	50	50
17220	17220	88965	88965	71.92	74.42	75.55	71.33	73.10	74.00	73.62	75.15	75.58	72.29	74.22	75.04	0.900818096566	0.908719742076	50	50
17270	17270	88915	88915	71.85	74.30	75.50	71.12	73.08	73.88	73.67	75.25	75.60	72.22	74.21	74.99	0.900939217508	0.908570036408	50	50
17320	17320	88865	88865	71.85	74.10	75.38	71.17	72.85	73.95	73.60	75.40	75.67	72.21	74.12	75.00	0.901706156947	0.908713827328	50	50
17370	17370	88815	88815	71.83	74.10	75.40	71.17	72.70	73.90	73.55	75.33	75.50	72.18	74.04	74.93	0.900936622684	0.909231183679	50	50
17420	17420	88765	88765	71.67	74.08	75.22	71.08	72.55	73.80	73.42	75.05	75.38	72.06	73.89	74.80	0.900732250305	0.907900554758	50	50
17470	17470	88715	88715	71.67	74.00	75.15	70.95	72.62	73.78	73.30	75.03	75.40	71.97	73.88	74.78	0.899718367962	0.907869198523	50	50
17520	17520	88665	88665	71.67	73.75	75.10	70.83	72.60	73.62	73.15	74.90	75.38	71.88	73.75	74.70	0.901016421282	0.908258613695	50	50
17570	17570	88615	88615	71.67	73.58	74.97	70.80	72.53	73.55	73.05	74.75	75.25	71.84	73.62	74.59	0.900910833679	0.907658697362	50	50
17620	17620	88565	88565	71.62	73.53	74.80	70.58	72.53	73.50	72.97	74.72	75.10	71.72	73.59	74.47	0.90180427157	0.907199609989	50	50
17670	17670	88515	88515	71.58	73.40	74.70	70.53	72.53	73.35	72.90	74.65	74.90	71.67	73.53	74.32	0.901829622716	0.907270902398	50	50
17720	17720	88465	88465	71.62	73.22	74.60	70.35	72.42	73.25	72.60	74.53	74.80	71.53	73.39	74.22	0.901141084403	0.907168377501	50	50
17770	17770	88415	88415	71.42	73.12	74.50	70.30	72.40	73.12	72.70	74.55	74.70	71.47	73.36	74.11	0.902003398995	0.906356194908	50	50
17820	17820	88365	88365	71.47	73.00	74.47	70.15	72.25	73.00	72.65	74.45	74.78	71.42	73.23	74.08	0.901575645004	0.907343958953	50	50
17870	17870	88315	88315	71.35	72.85	74.38	70.08	72.30	72.95	72.30	74.10	74.60	71.24	73.08	73.97	0.902831247638	0.908113379585	50	50
17920	17920	88265	88265	71.40	72.78	74.33	70.05	72.00	72.92	72.28	73.92	74.60	71.24	72.90	73.95	0.903654478788	0.909362397398	50	50
17970	17970	88215	88215	71.28	72.70	74.17	70.03	71.90	72.95	72.20	74.10	74.50	71.17	72.90	73.88	0.902952864869	0.908711908106	50	50
18020	18020	88165	88165	71.00	72.65	74.12	69.80	71.78	72.72	72.00	73.97	74.42	70.93	72.80	73.76	0.902452179516	0.908405294648	50	50
18070	18070	88115	88115	70.92	72.65	73.85	69.72	71.70	72.62	71.83	73.85	74.53	70.83	72.73	73.67	0.902894553212	0.908988757429	50	50
18120	18120	88065	88065	70.80	72.62	73.85	69.67	71.72	72.45	71.62	73.90	74.45	70.70	72.75	73.58	0.90338093407	0.908674212067	50	50
18170	18170	88015	88015	70.75	72.40	73.65	69.65	71.62	72.40	71.50	73.90	74.25	70.63	72.64	73.43	0.903714749513	0.908923892254	50	50
18220	18220	87965	87965	70.67	72.42	73.60	69.50	71.53	72.28	71.38	73.80	74.15	70.52	72.58	73.34	0.903469683526	0.909537427301	50	50
18270	18270	87915	87915	70.60	72.42	73.35	69.50	71.50	72.25	71.28	73.78	74.15	70.46	72.57	73.25	0.903652319466	0.909258893895	50	50
18320	18320	87865	87865	70.62	72.45	73.22	69.40	71.42	72.20	71.30	73.75	74.25	70.44	72.54	73.22	0.903196108752	0.909238226558	50	50
18370	18370	87815	87815	70.58	72.30	73.30	69.42	71.17	71.95	71.17	73.70	74.20	70.39	72.39	73.15	0.903199107269	0.908322987413	50	50
18420	18420	87765	87765	70.55	72.17	73.25	69.42	71.22	71.72	71.20	73.65	74.03	70.39	72.35	73.00	0.904255060838	0.908802416632	50	50
18470	18470	87715	87715	70.38	72.08	73.25	69.33	71.17	71.72	71.05	73.47	73.92	70.25	72.24	72.97	0.903690677855	0.909624752241	50	50
18520	18520	87665	87665	70.42	72.12	73.22	69.25	71.12	71.47	71.03	73.35	73.70	70.23	72.20	72.80	0.903993243995	0.910586137872	50	50
18570	18570	87615	87615	70.40	72.08	73.15	69.28	71.08	71.53	71.00	73.38	73.55	70.22	72.17	72.74	0.904222150813	0.911190177568	50	50
18620	18620	87565	87565	70.25	72.00	73.03	69.35	70.97	71.47	71.05	73.30	73.58	70.22	72.09	72.69	0.904800025846	0.910632860383	50	50
18670	18670	87515	87515	70.25	71.85	72.88	69.10	71.00	71.38	71.05	73.28	73.47	70.13	72.04	72.58	0.904185663563	0.90994129993	50	50
18720	18720	87465	87465	70.30	71.88	72.78	68.97	70.92	71.30	70.85	73.22	73.33	70.04	72.01	72.47	0.906225915339	0.909844950727	50	50
18770	18770	87415	87415	70.20	71.90	72.78	69.00	70.85	71.30	70.90	73.20	73.25	70.03	71.98	72.44	0.906095245269	0.911126024904	50	50
18820	18820	87365	87365	70.08	71.95	72.72	68.97	70.75	71.22	70.85	73.12	73.30	69.97	71.94	72.42	0.905999019021	0.911136824341	50	50
18870	18870	87315	87315	70.08	71.92	72.70	68.85	70.67	71.33	70.80	73.05	73.17	69.91	71.88	72.40	0.907341062146	0.910714623363	50	50
18920	18920	87265	87265	69.95	71.78	72.45	68.92	70.60	71.10	70.75	73.00	73.03	69.88	71.79	72.19	0.907511923104	0.911702610203	50	50
18970	18970	87215	87215	69.80	71.62	72.42	68.78	70.53	71.10	70.72	72.85	72.95	69.77	71.67	72.16	0.90820129789	0.912261319624	50	50
19020	19020	87165	87165	69.55	71.53	72.40	68.67	70.67	71.05	70.70	72.72	72.83	69.64	71.64	72.09	0.907873604203	0.91244745699	50	50
19070	19070	87115	87115	69.58	71.42	72.25	68.75	70.47	70.90	70.50	72.67	72.70	69.61	71.53	71.95	0.907722711471	0.911939108693	50	50
19120	19120	87065	87065	69.62	71.38	72.20	68.58	70.40	70.80	70.70	72.67	72.58	69.63	71.48	71.86	0.907459941849	0.912261732128	50	50
19170	19170	87015	87015	69.45	71.25	72.15	68.53	70.40	70.67	70.58	72.62	72.45	69.52	71.42	71.76	0.907604475791	0.912772932291	50	50
19220	19220	86965	86965	69.58	71.17	72.00	68.55	70.30	70.62	70.55	72.50	72.55	69.56	71.33	71.72	0.907616551827	0.912926341758	50	50
19270	19270	86915	86915	69.60	71.12	71.90	68.60	70.38	70.65	70.53	72.47	72.38	69.58	71.33	71.64	0.907950264813	0.913448441124	50	50
19320	19320	86865	86865	69.53	71.00	71.83	68.62	70.35	70.55	70.47	72.45	72.33	69.54	71.27	71.57	0.908299344359	0.913095599543	50	50
19370	19370	86815	86815	69.35	70.92	71.78	68.42	70.38	70.42	70.22	72.42	72.28	69.33	71.24	71.49	0.90736930224	0.914249890296	50	50
19420	19420	86765	86765	69.33	70.92	71.62	68.25	70.33	70.30	70.17	72.38	72.22	69.25	71.21	71.38	0.908491254518	0.913742494076	50	50
19470	19470	86715	86715	69.25	70.85	71.45	68.17	70.22	70.22	70.15	72.25	72.17	69.19	71.11	71.28	0.909195720601	0.91294848033	50	50
19520	19520	86665	86665	69.03	70.70	71.42	68.20	70.17	70.30	70.10	72.12	72.03	69.11	71.00	71.25	0.909639951672	0.912720178296	50	50
19570	19570	86615	86615	68.88	70.60	71.53	68.00	70.00	70.08	69.92	72.20	71.90	68.93	70.93	71.17	0.909672084515	0.912641303967	50	50
19620	19620	86565	86565	68.85	70.45	71.35	67.95	69.97	70.03	69.85	72.30	71.72	68.88	70.91	71.03	0.908310943183	0.91327144843	50	50
19670	19670	86515	86515	68.85	70.40	71.30	67.95	69.92	70.00	69.75	72.17	71.67	68.85	70.83	70.99	0.908990541093	0.913229501539	50	50
19720	19720	86465	86465	68.80	70.42	71.05	67.75	69.80	69.95	69.60	72.05	71.65	68.72	70.76	70.88	0.909332020665	0.914100457732	50	50
19770	19770	86415	86415	68.85	70.50	71.00	67.62	69.80	69.78	69.58	72.00	71.58	68.68	70.77	70.78	0.909233614534	0.912583846804	50	50
19820	19820	86365	86365	68.70	70.50	70.88	67.50	69.62	69.62	69.60	71.85	71.55	68.60	70.66	70.68	0.909848235389	0.912295368208	50	50
19870	19870	86315	86315	68.85	70.38	70.72	67.50	69.55	69.53	69.50	71.85	71.38	68.62	70.59	70.54	0.909936684903	0.912278711837	50	50
19920	19920	86265	86265	68.80	70.35	70.62	67.35	69.47	69.55	69.45	71.83	71.35	68.53	70.55	70.51	0.909381896029	0.912763499447	50	50
19970	19970	86215	86215	68.65	70.35	70.67	67.33	69.45	69.38	69.42	71.78	71.33	68.47	70.53	70.46	0.90918597016	0.912422860023	50	50
20020	20020	86165	86165	68.62	70.22	70.47	67.22	69.38	69.35	69.38	71.60	71.25	68.41	70.40	70.36	0.909121937923	0.912728116332	50	50
20070	20070	86115	86115	68.67	70.15	70.47	67.20	69.47	69.35	69.50	71.47	71.17	68.46	70.37	70.33	0.908816425399	0.913296240609	50	50
20120	20120	86065	86065	68.72	70.20	70.33	67.22	69.10	69.25	69.35	71.50	71.05	68.43	70.27	70.21	0.908887912154	0.91318017233	50	50
20170	20170	86015	86015	68.50	70.10	70.30	67.12	69.15	69.15	69.33	71.47	71.00	68.32	70.24	70.15	0.908696277473	0.913007885094	50	50
20220	20220	85965	85965	68.58	70.22	70.25	67.12	69.10	69.08	69.38	71.47	70.90	68.36	70.27	70.08	0.908132406596	0.912083642698	50	50
20270	20270	85915	85915	68.58	70.22	70.25	67.05	69.15	68.95	69.35	71.47	70.85	68.33	70.28	70.02	0.907629991766	0.912901985854	50	50
20320	20320	85865	85865	68.40	70.25	70.25	67.10	69.12	68.90	69.28	71.40	70.62	68.26	70.26	69.92	0.907613972852	0.912919317001	50	50
20370	20370	85815	85815	68.47	70.20	70.12	66.85	68.97	68.83	69.20	71.35	70.50	68.17	70.17	69.82	0.908668560557	0.912856285622	50	50
20420	20420	85765	85765	68.33	70.20	70.00	66.83	68.88	68.72	69.10	71.25	70.45	68.08	70.11	69.72	0.909438873835	0.912985825377	50	50
20470	20470	85715	85715	68.22	70.05	69.88	66.80	68.88	68.83	69.05	71.17	70.45	68.03	70.03	69.72	0.909554289514	0.9127781394	50	50
20520	20520	85665	85665	68.22	69.97	69.80	66.78	68.92	68.75	68.95	71.03	70.50	67.98	69.97	69.68	0.90975689853	0.912695162543	50	50
20570	20570	85615	85615	68.20	69.92	69.72	66.70	68.75	68.65	68.90	70.97	70.38	67.93	69.88	69.58	0.910405527774	0.913020969208	50	50
20620	20620	85565	85565	68.00	69.92	69.53	66.53	68.72	68.58	68.58	70.95	70.42	67.70	69.87	69.51	0.909732667882	0.912472732482	50	50
20670	20670	85515	85515	68.00	69.85	69.55	66.53	68.62	68.50	68.60	70.70	70.33	67.71	69.72	69.46	0.910108748886	0.912656125232	50	50
20720	20720	85465	85465	67.80	69.85	69.55	66.60	68.55	68.53	68.72	70.75	70.22	67.71	69.72	69.43	0.91002703845	0.912963437213	50	50
20770	20770	85415	85415	67.67	69.75	69.53	66.50	68.65	68.47	68.65	70.70	70.15	67.61	69.70	69.38	0.909623950409	0.913212122789	50	50
20820	20820	85365	85365	67.65	69.60	69.47	66.47	68.58	68.42	68.50	70.62	70.15	67.54	69.60	69.35	0.909249530557	0.912526379305	50	50
20870	20870	85315	85315	67.55	69.47	69.45	66.22	68.55	68.25	68.42	70.62	70.00	67.40	69.55	69.23	0.908923792127	0.912345379711	50	50
20920	20920	85265	85265	67.53	69.45	69.35	66.25	68.50	68.28	68.45	70.70	69.88	67.41	69.55	69.17	0.909362575385	0.912310465594	50	50
20970	20970	85215	85215	67.47	69.45	69.25	66.20	68.58	68.22	68.33	70.60	69.92	67.33	69.54	69.13	0.909076593175	0.911864279669	50	50
21020	21020	85165	85165	67.22	69.35	69.20	66.15	68.53	68.10	68.35	70.62	69.85	67.24	69.50	69.05	0.909315628934	0.912532738444	50	50
21070	21070	85115	85115	67.28	69.35	69.17	66.17	68.40	67.97	68.10	70.65	69.80	67.18	69.47	68.98	0.909481287712	0.912422184289	50	50
21120	21120	85065	85065	67.20	69.28	69.08	66.10	68.30	67.88	68.08	70.42	69.80	67.12	69.33	68.92	0.909285512774	0.91247059184	50	50
21170	21170	85015	85015	67.17	68.92	68.97	66.05	68.30	67.75	68.05	70.30	69.83	67.09	69.17	68.85	0.909032389537	0.913218124988	50	50
21220	21220	84965	84965	67.05	68.92	68.90	65.95	68.17	67.62	68.10	70.20	69.65	67.03	69.10	68.72	0.909112349967	0.91357400907	50	50
21270	21270	84915	84915	67.05	68.70	68.83	65.92	68.08	67.65	68.15	70.08	69.60	67.04	68.95	68.69	0.909934853864	0.913893990428	50	50
21320	21320	84865	84865	67.00	68.65	68.70	65.92	68.10	67.67	68.12	70.08	69.42	67.02	68.94	68.60	0.910051053562	0.913622269533	50	50
21370	21370	84815	84815	67.03	68.67	68.62	65.88	67.97	67.60	68.12	69.90	69.30	67.01	68.85	68.51	0.909795108925	0.913897935723	50	50
21420	21420	84765	84765	66.95	68.53	68.55	65.83	67.92	67.53	68.05	69.85	69.30	66.94	68.77	68.46	0.909693998473	0.914619046155	50	50
21470	21470	84715	84715	66.70	68.45	68.45	65.72	67.97	67.53	67.92	69.83	69.17	66.78	68.75	68.38	0.910703075051	0.914858300809	50	50
21520	21520	84665	84665	66.65	68.42	68.45	65.62	67.88	67.33	67.80	69.70	69.12	66.69	68.67	68.30	0.911863483258	0.91488762452	50	50
21570	21570	84615	84615	66.67	68.40	68.38	65.50	67.83	67.12	67.72	69.72	69.05	66.63	68.65	68.18	0.912165151887	0.914154854764	50	50
21620	21620	84565	84565	66.67	68.33	68.25	65.40	67.72	67.20	67.62	69.60	68.95	66.57	68.55	68.13	0.913307862557	0.914759754092	50	50
21670	21670	84515	84515	66.62	68.22	68.15	65.22	67.78	67.12	67.62	69.62	68.85	66.49	68.54	68.04	0.913283969493	0.915862300001	50	50
21720	21720	84465	84465	66.67	68.12	68.10	65.22	67.67	67.10	67.55	69.47	68.75	66.48	68.42	67.98	0.913581196063	0.915724957531	50	50
21770	21770	84415	84415	66.65	68.05	68.05	65.17	67.62	67.05	67.53	69.45	68.72	66.45	68.38	67.94	0.913525091828	0.915867626545	50	50
21820	21820	84365	84365	66.58	68.08	67.88	65.22	67.55	67.08	67.42	69.40	68.58	66.41	68.34	67.84	0.913333289209	0.915588675491	50	50
21870	21870	84315	84315	66.58	68.03	67.70	65.22	67.60	67.08	67.30	69.33	68.60	66.37	68.32	67.79	0.913710693538	0.914803318261	50	50
21920	21920	84265	84265	66.42	67.95	67.72	65.08	67.58	67.03	67.25	69.25	68.55	66.25	68.26	67.77	0.913252237325	0.914770031845	50	50
21970	21970	84215	84215	66.45	67.90	67.72	65.03	67.53	67.00	67.17	69.08	68.53	66.22	68.17	67.75	0.913844684002	0.915260568106	50	50
22020	22020	84165	84165	66.42	67.80	67.62	65.00	67.40	66.88	67.08	69.03	68.42	66.17	68.08	67.64	0.914595583337	0.915161810589	50	50
