12120	12120	94562	94562	75.05	77.75	79.85	74.58	77.62	79.22	75.28	78.53	79.90	74.97	77.97	79.66	1.59190300532	1.66719957094
12120	12120	94317	94317	75.08	77.75	79.85	74.55	77.62	79.25	75.30	78.53	79.90	74.97	77.97	79.67	1.39876207025	1.51055563114	100	100
12220	12220	94217	94217	73.92	77.53	78.33	73.28	76.85	77.83	73.25	77.90	78.72	73.48	77.42	78.29	1.09637322903	1.19357015156	100	100
12320	12320	94117	94117	71.88	75.30	76.22	72.05	75.45	75.97	71.55	76.70	76.08	71.83	75.82	76.09	0.971857428623	1.0106861304	100	100
12420	12420	94017	94017	71.85	74.95	75.88	72.08	75.42	75.70	71.58	76.50	75.78	71.83	75.62	75.78	0.927378060137	0.94430035393	100	100
12520	12520	93917	93917	72.65	75.30	76.55	72.45	75.53	76.28	72.17	76.72	76.42	72.42	75.85	76.42	0.899436484237	0.919523914254	100	100
12620	12620	93817	93817	73.72	75.53	77.03	73.17	75.83	76.75	73.10	76.78	77.10	73.33	76.04	76.96	0.886686416025	0.907234826975	100	100
12720	12720	93717	93717	74.28	76.38	77.70	73.62	76.22	77.40	73.92	77.53	77.80	73.94	76.71	77.63	0.8788578519	0.902328855626	100	100
12820	12820	93617	93617	75.00	76.70	78.20	74.03	76.50	77.95	74.38	77.78	78.62	74.47	76.99	78.26	0.875859602007	0.894408697883	100	100
12920	12920	93517	93517	75.28	77.08	78.62	74.30	76.65	78.05	74.62	77.97	78.90	74.73	77.23	78.53	0.874802760066	0.889913405349	100	100
13020	13020	93417	93417	75.75	77.40	79.25	74.45	76.95	78.38	74.97	77.95	79.38	75.06	77.43	79.00	0.873578331001	0.884609716233	100	100
13120	13120	93317	93317	75.85	78.12	79.67	74.38	77.08	78.62	75.35	78.20	79.65	75.19	77.80	79.32	0.873871461632	0.885144825476	100	100
13220	13220	93217	93217	76.05	78.15	80.30	74.42	77.22	78.92	75.70	78.35	80.00	75.39	77.91	79.74	0.872204020392	0.887390505442	100	100
13320	13320	93117	93117	76.08	78.30	80.53	74.58	77.47	79.08	75.67	78.50	80.35	75.44	78.09	79.98	0.875572461411	0.890045085937	100	100
13420	13420	93017	93017	76.42	78.38	80.20	74.75	77.17	79.22	75.80	78.53	80.12	75.66	78.03	79.85	0.879546148027	0.888254667628	100	100
13520	13520	92917	92917	76.40	78.33	80.35	74.78	77.30	79.22	76.12	78.60	80.22	75.77	78.08	79.93	0.880031820407	0.891010207386	100	100
13620	13620	92817	92817	76.30	78.85	80.35	74.70	77.38	79.33	76.35	78.75	80.58	75.78	78.33	80.08	0.879590961725	0.892184596701	100	100
13720	13720	92717	92717	76.30	78.90	80.80	74.62	77.47	79.22	76.60	78.85	80.72	75.84	78.41	80.25	0.880050330506	0.890540280571	100	100
13820	13820	92617	92617	76.33	79.08	80.80	74.58	77.53	78.92	76.40	78.67	80.72	75.77	78.42	80.15	0.882416155665	0.889962943196	100	100
13920	13920	92517	92517	76.47	78.92	80.62	74.60	77.58	78.97	76.47	78.60	80.72	75.85	78.37	80.11	0.883836263239	0.891480298334	100	100
14020	14020	92417	92417	76.30	78.60	80.72	74.40	77.60	78.80	76.25	78.70	80.75	75.65	78.30	80.09	0.885408074059	0.894712846211	100	100
14120	14120	92317	92317	76.15	78.40	80.70	74.40	77.30	78.53	76.28	78.42	80.58	75.61	78.04	79.93	0.88515987215	0.893846493151	100	100
14220	14220	92217	92217	76.17	78.58	80.72	74.38	77.17	78.47	76.15	78.35	80.45	75.57	78.03	79.88	0.886281619998	0.89376920808	100	100
14320	14320	92117	92117	76.05	78.50	80.55	74.28	77.08	78.17	76.05	78.28	80.10	75.46	77.95	79.61	0.887960328784	0.893433050175	100	100
14420	14420	92017	92017	75.78	78.45	80.62	74.05	77.10	77.80	76.03	78.35	79.85	75.28	77.97	79.42	0.889845760984	0.894636078142	100	100
14520	14520	91917	91917	75.78	78.20	80.28	74.05	76.97	77.62	75.80	78.38	80.03	75.21	77.85	79.31	0.889151129265	0.895368598811	100	100
14620	14620	91817	91817	75.78	78.30	80.00	73.85	77.12	77.80	75.70	78.22	80.05	75.11	77.88	79.28	0.889075067979	0.896853816667	100	100
14720	14720	91717	91717	75.50	78.10	80.05	73.58	77.05	77.67	75.60	78.40	79.80	74.89	77.85	79.17	0.889288819049	0.897388321341	100	100
14820	14820	91617	91617	75.38	78.08	79.78	73.65	77.00	77.62	75.50	78.28	79.80	74.84	77.78	79.07	0.889555120906	0.896309710246	100	100
14920	14920	91517	91517	75.22	77.85	79.72	73.45	76.75	77.55	75.35	77.83	79.70	74.67	77.47	78.99	0.890307637505	0.897779226089	100	100
15020	15020	91417	91417	75.30	77.83	79.58	73.78	76.47	77.38	75.30	77.55	79.67	74.79	77.28	78.88	0.88980326111	0.897219668898	100	100
15120	15120	91317	91317	75.05	77.50	79.25	73.60	76.42	77.38	75.50	77.25	79.30	74.72	77.06	78.64	0.890431838084	0.895957103539	100	100
15220	15220	91217	91217	75.25	77.33	79.00	73.47	76.17	77.12	75.55	77.30	79.15	74.76	76.93	78.42	0.893384514395	0.898005324209	100	100
15320	15320	91117	91117	75.42	77.17	78.92	73.45	75.90	77.03	75.45	77.38	79.17	74.78	76.82	78.38	0.89217867763	0.897859426429	100	100
15420	15420	91017	91017	75.42	77.25	78.85	73.53	75.88	77.00	75.58	77.15	79.20	74.84	76.76	78.35	0.892321935748	0.897870074786	100	100
15520	15520	90917	90917	75.38	77.00	78.72	73.35	75.72	76.83	75.33	77.03	78.70	74.68	76.58	78.08	0.89367127263	0.89940793841	100	100
15620	15620	90817	90817	75.20	77.05	78.47	73.20	75.75	76.75	75.25	76.88	78.47	74.55	76.56	77.90	0.894901585727	0.900864629407	100	100
15720	15720	90717	90717	74.95	76.72	78.22	73.20	75.45	76.47	75.10	77.05	78.42	74.42	76.41	77.71	0.894820099863	0.903317465169	100	100
15820	15820	90617	90617	74.88	76.67	78.05	72.97	75.30	76.42	75.12	76.55	78.38	74.33	76.17	77.62	0.894262205501	0.903974454359	100	100
15920	15920	90517	90517	74.75	76.53	78.00	72.83	75.22	76.22	74.60	76.40	78.03	74.06	76.05	77.42	0.893889870139	0.906594259321	100	100
16020	16020	90417	90417	74.42	76.72	77.90	72.62	75.12	76.00	74.35	76.45	77.85	73.80	76.10	77.25	0.894655314092	0.907232029962	100	100
16120	16120	90317	90317	74.05	76.58	77.70	72.25	75.08	75.60	74.17	75.92	77.62	73.49	75.86	76.97	0.896028973769	0.905788772808	100	100
16220	16220	90217	90217	73.65	76.35	77.58	72.25	75.08	75.38	74.15	75.92	77.58	73.35	75.78	76.84	0.896587255584	0.90602839401	100	100
16320	16320	90117	90117	73.55	76.12	77.45	72.40	74.97	75.15	74.12	75.85	77.25	73.36	75.65	76.62	0.898028746418	0.906738199802	100	100
16420	16420	90017	90017	73.05	76.00	77.00	72.28	74.90	74.95	74.25	75.85	77.22	73.19	75.58	76.39	0.898450762599	0.907793441053	100	100
16520	16520	89917	89917	73.08	75.75	76.85	71.92	74.67	75.00	74.12	75.70	77.05	73.04	75.38	76.30	0.898421599848	0.906614423423	100	100
16620	16620	89817	89817	72.90	75.50	76.95	71.85	74.33	74.92	73.83	75.72	76.97	72.86	75.18	76.28	0.898618592681	0.906097989835	100	100
16720	16720	89717	89717	72.85	75.30	76.65	71.62	74.22	74.70	73.72	75.40	76.75	72.73	74.97	76.03	0.899407723802	0.906178978994	100	100
16820	16820	89617	89617	72.80	75.25	76.53	71.75	74.15	74.70	73.62	75.42	76.60	72.72	74.94	75.94	0.898667380185	0.905260774664	100	100
16920	16920	89517	89517	72.65	75.17	76.20	71.60	73.97	74.45	73.60	75.35	76.38	72.62	74.83	75.67	0.89878787117	0.904599886002	100	100
17020	17020	89417	89417	72.55	75.20	76.08	71.58	73.65	74.12	73.35	75.10	76.35	72.49	74.65	75.52	0.89970924693	0.905391140385	100	100
17120	17120	89317	89317	72.45	74.97	76.03	71.40	73.45	73.97	73.22	75.12	76.20	72.36	74.52	75.40	0.899568063246	0.906528378726	100	100
17220	17220	89217	89217	72.38	74.80	75.78	71.25	73.22	73.97	73.05	74.90	76.08	72.22	74.31	75.28	0.900318284691	0.907724497083	100	100
17320	17320	89117	89117	72.35	74.75	75.70	71.22	73.10	73.78	73.08	74.75	75.72	72.22	74.20	75.07	0.900173063867	0.906567352538	100	100
17420	17420	89017	89017	72.35	74.45	75.50	71.00	73.00	73.65	72.97	74.65	75.30	72.11	74.03	74.82	0.900099503328	0.906180976226	100	100
17520	17520	88917	88917	72.22	74.17	75.30	70.85	72.88	73.58	72.92	74.60	75.25	72.00	73.88	74.71	0.899846759952	0.90640157673	100	100
17620	17620	88817	88817	72.03	74.08	75.10	70.42	72.83	73.53	72.90	74.55	75.00	71.78	73.82	74.54	0.900154617015	0.906191038645	100	100
17720	17720	88717	88717	71.90	73.80	74.95	70.25	72.70	73.15	72.85	74.53	75.00	71.67	73.67	74.37	0.900877936083	0.9073145928	100	100
17820	17820	88617	88617	71.80	73.62	74.88	70.28	72.58	73.08	72.72	74.38	74.92	71.60	73.53	74.29	0.901128465941	0.907306181929	100	100
17920	17920	88517	88517	71.75	73.35	74.78	70.30	72.50	73.03	72.62	74.33	74.90	71.56	73.39	74.23	0.901928901926	0.907228884	100	100
18020	18020	88417	88417	71.58	73.38	74.80	70.25	72.30	73.08	72.50	74.17	74.72	71.44	73.28	74.20	0.902871186265	0.908033476626	100	100
18120	18120	88317	88317	71.28	73.20	74.62	70.12	72.15	72.88	72.50	73.97	74.60	71.30	73.11	74.03	0.904225152458	0.90957254877	100	100
18220	18220	88217	88217	71.30	73.10	74.35	70.00	72.10	72.65	72.47	73.97	74.50	71.26	73.06	73.83	0.905432962383	0.909262965765	100	100
18320	18320	88117	88117	71.33	73.00	74.35	69.92	72.03	72.53	72.10	73.80	74.42	71.12	72.94	73.77	0.9058091898	0.910183996279	100	100
18420	18420	88017	88017	71.17	72.92	74.10	69.83	71.78	72.42	72.03	73.70	74.15	71.01	72.80	73.56	0.906715688858	0.910305936618	100	100
18520	18520	87917	87917	71.08	72.80	73.90	69.67	71.72	72.47	71.72	73.58	73.97	70.83	72.70	73.45	0.907001552316	0.908908647542	100	100
18620	18620	87817	87817	70.97	72.58	73.72	69.58	71.58	72.15	71.60	73.58	73.67	70.72	72.58	73.18	0.907919289574	0.90948290195	100	100
18720	18720	87717	87717	70.95	72.35	73.53	69.58	71.28	72.00	71.38	73.67	73.67	70.63	72.43	73.07	0.908057614428	0.909802989406	100	100
18820	18820	87617	87617	70.78	72.15	73.53	69.50	71.22	71.72	71.35	73.67	73.50	70.54	72.35	72.92	0.908074931335	0.909335780817	100	100
18920	18920	87517	87517	70.53	72.22	73.40	69.40	70.97	71.75	71.20	73.45	73.47	70.38	72.22	72.88	0.908660994805	0.909010236037	100	100
19020	19020	87417	87417	70.70	72.12	73.22	69.42	70.80	71.60	71.10	73.38	73.50	70.41	72.10	72.78	0.909440316356	0.908918009827	100	100
19120	19120	87317	87317	70.60	71.95	73.10	69.33	70.80	71.50	70.95	73.22	73.42	70.29	71.99	72.67	0.909004740379	0.909277988041	100	100
19220	19220	87217	87217	70.60	72.08	72.90	69.22	70.50	71.45	70.67	73.10	73.28	70.17	71.89	72.54	0.909434450669	0.909250135773	100	100
19320	19320	87117	87117	70.38	71.95	72.53	69.05	70.35	71.25	70.45	72.95	72.97	69.96	71.75	72.25	0.908508729472	0.909180151102	100	100
19420	19420	87017	87017	70.40	71.78	72.30	68.83	70.25	71.08	70.38	72.88	72.83	69.87	71.63	72.07	0.908202311834	0.909452547921	100	100
19520	19520	86917	86917	70.30	71.67	72.22	68.60	70.28	70.88	70.17	72.65	72.60	69.69	71.53	71.90	0.90710333382	0.909828898867	100	100
19620	19620	86817	86817	70.00	71.53	72.03	68.60	70.10	70.85	69.97	72.35	72.40	69.53	71.33	71.76	0.907916817855	0.910284583528	100	100
19720	19720	86717	86717	70.03	71.38	71.88	68.42	69.92	70.80	69.95	72.22	72.35	69.47	71.17	71.67	0.907911893077	0.909256349123	100	100
19820	19820	86617	86617	69.90	71.15	71.67	68.25	69.62	70.55	69.72	71.95	72.20	69.29	70.91	71.47	0.907562910168	0.90854816748	100	100
19920	19920	86517	86517	69.70	70.92	71.47	68.20	69.42	70.45	69.65	71.83	71.97	69.18	70.72	71.30	0.907915134809	0.909506410231	100	100
20020	20020	86417	86417	69.35	70.88	71.30	67.97	69.25	70.40	69.60	71.47	71.78	68.97	70.53	71.16	0.908675112758	0.910055515486	100	100
20120	20120	86317	86317	69.20	70.78	71.33	67.70	69.17	70.38	69.45	71.50	71.67	68.78	70.48	71.12	0.908496273	0.910933932839	100	100
20220	20220	86217	86217	69.05	70.65	71.08	67.60	69.17	70.17	69.42	71.50	71.60	68.69	70.44	70.95	0.908696576649	0.911044975468	100	100
20320	20320	86117	86117	68.92	70.50	70.80	67.53	69.00	69.97	69.25	71.30	71.38	68.57	70.27	70.72	0.909332382466	0.911405182254	100	100
20420	20420	86017	86017	68.80	70.38	70.55	67.42	69.10	69.85	69.08	71.10	71.28	68.43	70.19	70.56	0.908511589452	0.911087117474	100	100
20520	20520	85917	85917	68.72	70.20	70.50	67.25	68.85	69.53	68.92	71.08	71.03	68.30	70.04	70.35	0.908401238399	0.911731733708	100	100
20620	20620	85817	85817	68.58	70.00	70.33	67.15	68.75	69.33	68.75	70.90	70.97	68.16	69.88	70.21	0.908463520122	0.912199444711	100	100
20720	20720	85717	85717	68.50	70.03	70.10	67.10	68.62	69.08	68.58	70.67	70.92	68.06	69.78	70.03	0.909461493698	0.912818637712	100	100
20820	20820	85617	85617	68.33	69.85	69.85	66.90	68.70	68.95	68.45	70.60	70.90	67.89	69.72	69.90	0.90869779906	0.912872555405	100	100
20920	20920	85517	85517	68.20	69.67	69.60	66.88	68.53	68.88	68.35	70.50	70.75	67.81	69.57	69.74	0.908300162407	0.913016178705	100	100
21020	21020	85417	85417	67.92	69.55	69.42	66.70	68.47	68.60	68.28	70.38	70.42	67.63	69.47	69.48	0.908665105654	0.912139179975	100	100
21120	21120	85317	85317	67.78	69.40	69.33	66.60	68.38	68.53	68.17	70.20	70.22	67.52	69.33	69.36	0.909015200794	0.912785012761	100	100
21220	21220	85217	85217	67.92	69.22	69.17	66.47	68.15	68.47	68.10	70.05	70.10	67.50	69.14	69.25	0.909723156743	0.91276521931	100	100
21320	21320	85117	85117	67.70	69.00	69.10	66.30	67.97	68.47	68.03	70.03	70.00	67.34	69.00	69.19	0.909299416833	0.912549833649	100	100
21420	21420	85017	85017	67.58	69.00	68.92	66.15	67.92	68.28	67.95	69.83	69.85	67.22	68.92	69.02	0.910280196735	0.913441342921	100	100
21520	21520	84917	84917	67.53	68.83	68.70	66.17	67.92	68.25	67.67	69.70	69.67	67.12	68.82	68.88	0.911566179441	0.91396228617	100	100
21620	21620	84817	84817	67.50	68.70	68.40	66.03	67.85	68.10	67.47	69.60	69.45	67.00	68.72	68.65	0.911722454022	0.914543862852	100	100
21720	21720	84717	84717	67.30	68.62	68.28	65.88	67.65	67.90	67.50	69.47	69.28	66.89	68.58	68.48	0.91204975376	0.914613144404	100	100
21820	21820	84617	84617	67.10	68.53	68.30	65.95	67.62	67.67	67.35	69.40	69.15	66.80	68.52	68.38	0.912842388589	0.914520207356	100	100
21920	21920	84517	84517	67.05	68.50	68.10	65.75	67.58	67.38	67.25	69.22	68.92	66.68	68.43	68.13	0.912667308307	0.914896238045	100	100
22020	22020	84417	84417	66.80	68.30	67.95	65.58	67.50	67.30	67.28	69.10	68.97	66.55	68.30	68.08	0.912592556795	0.91547276389	100	100
22120	22120	84317	84317	66.72	68.22	67.70	65.40	67.40	67.22	67.05	68.95	68.80	66.39	68.19	67.91	0.912643267042	0.914824442212	100	100
22220	22220	84217	84217	66.62	68.17	67.62	65.40	67.33	67.10	67.05	68.97	68.53	66.36	68.16	67.75	0.912937016503	0.915610864401	100	100
22320	22320	84117	84117	66.47	68.00	67.53	65.35	67.25	66.97	66.92	68.85	68.45	66.25	68.03	67.65	0.914050424364	0.915536327778	100	100
22420	22420	84017	84017	66.35	67.75	67.40	65.12	67.25	66.90	66.88	68.83	68.33	66.12	67.94	67.54	0.914666051654	0.915114946962	100	100
22520	22520	83917	83917	66.28	67.62	67.08	64.92	67.22	66.72	66.70	68.62	68.35	65.97	67.83	67.38	0.91519200082	0.915663235331	100	100
22620	22620	83817	83817	66.08	67.35	66.90	64.88	67.30	66.60	66.58	68.55	68.12	65.84	67.73	67.21	0.914897584405	0.916117221194	100	100
22720	22720	83717	83717	65.97	67.25	66.65	64.55	67.22	66.38	66.53	68.42	68.00	65.68	67.63	67.01	0.914934818057	0.916650272502	100	100
22820	22820	83617	83617	66.03	67.22	66.58	64.47	67.28	66.10	66.35	68.25	67.85	65.62	67.58	66.84	0.915454892355	0.916095960073	100	100
22920	22920	83517	83517	65.85	67.15	66.35	64.38	67.05	65.95	66.40	68.17	67.70	65.54	67.46	66.67	0.915061651798	0.916697372003	100	100
23020	23020	83417	83417	65.67	67.10	66.22	64.38	66.97	65.72	66.03	68.15	67.58	65.36	67.41	66.51	0.915667180658	0.916860623014	100	100
23120	23120	83317	83317	65.65	66.95	66.10	64.30	66.90	65.53	65.83	68.10	67.53	65.26	67.32	66.38	0.915206610744	0.916693712375	100	100
23220	23220	83217	83217	65.58	66.90	65.95	64.22	66.75	65.42	65.83	68.15	67.38	65.21	67.27	66.25	0.914700922988	0.917163043067	100	100
23320	23320	83117	83117	65.47	66.72	65.95	64.20	66.62	65.40	65.70	68.03	67.38	65.12	67.12	66.24	0.915376998385	0.917442714343	100	100
23420	23420	83017	83017	65.38	66.70	65.70	64.12	66.53	65.10	65.67	67.83	67.17	65.06	67.02	65.99	0.916388601431	0.918168846716	100	100
23520	23520	82917	82917	65.20	66.60	65.58	64.15	66.42	65.00	65.42	67.70	67.03	64.92	66.91	65.87	0.915658159882	0.918553178949	100	100
23620	23620	82817	82817	65.12	66.60	65.47	64.10	66.25	64.97	65.33	67.55	66.92	64.85	66.80	65.79	0.915830302495	0.918905058188	100	100
23720	23720	82717	82717	65.05	66.40	65.28	64.05	66.05	64.88	65.30	67.45	66.78	64.80	66.63	65.64	0.915488437014	0.91861188111	100	100
23820	23820	82617	82617	64.90	66.35	65.20	63.83	65.97	64.67	65.22	67.35	66.62	64.65	66.56	65.50	0.915792316117	0.919210710354	100	100
23920	23920	82517	82517	64.65	66.28	65.15	63.77	65.85	64.65	65.25	67.30	66.50	64.56	66.47	65.43	0.916315394881	0.919342291855	100	100
24020	24020	82417	82417	64.65	66.10	64.97	63.77	65.80	64.62	65.08	67.22	66.38	64.50	66.38	65.33	0.917025425933	0.919244494668	100	100
24120	24120	82317	82317	64.50	66.08	64.80	63.75	65.70	64.58	64.97	67.20	66.22	64.41	66.33	65.20	0.917463640309	0.920041702394	100	100
24220	24220	82217	82217	64.40	65.92	64.67	63.67	65.70	64.45	64.90	67.03	66.00	64.33	66.22	65.04	0.917618100416	0.920414269308	100	100
24320	24320	82117	82117	64.35	65.85	64.60	63.65	65.33	64.28	64.90	66.85	65.90	64.30	66.01	64.92	0.917967765801	0.920520896798	100	100
24420	24420	82017	82017	64.28	65.67	64.47	63.55	65.10	64.30	64.65	66.78	65.90	64.16	65.85	64.89	0.919136889052	0.92080268466	100	100
24520	24520	81917	81917	64.22	65.67	64.47	63.58	64.97	64.25	64.55	66.60	65.65	64.12	65.75	64.79	0.919556724419	0.920825501474	100	100
24620	24620	81817	81817	64.12	65.47	64.35	63.50	64.88	64.15	64.53	66.58	65.58	64.05	65.64	64.69	0.919740149306	0.920697184287	100	100
24720	24720	81717	81717	63.90	65.33	64.30	63.33	64.70	64.05	64.42	66.50	65.47	63.88	65.51	64.61	0.920961836705	0.921036768304	100	100
24820	24820	81617	81617	63.80	65.20	64.28	63.40	64.50	63.95	64.33	66.45	65.33	63.84	65.38	64.52	0.92071864282	0.921383762125	100	100
24920	24920	81517	81517	63.67	65.08	64.05	63.33	64.35	63.90	64.20	66.25	65.33	63.73	65.22	64.42	0.921151271222	0.922012023373	100	100
25020	25020	81417	81417	63.67	64.97	64.08	63.25	64.15	63.80	64.20	66.20	65.35	63.71	65.11	64.41	0.921005059858	0.922813096741	100	100
25120	25120	81317	81317	63.55	64.95	64.03	63.17	64.10	63.77	64.05	66.15	65.28	63.59	65.07	64.36	0.92134151269	0.923324088754	100	100
25220	25220	81217	81217	63.40	64.80	63.95	62.90	64.00	63.77	64.03	65.97	65.15	63.44	64.92	64.29	0.921243923167	0.9243180058	100	100
25320	25320	81117	81117	63.38	64.78	63.95	62.85	63.92	63.60	64.03	65.97	64.95	63.42	64.89	64.17	0.921174626827	0.925140831683	100	100
25420	25420	81017	81017	63.30	64.70	63.85	62.73	63.90	63.48	63.95	65.78	64.90	63.33	64.79	64.08	0.921413406712	0.924682689841	100	100
25520	25520	80917	80917	63.15	64.62	63.62	62.85	63.83	63.42	63.92	65.78	64.85	63.31	64.74	63.97	0.921929648848	0.924501690092	100	100
25620	25620	80817	80817	63.23	64.47	63.48	62.85	63.77	63.42	63.77	65.72	64.80	63.28	64.66	63.90	0.921826610508	0.924058223003	100	100
25720	25720	80717	80717	63.20	64.40	63.38	62.75	63.65	63.23	63.70	65.67	64.67	63.22	64.58	63.76	0.92207398177	0.924978485014	100	100
25820	25820	80617	80617	63.15	64.38	63.33	62.67	63.62	63.20	63.55	65.67	64.58	63.12	64.56	63.70	0.922569130521	0.925024003498	100	100
25920	25920	80517	80517	63.12	64.38	63.30	62.62	63.70	63.05	63.52	65.70	64.58	63.09	64.59	63.64	0.921886683454	0.925235865216	100	100
26020	26020	80417	80417	63.08	64.30	63.35	62.52	63.55	63.00	63.52	65.47	64.45	63.04	64.44	63.60	0.922346804895	0.925746028543	100	100
26120	26120	80317	80317	63.08	64.33	63.33	62.35	63.58	62.95	63.48	65.33	64.40	62.97	64.41	63.56	0.922409196063	0.925639552358	100	100
26220	26220	80217	80217	62.98	64.17	63.15	62.23	63.55	62.92	63.40	65.30	64.33	62.87	64.34	63.47	0.922279717482	0.925618434999	100	100
26320	26320	80117	80117	62.88	64.15	63.15	62.25	63.65	62.80	63.38	65.25	64.20	62.83	64.35	63.38	0.921767694398	0.925529428032	100	100
26420	26420	80017	80017	62.80	64.15	63.17	62.17	63.60	62.75	63.27	65.22	64.22	62.75	64.33	63.38	0.922066750259	0.925670709015	100	100
26520	26520	79917	79917	62.77	64.08	63.10	62.08	63.42	62.67	63.15	65.15	64.12	62.67	64.22	63.30	0.921511756103	0.925470457696	100	100
26620	26620	79817	79817	62.65	64.10	62.90	61.92	63.35	62.58	63.15	65.10	64.15	62.58	64.18	63.21	0.921558053879	0.925613221423	100	100
26720	26720	79717	79717	62.50	64.08	62.83	61.80	63.40	62.50	63.12	65.00	64.03	62.48	64.16	63.12	0.92148366313	0.926143713439	100	100
26820	26820	79617	79617	62.50	64.00	62.75	61.77	63.27	62.52	63.20	64.83	63.95	62.49	64.03	63.08	0.921933841762	0.926676782709	100	100
26920	26920	79517	79517	62.25	64.00	62.62	61.83	63.20	62.58	63.15	64.70	63.85	62.41	63.97	63.02	0.921802794875	0.926821844665	100	100
27020	27020	79417	79417	62.23	63.98	62.62	61.77	63.10	62.65	63.10	64.60	63.80	62.37	63.89	63.02	0.922359013934	0.927322635546	100	100
27120	27120	79317	79317	62.17	63.85	62.50	61.73	63.08	62.48	62.95	64.58	63.75	62.28	63.83	62.91	0.92272870404	0.927111831162	100	100
27220	27220	79217	79217	62.02	63.83	62.35	61.60	62.95	62.35	62.88	64.58	63.73	62.17	63.78	62.81	0.923915935395	0.927497007358	100	100
27320	27320	79117	79117	61.90	63.83	62.27	61.55	62.88	62.23	62.80	64.58	63.70	62.08	63.76	62.73	0.924703795419	0.927716047089	100	100
27420	27420	79017	79017	61.85	63.67	62.23	61.55	62.88	62.12	62.80	64.50	63.67	62.07	63.68	62.67	0.924266121236	0.928021165361	100	100
27520	27520	78917	78917	61.88	63.73	62.23	61.48	62.80	62.00	62.70	64.58	63.62	62.02	63.70	62.62	0.924048220999	0.927869346166	100	100
27620	27620	78817	78817	61.90	63.70	62.23	61.38	62.75	62.12	62.70	64.45	63.60	61.99	63.63	62.65	0.923855567425	0.927860067783	100	100
27720	27720	78717	78717	61.77	63.55	62.10	61.30	62.67	62.00	62.67	64.47	63.48	61.92	63.57	62.52	0.924446297304	0.927571646536	100	100
27820	27820	78617	78617	61.77	63.40	61.92	61.25	62.70	62.00	62.62	64.38	63.50	61.88	63.49	62.48	0.924848694501	0.927431625682	100	100
27920	27920	78517	78517	61.62	63.35	61.80	61.27	62.58	62.00	62.50	64.30	63.40	61.80	63.41	62.40	0.92482909479	0.928070800497	100	100
28020	28020	78417	78417	61.55	63.40	61.80	61.10	62.52	61.85	62.60	64.20	63.27	61.75	63.38	62.31	0.924876956723	0.927755558472	100	100
28120	28120	78317	78317	61.50	63.27	61.77	61.05	62.42	61.85	62.55	64.12	63.30	61.70	63.27	62.31	0.924733532177	0.928277257876	100	100
28220	28220	78217	78217	61.42	63.23	61.75	60.92	62.45	61.67	62.48	64.10	63.23	61.61	63.26	62.22	0.925030061547	0.928652686566	100	100
28320	28320	78117	78117	61.40	63.23	61.62	60.88	62.45	61.62	62.48	64.08	63.15	61.58	63.25	62.13	0.924968451419	0.928543781893	100	100
28420	28420	78017	78017	61.35	63.12	61.58	60.85	62.35	61.62	62.48	63.92	63.17	61.56	63.13	62.12	0.924661295986	0.928587468651	100	100
28520	28520	77917	77917	61.38	63.08	61.55	60.80	62.42	61.50	62.42	63.88	63.10	61.53	63.12	62.05	0.924749399358	0.928394955094	100	100
28620	28620	77817	77817	61.30	63.02	61.48	60.77	62.35	61.42	62.40	63.83	62.95	61.49	63.07	61.95	0.924787907286	0.928319001083	100	100
28720	28720	77717	77717	61.17	63.00	61.45	60.73	62.23	61.35	62.23	63.77	62.90	61.38	63.00	61.90	0.925071332255	0.928506509812	100	100
