12120	12120	94562	94562	75.08	77.75	79.85	74.55	77.65	79.25	75.28	78.53	79.88	74.97	77.97	79.66	1.35731260962	1.48455467987
12120	12120	94065	94065	75.03	77.75	79.88	74.58	77.60	79.25	75.28	78.53	79.90	74.96	77.96	79.67	1.26198000414	1.3850311124	100	100
12220	12220	93965	93965	74.28	76.60	78.30	73.55	76.88	78.22	74.05	77.83	78.62	73.96	77.10	78.38	1.0585244002	1.13272399298	100	100
12320	12320	93865	93865	73.05	75.45	77.08	73.17	76.17	76.90	73.08	77.17	77.25	73.10	76.27	77.08	0.97207233106	1.00643732666	100	100
12420	12420	93765	93765	73.10	75.45	76.97	73.25	75.92	76.80	73.08	76.85	77.03	73.14	76.08	76.93	0.925884844813	0.951545140401	100	100
12520	12520	93665	93665	73.60	75.60	77.30	73.33	76.17	77.33	73.70	77.05	77.45	73.54	76.28	77.36	0.907531890637	0.927402540181	100	100
12620	12620	93565	93565	74.03	75.92	77.85	73.67	76.38	77.85	73.97	76.97	77.97	73.89	76.42	77.89	0.899713303002	0.921430997557	100	100
12720	12720	93465	93465	74.62	76.58	78.35	73.95	76.62	78.28	74.20	77.50	78.58	74.26	76.90	78.40	0.894116300249	0.909363409231	100	100
12820	12820	93365	93365	74.75	76.97	78.67	74.05	76.80	78.67	74.50	77.65	78.88	74.43	77.14	78.74	0.890397932388	0.905001309262	100	100
12920	12920	93265	93265	75.10	77.28	78.92	74.28	76.85	78.83	74.88	77.75	79.20	74.75	77.29	78.98	0.887835811996	0.903629088496	100	100
13020	13020	93165	93165	75.15	77.50	79.15	74.42	77.20	79.12	75.22	77.92	79.42	74.93	77.54	79.23	0.883750280726	0.899251280677	100	100
13120	13120	93065	93065	75.20	77.70	79.50	74.50	77.38	79.45	75.30	78.00	79.62	75.00	77.69	79.53	0.882482991416	0.899482238762	100	100
13220	13220	92965	92965	75.15	78.03	79.67	74.50	77.38	79.28	75.33	78.15	79.65	74.99	77.85	79.53	0.882535090335	0.898145474127	100	100
13320	13320	92865	92865	75.45	78.28	80.08	74.47	77.55	79.35	75.78	78.35	79.88	75.23	78.06	79.77	0.884961196396	0.895378869158	100	100
13420	13420	92765	92765	75.55	78.17	80.22	74.92	77.62	79.15	75.75	78.53	79.92	75.41	78.11	79.77	0.885974258422	0.89297453393	100	100
13520	13520	92665	92665	75.90	78.45	80.33	74.67	77.53	79.20	76.05	78.72	79.83	75.54	78.23	79.78	0.884859162228	0.892516184916	100	100
13620	13620	92565	92565	75.83	78.33	80.35	74.92	77.30	79.35	76.05	78.65	79.90	75.60	78.09	79.87	0.882214759888	0.889040871315	100	100
13720	13720	92465	92465	75.67	78.17	80.00	75.08	77.70	79.40	76.28	78.72	80.10	75.67	78.20	79.83	0.883525985124	0.889575092097	100	100
13820	13820	92365	92365	75.88	78.12	80.25	74.70	77.30	78.95	76.30	78.80	80.33	75.62	78.08	79.84	0.886338448181	0.889537346853	100	100
13920	13920	92265	92265	75.88	78.25	79.92	74.42	77.08	78.78	76.17	78.65	80.25	75.49	77.99	79.65	0.888942875806	0.890837442398	100	100
14020	14020	92165	92165	75.80	78.42	80.03	74.17	77.22	78.53	75.88	78.50	80.47	75.28	78.05	79.67	0.89080516957	0.894327931242	100	100
14120	14120	92065	92065	75.78	78.53	80.05	74.30	77.00	78.33	75.78	78.35	80.58	75.28	77.96	79.65	0.89088298586	0.893358000308	100	100
14220	14220	91965	91965	75.75	78.65	79.97	74.22	76.95	78.15	75.78	78.17	80.50	75.25	77.92	79.54	0.889606853242	0.893575278612	100	100
14320	14320	91865	91865	75.62	78.72	79.97	74.17	77.03	78.12	75.60	78.33	80.50	75.13	78.03	79.53	0.889869119016	0.89420849817	100	100
14420	14420	91765	91765	75.60	78.62	79.88	74.25	77.00	77.92	75.72	78.12	80.33	75.19	77.92	79.38	0.891721227591	0.893804625196	100	100
14520	14520	91665	91665	75.75	78.40	80.00	74.15	76.85	77.85	75.83	78.05	80.30	75.24	77.77	79.38	0.889137468742	0.894642689436	100	100
14620	14620	91565	91565	75.83	78.22	79.92	74.30	76.70	77.78	75.78	78.10	80.08	75.30	77.67	79.26	0.891127622166	0.897633447736	100	100
14720	14720	91465	91465	75.45	78.15	79.92	74.15	76.45	77.53	75.53	77.92	79.90	75.04	77.51	79.12	0.890982542963	0.897779309525	100	100
14820	14820	91365	91365	75.38	78.12	79.90	74.17	76.38	77.30	75.42	78.25	79.67	74.99	77.58	78.96	0.890417758001	0.896720249577	100	100
14920	14920	91265	91265	75.28	77.88	79.85	74.08	76.20	77.25	75.30	77.95	79.55	74.88	77.34	78.88	0.890542030855	0.897185061037	100	100
15020	15020	91165	91165	75.25	77.80	79.55	73.92	76.15	77.50	75.45	77.70	79.58	74.88	77.22	78.88	0.88933805813	0.897921792881	100	100
15120	15120	91065	91065	75.22	77.83	79.40	73.95	75.80	77.25	75.33	77.78	79.47	74.83	77.13	78.71	0.891597690759	0.89753973162	100	100
15220	15220	90965	90965	74.95	77.80	79.12	73.53	75.90	77.12	75.38	77.45	79.25	74.62	77.05	78.50	0.892198360607	0.899436711718	100	100
15320	15320	90865	90865	74.65	77.67	79.03	73.40	75.85	77.00	75.38	77.25	78.97	74.47	76.92	78.33	0.892122059093	0.900878319773	100	100
15420	15420	90765	90765	74.78	77.45	78.78	73.38	75.75	76.80	75.10	77.25	78.67	74.42	76.82	78.08	0.89307287258	0.900766759878	100	100
15520	15520	90665	90665	74.67	77.35	78.60	73.35	75.42	76.60	74.90	77.12	78.47	74.31	76.63	77.89	0.893085506997	0.902934995423	100	100
15620	15620	90565	90565	74.55	77.25	78.53	73.28	75.25	76.53	74.78	77.22	78.33	74.20	76.58	77.79	0.892672042502	0.902428799101	100	100
15720	15720	90465	90465	74.30	77.22	78.33	73.22	75.28	76.30	74.62	77.22	78.25	74.05	76.58	77.62	0.892035078904	0.902843633527	100	100
15820	15820	90365	90365	74.22	76.92	77.97	73.15	75.20	76.22	74.55	76.88	77.95	73.97	76.33	77.38	0.894257882655	0.903246763711	100	100
15920	15920	90265	90265	73.85	76.70	77.90	73.00	74.90	75.95	74.42	76.65	77.88	73.76	76.08	77.24	0.894719445138	0.905380703873	100	100
16020	16020	90165	90165	73.62	76.47	77.85	72.65	74.75	75.85	74.25	76.53	77.58	73.51	75.92	77.09	0.895629323342	0.904037829298	100	100
16120	16120	90065	90065	73.40	76.28	77.85	72.30	74.40	75.80	74.22	76.55	77.58	73.31	75.74	77.08	0.895109862918	0.903264202418	100	100
16220	16220	89965	89965	73.33	76.25	77.60	71.92	74.53	75.70	74.03	76.62	77.33	73.09	75.80	76.88	0.895937479407	0.902442207987	100	100
16320	16320	89865	89865	73.45	76.10	77.22	71.88	74.50	75.50	73.75	76.42	77.17	73.03	75.67	76.63	0.895724372668	0.903152293446	100	100
16420	16420	89765	89765	73.45	76.00	76.95	71.60	74.35	75.30	73.70	76.33	76.88	72.92	75.56	76.38	0.896151113995	0.903220091942	100	100
16520	16520	89665	89665	73.25	75.70	76.65	71.58	74.03	74.97	73.58	76.30	76.83	72.80	75.34	76.15	0.896453826632	0.903700289085	100	100
16620	16620	89565	89565	73.00	75.47	76.55	71.55	73.92	74.80	73.53	76.22	76.53	72.69	75.21	75.96	0.896297001165	0.905208604873	100	100
16720	16720	89465	89465	72.72	75.40	76.38	71.40	73.72	74.70	73.35	75.78	76.33	72.49	74.97	75.80	0.896300235326	0.903484557337	100	100
16820	16820	89365	89365	72.62	75.25	76.35	71.45	73.70	74.65	73.30	75.65	76.17	72.46	74.87	75.72	0.896527113691	0.903614422775	100	100
16920	16920	89265	89265	72.50	74.97	76.22	71.30	73.60	74.53	73.25	75.33	76.00	72.35	74.63	75.58	0.896274354518	0.904664047068	100	100
17020	17020	89165	89165	72.35	74.92	75.88	71.28	73.17	74.38	73.17	75.12	75.83	72.27	74.41	75.36	0.896255760966	0.903346948376	100	100
17120	17120	89065	89065	72.22	74.70	75.58	71.00	73.12	74.15	72.97	75.03	75.92	72.07	74.28	75.22	0.897696695712	0.904736816454	100	100
17220	17220	88965	88965	72.03	74.50	75.40	71.00	72.95	73.92	72.85	75.00	75.72	71.96	74.15	75.02	0.896801785549	0.903924759905	100	100
17320	17320	88865	88865	71.90	74.45	75.30	71.05	72.80	73.97	72.92	75.05	75.80	71.96	74.10	75.03	0.897202601947	0.905271260809	100	100
17420	17420	88765	88765	71.75	74.20	75.03	70.92	72.70	73.83	72.97	75.03	75.70	71.88	73.97	74.85	0.899210584039	0.905712283882	100	100
17520	17520	88665	88665	71.67	73.67	74.95	70.78	72.72	73.65	72.67	75.00	75.53	71.71	73.80	74.71	0.898878493849	0.906241199329	100	100
17620	17620	88565	88565	71.40	73.58	74.90	70.65	72.62	73.60	72.65	74.88	75.30	71.57	73.69	74.60	0.899828719621	0.906135000535	100	100
17720	17720	88465	88465	71.45	73.60	74.65	70.45	72.53	73.67	72.47	74.80	75.03	71.46	73.64	74.45	0.900817705136	0.906303141434	100	100
17820	17820	88365	88365	71.30	73.53	74.55	70.55	72.45	73.47	72.25	74.50	74.83	71.37	73.49	74.28	0.900574184224	0.905886676525	100	100
17920	17920	88265	88265	71.00	73.33	74.28	70.30	72.33	73.28	72.20	74.40	74.70	71.17	73.35	74.08	0.900853732916	0.906031902684	100	100
18020	18020	88165	88165	71.05	73.12	74.17	70.12	72.28	72.90	71.88	74.22	74.50	71.02	73.21	73.86	0.901452999878	0.905926245378	100	100
18120	18120	88065	88065	70.85	72.67	74.12	69.97	72.05	72.72	71.85	73.97	74.12	70.89	72.90	73.66	0.902251995109	0.906661009558	100	100
18220	18220	87965	87965	70.80	72.38	74.00	69.85	71.75	72.42	71.67	73.70	73.88	70.78	72.61	73.43	0.903224220909	0.907231393705	100	100
18320	18320	87865	87865	70.80	72.22	73.72	69.80	71.53	72.45	71.67	73.67	73.78	70.76	72.47	73.32	0.903421078698	0.908086893272	100	100
18420	18420	87765	87765	70.70	72.20	73.60	69.80	71.28	72.30	71.40	73.53	73.65	70.63	72.33	73.18	0.90245236098	0.908284233475	100	100
18520	18520	87665	87665	70.58	72.20	73.38	69.62	71.12	71.95	71.35	73.42	73.50	70.52	72.25	72.94	0.902471419174	0.907900096629	100	100
18620	18620	87565	87565	70.58	71.97	73.20	69.40	71.00	71.80	71.28	73.20	73.35	70.42	72.06	72.78	0.90379994833	0.907793362908	100	100
18720	18720	87465	87465	70.45	71.78	73.12	69.20	71.08	71.67	71.17	73.05	73.28	70.28	71.97	72.69	0.905123770878	0.907445620377	100	100
18820	18820	87365	87365	70.42	71.65	73.12	69.05	71.08	71.60	71.00	72.95	73.30	70.16	71.89	72.67	0.905318348219	0.906733335793	100	100
18920	18920	87265	87265	70.38	71.53	72.85	68.92	70.90	71.55	70.95	72.88	73.25	70.08	71.77	72.55	0.905276985267	0.907863979791	100	100
19020	19020	87165	87165	70.22	71.47	72.65	68.80	70.88	71.30	70.88	72.78	73.15	69.97	71.71	72.37	0.905738448189	0.907949571471	100	100
19120	19120	87065	87065	70.25	71.40	72.55	68.85	70.75	71.22	70.75	72.70	73.05	69.95	71.62	72.28	0.906044529244	0.907458966493	100	100
19220	19220	86965	86965	70.20	71.25	72.30	68.72	70.55	70.92	70.75	72.65	72.90	69.89	71.48	72.04	0.905770879383	0.908124519191	100	100
19320	19320	86865	86865	70.17	71.12	72.15	68.80	70.53	70.90	70.62	72.53	72.70	69.87	71.39	71.92	0.90530210807	0.908284840258	100	100
19420	19420	86765	86765	70.05	71.00	72.15	68.85	70.42	70.85	70.50	72.30	72.67	69.80	71.24	71.89	0.904442112642	0.909136507107	100	100
19520	19520	86665	86665	69.95	70.95	72.08	68.65	70.38	70.67	70.33	72.10	72.55	69.64	71.14	71.77	0.904093004884	0.909722391397	100	100
19620	19620	86565	86565	69.80	70.90	71.92	68.53	70.45	70.53	70.17	72.12	72.30	69.50	71.16	71.58	0.904709059742	0.909607810311	100	100
19720	19720	86465	86465	69.72	70.75	71.70	68.45	70.35	70.25	70.00	71.83	72.17	69.39	70.97	71.38	0.90485304842	0.909999103477	100	100
19820	19820	86365	86365	69.55	70.55	71.55	68.15	70.15	70.17	69.80	71.78	72.05	69.17	70.83	71.26	0.905118235019	0.909916342374	100	100
19920	19920	86265	86265	69.38	70.47	71.62	67.97	70.03	70.12	69.90	71.80	71.83	69.08	70.77	71.19	0.905118263378	0.909880978839	100	100
20020	20020	86165	86165	69.22	70.45	71.35	68.00	70.03	69.90	69.83	71.65	71.78	69.02	70.71	71.01	0.907045131919	0.910310562179	100	100
20120	20120	86065	86065	69.03	70.38	71.20	67.72	69.90	69.83	69.85	71.58	71.47	68.87	70.62	70.83	0.90706865767	0.911218617194	100	100
20220	20220	85965	85965	68.85	70.17	70.95	67.67	69.65	69.65	69.65	71.42	71.38	68.72	70.42	70.66	0.907723160325	0.911008522632	100	100
20320	20320	85865	85865	68.80	70.12	70.95	67.45	69.60	69.50	69.45	71.30	71.38	68.57	70.34	70.61	0.907423759987	0.91111892866	100	100
20420	20420	85765	85765	68.75	69.83	70.70	67.40	69.30	69.20	69.38	71.12	71.15	68.51	70.08	70.35	0.907785842181	0.911831670205	100	100
20520	20520	85665	85665	68.53	69.85	70.45	67.17	69.10	69.05	69.10	70.90	71.03	68.27	69.95	70.17	0.907839895789	0.911459295042	100	100
20620	20620	85565	85565	68.55	69.78	70.25	67.08	68.95	68.97	69.00	70.80	70.90	68.21	69.84	70.04	0.907526928124	0.912220795148	100	100
20720	20720	85465	85465	68.38	69.62	70.03	66.90	68.88	68.70	68.92	70.67	70.62	68.07	69.72	69.78	0.907711687449	0.912363006394	100	100
20820	20820	85365	85365	68.30	69.65	69.97	66.80	68.72	68.53	68.95	70.58	70.60	68.02	69.65	69.70	0.90857470327	0.911546343609	100	100
20920	20920	85265	85265	68.20	69.53	69.83	66.58	68.70	68.50	68.80	70.47	70.35	67.86	69.57	69.56	0.908618523519	0.911077567462	100	100
21020	21020	85165	85165	68.15	69.47	69.53	66.47	68.47	68.40	68.80	70.40	70.20	67.81	69.45	69.38	0.908624149007	0.911920285723	100	100
21120	21120	85065	85065	67.95	69.22	69.33	66.22	68.30	68.30	68.65	70.30	70.08	67.61	69.28	69.23	0.908740151239	0.911604030487	100	100
21220	21220	84965	84965	67.67	69.15	69.12	66.08	68.17	68.17	68.58	70.28	69.90	67.44	69.20	69.07	0.909433976003	0.911891406745	100	100
21320	21320	84865	84865	67.60	68.85	68.80	66.10	68.12	68.05	68.42	70.08	69.72	67.38	69.02	68.86	0.909955730494	0.912814008535	100	100
21420	21420	84765	84765	67.55	68.85	68.67	65.92	68.03	67.80	68.17	69.92	69.42	67.22	68.93	68.63	0.910053367284	0.912726974598	100	100
21520	21520	84665	84665	67.40	68.72	68.45	65.85	67.95	67.62	67.97	69.83	69.33	67.08	68.83	68.47	0.910506297127	0.912467553847	100	100
21620	21620	84565	84565	67.20	68.53	68.38	65.72	67.88	67.50	67.83	69.70	69.25	66.92	68.70	68.38	0.911273526383	0.913236907455	100	100
21720	21720	84465	84465	67.12	68.45	68.20	65.70	67.75	67.30	67.75	69.60	69.12	66.86	68.60	68.21	0.911610813932	0.91367544658	100	100
21820	21820	84365	84365	67.05	68.35	68.00	65.60	67.53	67.35	67.78	69.35	68.90	66.81	68.41	68.08	0.911811434097	0.913871820183	100	100
21920	21920	84265	84265	66.85	68.35	67.90	65.53	67.60	67.28	67.60	69.28	68.88	66.66	68.41	68.02	0.911472499456	0.91418173161	100	100
22020	22020	84165	84165	66.83	68.28	67.83	65.55	67.42	67.15	67.42	69.10	68.78	66.60	68.27	67.92	0.911433664758	0.914488835369	100	100
22120	22120	84065	84065	66.78	68.15	67.72	65.12	67.53	66.80	67.22	68.95	68.67	66.38	68.21	67.73	0.91181635216	0.914667450361	100	100
22220	22220	83965	83965	66.62	68.12	67.58	65.17	67.28	66.53	67.08	68.80	68.55	66.29	68.07	67.55	0.912217417712	0.914859866755	100	100
22320	22320	83865	83865	66.53	67.95	67.45	65.00	67.33	66.47	67.10	68.60	68.45	66.21	67.96	67.46	0.91221468101	0.914535169408	100	100
22420	22420	83765	83765	66.33	67.90	67.33	64.92	67.15	66.35	66.92	68.53	68.40	66.06	67.86	67.36	0.912338863728	0.914475069267	100	100
22520	22520	83665	83665	66.33	67.83	67.28	64.90	67.03	66.30	66.92	68.40	68.15	66.05	67.75	67.24	0.912618964872	0.915449229711	100	100
22620	22620	83565	83565	66.22	67.58	67.00	64.72	66.90	66.05	66.92	68.33	68.12	65.96	67.60	67.06	0.912587988483	0.915653923191	100	100
22720	22720	83465	83465	65.97	67.25	66.88	64.67	66.83	65.83	66.67	68.30	67.95	65.78	67.46	66.88	0.913035907546	0.916256157107	100	100
22820	22820	83365	83365	65.92	67.17	66.85	64.55	66.67	65.72	66.55	68.12	67.58	65.67	67.33	66.72	0.914077344273	0.916069144409	100	100
22920	22920	83265	83265	65.80	67.12	66.62	64.53	66.53	65.55	66.53	68.00	67.47	65.62	67.22	66.55	0.913789995422	0.915546021544	100	100
23020	23020	83165	83165	65.58	66.97	66.50	64.47	66.38	65.38	66.33	67.90	67.47	65.46	67.08	66.45	0.914919733937	0.915443310673	100	100
23120	23120	83065	83065	65.42	66.85	66.25	64.25	66.17	65.33	66.10	67.80	67.25	65.26	66.94	66.28	0.915017418047	0.915377942438	100	100
23220	23220	82965	82965	65.30	66.62	65.95	64.33	66.03	65.28	65.97	67.53	67.20	65.20	66.72	66.14	0.914978359784	0.915653065234	100	100
23320	23320	82865	82865	65.20	66.62	65.85	64.25	65.97	65.10	65.88	67.35	67.10	65.11	66.65	66.02	0.91560757786	0.916443449447	100	100
23420	23420	82765	82765	65.20	66.50	65.60	64.20	65.88	65.10	65.75	67.28	66.92	65.05	66.55	65.88	0.915314944873	0.916523677355	100	100
23520	23520	82665	82665	65.05	66.33	65.45	63.95	65.75	64.95	65.70	67.22	66.85	64.90	66.43	65.75	0.916160772102	0.916477879575	100	100
23620	23620	82565	82565	64.92	66.08	65.38	63.83	65.70	64.88	65.67	67.15	66.85	64.81	66.31	65.70	0.916718750562	0.917075579216	100	100
23720	23720	82465	82465	64.60	66.03	65.15	63.75	65.60	64.88	65.65	67.05	66.80	64.67	66.22	65.61	0.916772932409	0.917097484039	100	100
23820	23820	82365	82365	64.60	66.05	65.05	63.75	65.60	64.85	65.65	67.00	66.60	64.67	66.22	65.50	0.916563760066	0.917679527729	100	100
23920	23920	82265	82265	64.60	66.08	64.97	63.70	65.60	64.75	65.62	67.08	66.55	64.64	66.25	65.42	0.916249491466	0.918163468039	100	100
24020	24020	82165	82165	64.62	65.97	64.97	63.73	65.55	64.65	65.53	66.92	66.53	64.62	66.15	65.38	0.915463504043	0.918452368656	100	100
24120	24120	82065	82065	64.47	65.88	64.88	63.67	65.55	64.60	65.58	66.88	66.53	64.58	66.10	65.33	0.915865724628	0.919324533747	100	100
24220	24220	81965	81965	64.35	65.67	64.67	63.58	65.47	64.55	65.28	66.85	66.25	64.40	66.00	65.16	0.915681019378	0.919111702684	100	100
24320	24320	81865	81865	64.38	65.60	64.55	63.58	65.45	64.47	65.20	66.65	66.25	64.38	65.90	65.09	0.915439510912	0.919257103701	100	100
24420	24420	81765	81765	64.33	65.53	64.35	63.40	65.20	64.35	65.08	66.60	66.12	64.27	65.78	64.94	0.915158235693	0.919293941934	100	100
24520	24520	81665	81665	64.28	65.47	64.30	63.33	65.10	64.20	64.92	66.53	66.00	64.17	65.70	64.83	0.915851682339	0.919581991849	100	100
24620	24620	81565	81565	64.28	65.35	64.20	63.23	64.92	64.15	64.92	66.47	65.92	64.14	65.58	64.76	0.915521766535	0.919557251454	100	100
24720	24720	81465	81465	64.15	65.28	64.17	63.30	64.80	64.10	64.75	66.35	65.85	64.07	65.47	64.71	0.91561439095	0.919402808125	100	100
24820	24820	81365	81365	63.95	65.28	64.17	63.15	64.67	64.12	64.70	66.28	65.80	63.93	65.41	64.70	0.91571964802	0.919876253445	100	100
24920	24920	81265	81265	63.80	65.08	63.92	63.10	64.47	63.92	64.60	66.20	65.78	63.83	65.25	64.54	0.91605167937	0.919908987432	100	100
25020	25020	81165	81165	63.75	65.05	63.92	62.92	64.35	63.67	64.53	66.17	65.75	63.73	65.19	64.45	0.916589109433	0.920377454113	100	100
25120	25120	81065	81065	63.73	65.03	63.88	62.73	64.30	63.58	64.33	66.05	65.58	63.59	65.12	64.34	0.917631358418	0.921225612205	100	100
25220	25220	80965	80965	63.50	64.97	63.73	62.77	64.25	63.50	64.22	66.05	65.45	63.50	65.09	64.22	0.918005757771	0.921949651434	100	100
25320	25320	80865	80865	63.48	64.95	63.70	62.70	64.08	63.38	64.05	65.85	65.35	63.41	64.96	64.14	0.91777916032	0.920696116149	100	100
25420	25420	80765	80765	63.42	64.80	63.60	62.80	63.95	63.42	64.08	65.85	65.25	63.43	64.87	64.09	0.917506566915	0.920938413751	100	100
25520	25520	80665	80665	63.35	64.78	63.60	62.67	63.85	63.33	63.88	65.72	65.15	63.30	64.78	64.03	0.917851215787	0.921971536477	100	100
25620	25620	80565	80565	63.23	64.83	63.48	62.60	63.88	63.20	63.88	65.70	65.05	63.23	64.80	63.91	0.918456840929	0.921661465202	100	100
25720	25720	80465	80465	63.00	64.67	63.42	62.40	63.77	63.08	63.85	65.67	64.97	63.08	64.71	63.83	0.918818148856	0.921894585326	100	100
25820	25820	80365	80365	62.98	64.60	63.40	62.27	63.62	62.98	63.73	65.45	64.85	62.99	64.56	63.74	0.919784690396	0.921465457618	100	100
25920	25920	80265	80265	62.92	64.53	63.35	62.23	63.62	62.95	63.67	65.30	64.78	62.94	64.48	63.69	0.920183882273	0.921493410088	100	100
26020	26020	80165	80165	62.95	64.55	63.30	62.08	63.58	62.85	63.70	65.33	64.60	62.91	64.48	63.58	0.92017135758	0.921576520576	100	100
26120	26120	80065	80065	62.92	64.60	63.25	62.05	63.48	62.75	63.65	65.28	64.50	62.88	64.45	63.50	0.920032263672	0.921407914405	100	100
26220	26220	79965	79965	62.90	64.45	63.02	61.90	63.15	62.75	63.60	65.10	64.35	62.80	64.23	63.38	0.920649757073	0.921521396879	100	100
26320	26320	79865	79865	62.83	64.50	62.95	61.88	63.08	62.67	63.50	65.03	64.38	62.73	64.20	63.33	0.921266840787	0.921286745459	100	100
26420	26420	79765	79765	62.73	64.47	62.85	61.77	62.80	62.65	63.52	64.83	64.28	62.67	64.03	63.26	0.921413590793	0.921054242782	100	100
26520	26520	79665	79665	62.65	64.53	62.83	61.67	62.75	62.52	63.40	64.72	64.25	62.58	64.00	63.20	0.921906428493	0.921104653256	100	100
26620	26620	79565	79565	62.58	64.45	62.80	61.65	62.77	62.35	63.27	64.75	64.28	62.50	63.99	63.14	0.921656916886	0.922109620455	100	100
26720	26720	79465	79465	62.42	64.40	62.83	61.55	62.77	62.30	63.20	64.65	64.08	62.39	63.94	63.07	0.921618642105	0.922830848611	100	100
26820	26820	79365	79365	62.38	64.17	62.83	61.45	62.67	62.27	63.05	64.53	64.05	62.29	63.79	63.05	0.921722632983	0.92341904516	100	100
26920	26920	79265	79265	62.33	64.10	62.70	61.42	62.55	62.27	63.00	64.45	64.15	62.25	63.70	63.04	0.921780308812	0.923487861784	100	100
27020	27020	79165	79165	62.30	64.05	62.67	61.40	62.60	62.25	62.92	64.47	64.10	62.21	63.71	63.01	0.922020990585	0.923604232093	100	100
27120	27120	79065	79065	62.15	63.98	62.62	61.30	62.65	62.20	62.92	64.30	63.98	62.12	63.64	62.93	0.922496345388	0.923916618096	100	100
27220	27220	78965	78965	62.08	63.90	62.62	61.40	62.62	62.15	62.75	64.30	63.90	62.08	63.61	62.89	0.922739407231	0.924095125733	100	100
27320	27320	78865	78865	61.88	63.90	62.52	61.38	62.55	62.05	62.77	64.28	63.80	62.01	63.58	62.79	0.923383860842	0.923961348625	100	100
27420	27420	78765	78765	61.75	63.83	62.48	61.25	62.50	61.92	62.62	64.25	63.77	61.88	63.52	62.73	0.923094315339	0.924613817874	100	100
27520	27520	78665	78665	61.83	63.77	62.33	61.27	62.40	61.80	62.62	64.12	63.55	61.91	63.43	62.56	0.923508158009	0.925125185758	100	100
27620	27620	78565	78565	61.67	63.73	62.15	61.27	62.25	61.67	62.50	63.92	63.30	61.82	63.30	62.38	0.9237390446	0.925337895886	100	100
27720	27720	78465	78465	61.73	63.70	62.00	61.17	62.17	61.65	62.40	64.00	63.12	61.77	63.29	62.26	0.923754592338	0.92605607279	100	100
27820	27820	78365	78365	61.65	63.62	61.92	61.10	62.12	61.67	62.30	63.90	63.15	61.68	63.22	62.25	0.924048551522	0.926048377929	100	100
27920	27920	78265	78265	61.73	63.58	61.80	60.98	62.08	61.52	62.25	63.90	63.08	61.65	63.18	62.13	0.9242802556	0.926106558745	100	100
28020	28020	78165	78165	61.58	63.40	61.67	60.98	62.00	61.48	62.12	63.85	63.05	61.56	63.08	62.07	0.924438028583	0.926445182772	100	100
28120	28120	78065	78065	61.42	63.35	61.67	60.88	62.02	61.38	62.08	63.90	63.02	61.46	63.09	62.02	0.924230675129	0.92660213432	100	100
28220	28220	77965	77965	61.35	63.35	61.62	60.83	62.02	61.35	62.05	63.85	62.92	61.41	63.08	61.97	0.923890385597	0.926718889548	100	100
28320	28320	77865	77865	61.35	63.30	61.58	60.77	62.05	61.25	62.10	63.75	62.88	61.41	63.03	61.90	0.923778129067	0.926480764804	100	100
28420	28420	77765	77765	61.17	63.15	61.45	60.75	61.92	61.20	61.88	63.73	62.75	61.27	62.93	61.80	0.924088087272	0.926990315146	100	100
28520	28520	77665	77665	61.10	63.10	61.30	60.70	61.92	61.20	61.90	63.73	62.67	61.23	62.92	61.73	0.924025144086	0.926870327994	100	100
28620	28620	77565	77565	60.98	63.05	61.25	60.70	61.92	61.10	61.67	63.65	62.60	61.12	62.88	61.65	0.923954334037	0.926891180907	100	100
28720	28720	77465	77465	60.92	63.00	61.23	60.65	61.85	61.05	61.75	63.55	62.50	61.11	62.80	61.59	0.923932851343	0.926944222696	100	100
28820	28820	77365	77365	60.95	62.73	61.25	60.58	61.77	60.90	61.67	63.45	62.38	61.07	62.65	61.51	0.924405610498	0.927511432581	100	100
28920	28920	77265	77265	60.80	62.67	61.20	60.58	61.83	60.80	61.48	63.42	62.40	60.95	62.64	61.47	0.92441084563	0.927669974709	100	100
29020	29020	77165	77165	60.73	62.55	61.20	60.50	61.65	60.77	61.35	63.35	62.30	60.86	62.52	61.42	0.924818942136	0.927866662799	100	100
29120	29120	77065	77065	60.73	62.45	61.15	60.45	61.67	60.80	61.30	63.33	62.27	60.83	62.48	61.41	0.925516229677	0.92805136143	100	100
29220	29220	76965	76965	60.62	62.48	61.12	60.55	61.75	60.75	61.30	63.35	62.25	60.83	62.52	61.38	0.925588010588	0.927804040318	100	100
29320	29320	76865	76865	60.58	62.50	61.02	60.42	61.62	60.73	61.33	63.38	62.25	60.77	62.50	61.33	0.925885181193	0.927181762083	100	100
29420	29420	76765	76765	60.60	62.50	60.85	60.38	61.62	60.73	61.25	63.33	62.20	60.74	62.48	61.26	0.926141219175	0.927245273898	100	100
29520	29520	76665	76665	60.62	62.33	60.88	60.23	61.55	60.62	61.35	63.27	62.15	60.73	62.38	61.22	0.926168250888	0.927753428088	100	100
29620	29620	76565	76565	60.50	62.20	60.73	60.15	61.50	60.67	61.25	63.17	62.05	60.63	62.29	61.15	0.925817069737	0.928185928388	100	100
29720	29720	76465	76465	60.40	62.12	60.67	60.12	61.48	60.60	61.23	63.12	61.98	60.58	62.24	61.08	0.926105690816	0.928482554055	100	100
29820	29820	76365	76365	60.33	62.10	60.55	60.10	61.45	60.45	61.20	63.02	61.88	60.54	62.19	60.96	0.926147213692	0.928137241572	100	100
29920	29920	76265	76265	60.25	62.10	60.45	59.95	61.38	60.35	61.20	63.05	61.80	60.47	62.17	60.87	0.926612613335	0.928561726304	100	100
30020	30020	76165	76165	60.35	62.00	60.33	59.88	61.38	60.27	61.15	62.95	61.83	60.46	62.11	60.81	0.926431644582	0.928600947274	100	100
30120	30120	76065	76065	60.27	61.95	60.35	59.90	61.35	60.30	61.12	62.85	61.70	60.43	62.05	60.78	0.926690864495	0.928898193296	100	100
30220	30220	75965	75965	60.17	61.90	60.33	59.80	61.42	60.25	61.08	62.77	61.67	60.35	62.03	60.75	0.926701577244	0.92875678497	100	100
30320	30320	75865	75865	60.23	61.85	60.15	59.70	61.35	60.17	61.10	62.83	61.60	60.34	62.01	60.64	0.927114133557	0.92887015756	100	100
30420	30420	75765	75765	60.25	61.75	60.10	59.65	61.25	60.08	60.92	62.83	61.50	60.27	61.94	60.56	0.926840540834	0.929602139174	100	100
30520	30520	75665	75665	60.15	61.65	59.98	59.65	61.17	60.05	60.85	62.70	61.38	60.22	61.84	60.47	0.926965690614	0.930089451608	100	100
30620	30620	75565	75565	60.20	61.55	59.90	59.58	61.15	59.92	60.80	62.65	61.25	60.19	61.78	60.36	0.92703314148	0.93041318096	100	100
