12120	12120	94562	94562	75.10	77.75	79.85	74.55	77.65	79.25	75.28	78.53	79.90	74.97	77.97	79.67	1.16498648336	1.29185468147
12120	12120	93554	93554	75.03	77.72	79.85	74.55	77.65	79.25	75.30	78.53	79.88	74.96	77.97	79.66	1.11813642597	1.24497082605	100	100
12220	12220	93454	93454	74.10	77.03	78.62	73.90	76.97	78.45	74.05	78.15	79.08	74.02	77.38	78.72	0.997191100287	1.07954963276	100	100
12320	12320	93354	93354	74.00	76.62	78.30	73.80	76.75	78.42	73.72	77.80	78.72	73.84	77.06	78.48	0.955288134969	1.00461580483	100	100
12420	12420	93254	93254	74.20	76.58	78.35	74.15	76.80	78.40	74.08	77.72	78.67	74.14	77.03	78.47	0.932674911132	0.972675819596	100	100
12520	12520	93154	93154	74.33	76.53	78.53	74.17	76.78	78.62	74.28	77.80	78.95	74.26	77.03	78.70	0.922715151203	0.950924716264	100	100
12620	12620	93054	93054	74.78	76.78	78.75	74.38	76.88	78.92	74.80	77.95	79.03	74.65	77.20	78.90	0.915794260323	0.941320660108	100	100
12720	12720	92954	92954	75.10	76.97	78.80	74.45	76.90	78.85	74.97	78.00	79.20	74.84	77.29	78.95	0.908694827502	0.931496559567	100	100
12820	12820	92854	92854	75.20	77.28	78.95	74.60	77.10	79.00	75.20	78.00	79.47	75.00	77.46	79.14	0.905867183916	0.924914473084	100	100
12920	12920	92754	92754	75.22	77.47	79.30	74.85	77.12	79.12	75.62	78.20	79.53	75.23	77.60	79.32	0.90486655528	0.919070001889	100	100
13020	13020	92654	92654	75.42	77.53	79.50	74.92	77.25	79.00	75.75	78.53	79.60	75.37	77.77	79.37	0.900658163739	0.915274641948	100	100
13120	13120	92554	92554	75.50	77.78	79.60	74.92	77.42	79.38	75.88	78.65	79.88	75.43	77.95	79.62	0.899600048937	0.912755997728	100	100
13220	13220	92454	92454	75.70	77.95	79.83	74.75	77.53	79.53	76.03	78.65	79.83	75.49	78.04	79.72	0.896582334851	0.909502425575	100	100
13320	13320	92354	92354	75.65	78.12	79.88	74.55	77.67	79.47	75.97	78.70	80.05	75.39	78.17	79.80	0.893592829453	0.907440520031	100	100
13420	13420	92254	92254	75.67	78.05	80.05	74.45	77.70	79.50	76.25	79.15	79.83	75.46	78.30	79.79	0.895113008405	0.903214187815	100	100
13520	13520	92154	92154	75.67	78.05	79.90	74.38	77.40	79.45	76.25	79.25	80.08	75.43	78.23	79.81	0.895242431613	0.903411607946	100	100
13620	13620	92054	92054	75.80	78.05	79.88	74.60	77.42	79.25	75.97	79.00	80.12	75.46	78.16	79.75	0.895289536869	0.904223422385	100	100
13720	13720	91954	91954	75.72	78.20	79.85	74.53	77.42	79.05	76.15	78.88	80.17	75.47	78.17	79.69	0.894740234592	0.90387039317	100	100
13820	13820	91854	91854	75.67	78.25	79.95	74.60	77.30	79.08	76.20	78.88	80.17	75.49	78.14	79.73	0.892986063047	0.903891710354	100	100
13920	13920	91754	91754	75.50	78.30	79.85	74.47	76.88	78.83	76.12	78.72	80.15	75.37	77.97	79.61	0.892310750822	0.901746806069	100	100
14020	14020	91654	91654	75.35	78.33	79.90	74.58	76.85	78.78	75.95	78.78	80.30	75.29	77.98	79.66	0.896267048773	0.903203680862	100	100
14120	14120	91554	91554	75.60	78.22	79.95	74.38	77.08	78.80	75.90	78.60	80.30	75.29	77.97	79.68	0.894987547129	0.902543356113	100	100
14220	14220	91454	91454	75.65	78.10	79.80	74.38	77.03	78.65	76.00	78.70	80.33	75.34	77.94	79.59	0.89644993575	0.901458023905	100	100
14320	14320	91354	91354	75.53	78.03	79.70	74.33	76.95	78.67	76.00	78.70	80.22	75.28	77.89	79.53	0.895315031417	0.901803617417	100	100
14420	14420	91254	91254	75.42	78.05	79.47	74.17	76.75	78.47	76.15	78.62	80.38	75.25	77.81	79.44	0.893459599014	0.901001317177	100	100
14520	14520	91154	91154	75.30	78.05	79.20	74.17	76.78	78.17	76.20	78.42	80.20	75.22	77.75	79.19	0.893302209901	0.900527870837	100	100
14620	14620	91054	91054	75.10	78.12	78.88	74.22	76.88	78.10	75.92	78.10	80.15	75.08	77.70	79.04	0.89279485801	0.900790294621	100	100
14720	14720	90954	90954	74.88	78.12	78.95	73.90	76.95	78.12	76.03	77.85	80.20	74.93	77.64	79.09	0.893206980322	0.899749032006	100	100
14820	14820	90854	90854	75.03	77.83	78.85	73.80	76.72	78.08	75.97	77.85	80.05	74.93	77.47	78.99	0.892269546697	0.899749116407	100	100
14920	14920	90754	90754	74.88	77.72	78.80	73.80	76.60	77.67	75.92	77.62	79.80	74.87	77.32	78.76	0.894610561156	0.899531191609	100	100
15020	15020	90654	90654	74.97	77.70	78.67	73.67	76.47	77.47	75.55	77.67	79.80	74.73	77.28	78.65	0.895297107053	0.899142010143	100	100
15120	15120	90554	90554	74.92	77.85	78.67	73.58	76.33	77.17	75.40	77.58	79.80	74.63	77.25	78.55	0.894172001743	0.896391536011	100	100
15220	15220	90454	90454	74.75	77.62	78.55	73.60	76.28	77.03	75.20	77.62	79.62	74.52	77.17	78.40	0.893243478676	0.896900840403	100	100
15320	15320	90354	90354	74.60	77.55	78.15	73.62	76.08	76.97	75.17	77.60	79.42	74.47	77.08	78.18	0.892892173382	0.897076743832	100	100
15420	15420	90254	90254	74.60	77.38	78.10	73.55	75.80	76.92	74.78	77.65	79.25	74.31	76.94	78.09	0.892308902231	0.897737410037	100	100
15520	15520	90154	90154	74.47	77.20	77.78	73.35	75.67	76.65	74.67	77.50	79.08	74.17	76.79	77.83	0.892364737468	0.899011833725	100	100
15620	15620	90054	90054	74.08	77.08	77.67	73.35	75.75	76.50	74.58	77.50	78.78	74.00	76.78	77.65	0.891991570015	0.899244971103	100	100
15720	15720	89954	89954	74.03	77.10	77.58	73.30	75.45	76.30	74.42	77.38	78.62	73.92	76.64	77.50	0.890763982773	0.899063531317	100	100
15820	15820	89854	89854	73.88	76.95	77.58	72.97	75.50	75.90	74.28	76.85	78.42	73.71	76.43	77.30	0.891593484559	0.899890759543	100	100
15920	15920	89754	89754	73.70	76.80	77.45	72.80	75.42	75.72	74.28	76.62	78.22	73.59	76.28	77.13	0.89340788581	0.901435300661	100	100
16020	16020	89654	89654	73.55	76.80	77.30	72.62	75.33	75.75	74.40	76.67	78.38	73.53	76.27	77.14	0.892314420181	0.89985833184	100	100
16120	16120	89554	89554	73.47	76.45	77.28	72.55	75.15	75.62	74.30	76.53	78.22	73.44	76.04	77.04	0.892683046781	0.897870611109	100	100
16220	16220	89454	89454	73.12	76.38	77.17	72.40	75.00	75.58	74.33	76.50	78.10	73.28	75.96	76.95	0.894679946197	0.897990912494	100	100
16320	16320	89354	89354	73.08	76.25	76.97	72.20	74.97	75.55	74.42	76.53	77.95	73.23	75.92	76.83	0.893555387962	0.898863628334	100	100
16420	16420	89254	89254	72.97	76.12	76.75	72.42	74.80	75.58	74.15	76.17	77.97	73.18	75.70	76.77	0.894167432708	0.898799938267	100	100
16520	16520	89154	89154	72.83	75.85	76.62	72.20	74.62	75.30	74.10	76.20	77.62	73.04	75.56	76.52	0.894993659052	0.899567377067	100	100
16620	16620	89054	89054	72.67	75.58	76.53	72.08	74.17	75.17	73.90	75.90	77.38	72.88	75.22	76.36	0.89452200278	0.901514254396	100	100
16720	16720	88954	88954	72.45	75.55	76.25	71.95	74.15	74.95	73.75	75.75	77.17	72.72	75.15	76.12	0.895999889522	0.900163586804	100	100
16820	16820	88854	88854	72.20	75.38	76.05	71.78	74.10	74.40	73.65	75.80	76.92	72.54	75.09	75.79	0.897152495037	0.900995643183	100	100
16920	16920	88754	88754	71.97	75.22	75.80	71.83	73.92	74.28	73.62	75.70	77.10	72.47	74.95	75.72	0.898121756721	0.90070264032	100	100
17020	17020	88654	88654	71.88	75.22	75.65	71.72	73.67	74.12	73.33	75.60	76.70	72.31	74.83	75.49	0.896339562151	0.902835946197	100	100
17120	17120	88554	88554	71.88	75.05	75.45	71.62	73.45	73.85	73.33	75.47	76.30	72.28	74.66	75.20	0.896544425606	0.903551649534	100	100
17220	17220	88454	88454	71.83	74.78	75.53	71.38	73.20	73.70	73.03	75.58	76.28	72.08	74.52	75.17	0.896034329145	0.90276719984	100	100
17320	17320	88354	88354	71.67	74.65	75.35	71.25	73.05	73.70	73.03	75.55	76.20	71.98	74.42	75.08	0.89640865285	0.90221593988	100	100
17420	17420	88254	88254	71.70	74.65	75.03	71.10	73.05	73.47	72.92	75.35	75.92	71.91	74.35	74.81	0.896934491819	0.903066980286	100	100
17520	17520	88154	88154	71.53	74.53	74.90	70.88	73.03	73.20	72.75	75.20	76.05	71.72	74.25	74.72	0.89685336533	0.904445382518	100	100
17620	17620	88054	88054	71.42	74.42	74.53	70.42	72.88	73.15	72.58	75.12	75.85	71.47	74.14	74.51	0.897592867684	0.903703804229	100	100
17720	17720	87954	87954	71.20	74.25	74.33	70.42	72.83	73.10	72.45	75.20	75.60	71.36	74.09	74.34	0.897307412923	0.902818007938	100	100
17820	17820	87854	87854	71.00	74.05	74.20	70.28	72.75	72.92	72.25	75.08	75.38	71.17	73.96	74.17	0.897934559297	0.903840573098	100	100
17920	17920	87754	87754	70.92	73.88	74.12	69.97	72.58	72.97	72.10	75.08	75.17	71.00	73.84	74.09	0.898565815973	0.903246945914	100	100
18020	18020	87654	87654	70.97	73.70	73.83	69.85	72.58	72.85	72.03	74.92	75.03	70.95	73.73	73.90	0.898051210685	0.903784719633	100	100
18120	18120	87554	87554	70.90	73.60	73.58	69.62	72.55	72.60	71.88	74.78	74.80	70.80	73.64	73.66	0.898427172365	0.903330858592	100	100
18220	18220	87454	87454	70.85	73.25	73.35	69.33	72.42	72.22	71.83	74.60	74.67	70.67	73.42	73.42	0.898810519947	0.903288113664	100	100
18320	18320	87354	87354	70.62	73.10	73.20	69.42	72.22	71.95	71.67	74.45	74.53	70.58	73.26	73.22	0.898662675099	0.904081772806	100	100
18420	18420	87254	87254	70.33	73.03	72.83	69.25	72.15	71.83	71.70	74.22	74.20	70.42	73.13	72.95	0.900812829584	0.904628450676	100	100
18520	18520	87154	87154	70.12	72.75	72.80	69.00	71.92	71.60	71.47	74.12	74.03	70.20	72.93	72.81	0.901337767613	0.904703294215	100	100
18620	18620	87054	87054	70.03	72.35	72.50	68.97	71.75	71.35	71.38	73.95	73.85	70.12	72.68	72.57	0.901579118301	0.904985350844	100	100
18720	18720	86954	86954	69.78	72.55	72.47	68.90	71.78	71.20	71.10	73.88	73.83	69.92	72.73	72.50	0.900949132343	0.90596288848	100	100
18820	18820	86854	86854	69.75	72.35	72.25	68.62	71.75	71.15	71.05	73.83	73.58	69.81	72.64	72.33	0.901534647009	0.905542639006	100	100
18920	18920	86754	86754	69.78	72.25	72.20	68.47	71.47	71.00	70.83	73.80	73.33	69.69	72.51	72.17	0.901895772021	0.905458077935	100	100
19020	19020	86654	86654	69.75	72.12	72.15	68.35	71.47	70.92	70.62	73.47	73.12	69.58	72.36	72.07	0.902065896548	0.90518736568	100	100
19120	19120	86554	86554	69.60	71.92	72.08	68.25	71.15	70.62	70.42	72.90	73.05	69.42	71.99	71.92	0.901618754962	0.905080439598	100	100
19220	19220	86454	86454	69.53	71.65	71.85	68.05	70.97	70.47	70.22	72.75	72.80	69.27	71.79	71.71	0.90254656951	0.90598366567	100	100
19320	19320	86354	86354	69.40	71.55	71.80	67.80	70.90	70.28	70.12	72.53	72.60	69.11	71.66	71.56	0.903029274729	0.905400707243	100	100
19420	19420	86254	86254	69.17	71.47	71.47	67.47	70.88	70.22	69.92	72.50	72.40	68.86	71.62	71.37	0.903440673847	0.905032998264	100	100
19520	19520	86154	86154	68.90	71.35	71.30	67.40	70.70	70.03	69.72	72.12	72.12	68.67	71.39	71.15	0.903063855553	0.905774066297	100	100
19620	19620	86054	86054	68.97	71.12	71.00	67.30	70.70	69.83	69.53	71.97	71.88	68.60	71.27	70.90	0.90346904029	0.905983078109	100	100
19720	19720	85954	85954	68.70	71.25	70.80	67.20	70.55	69.72	69.47	71.70	71.67	68.46	71.17	70.73	0.904025679926	0.907368259108	100	100
19820	19820	85854	85854	68.35	70.95	70.85	67.20	70.40	69.62	69.33	71.72	71.47	68.29	71.03	70.65	0.904016234276	0.907595101129	100	100
19920	19920	85754	85754	68.25	70.85	70.67	66.88	70.25	69.42	69.28	71.62	71.30	68.13	70.91	70.47	0.904516396293	0.908179202494	100	100
20020	20020	85654	85654	68.33	70.58	70.58	66.67	69.97	69.38	69.03	71.30	71.05	68.01	70.62	70.33	0.905194419232	0.908818185055	100	100
20120	20120	85554	85554	68.20	70.50	70.38	66.67	70.12	69.17	68.97	71.17	70.90	67.95	70.60	70.15	0.905332359829	0.90900677352	100	100
20220	20220	85454	85454	68.03	70.38	70.15	66.55	70.00	69.05	68.88	71.22	71.03	67.82	70.53	70.08	0.906104873607	0.908971407358	100	100
20320	20320	85354	85354	67.88	70.15	70.00	66.42	69.92	68.75	68.72	71.17	70.92	67.67	70.42	69.89	0.90691509118	0.909055656158	100	100
20420	20420	85254	85254	67.92	70.08	69.88	66.35	69.72	68.67	68.67	71.17	70.78	67.65	70.33	69.78	0.907288474124	0.909014777443	100	100
20520	20520	85154	85154	67.75	69.90	69.72	66.28	69.45	68.50	68.53	70.85	70.55	67.52	70.07	69.59	0.906559762342	0.908925203878	100	100
20620	20620	85054	85054	67.62	69.88	69.55	66.25	69.30	68.38	68.40	70.65	70.50	67.42	69.94	69.47	0.906801984635	0.908519730419	100	100
20720	20720	84954	84954	67.62	69.55	69.42	66.10	69.22	68.33	68.17	70.45	70.30	67.30	69.74	69.35	0.90707702079	0.909519686029	100	100
20820	20820	84854	84854	67.38	69.55	69.08	65.80	69.20	68.12	67.97	70.35	70.08	67.05	69.70	69.09	0.907327775721	0.910032343922	100	100
20920	20920	84754	84754	67.10	69.47	68.90	65.85	69.03	68.08	67.88	70.50	70.03	66.94	69.67	69.00	0.907065454568	0.910006094921	100	100
21020	21020	84654	84654	67.03	69.50	68.67	65.62	69.08	67.92	67.78	70.25	69.92	66.81	69.61	68.84	0.907162974089	0.91054167539	100	100
21120	21120	84554	84554	66.83	69.30	68.62	65.53	68.78	67.83	67.45	70.17	69.62	66.60	69.42	68.69	0.907506042275	0.910974796337	100	100
21220	21220	84454	84454	66.62	69.12	68.38	65.35	68.78	67.58	67.33	69.88	69.45	66.43	69.26	68.47	0.907519912035	0.911245590246	100	100
21320	21320	84354	84354	66.42	68.83	68.17	65.28	68.65	67.38	67.22	69.88	69.35	66.31	69.12	68.30	0.907629337265	0.911371720607	100	100
21420	21420	84254	84254	66.33	68.65	68.10	65.08	68.53	67.35	67.03	69.65	69.35	66.14	68.94	68.27	0.908361687971	0.910992077285	100	100
21520	21520	84154	84154	66.10	68.70	67.85	65.00	68.42	67.33	66.85	69.65	69.22	65.98	68.92	68.13	0.908056142495	0.910646289391	100	100
21620	21620	84054	84054	65.95	68.40	67.65	64.75	68.28	67.22	66.70	69.60	69.20	65.80	68.76	68.03	0.908363180748	0.911597476177	100	100
21720	21720	83954	83954	65.85	68.45	67.53	64.58	68.03	67.12	66.58	69.47	68.97	65.67	68.65	67.88	0.908194060934	0.910558542643	100	100
21820	21820	83854	83854	65.83	68.30	67.38	64.55	67.80	66.97	66.53	69.33	68.62	65.63	68.47	67.66	0.908549976902	0.911017050111	100	100
21920	21920	83754	83754	65.78	67.97	67.25	64.47	67.70	66.75	66.60	69.15	68.47	65.62	68.28	67.49	0.909320322143	0.911100335913	100	100
22020	22020	83654	83654	65.58	68.03	67.12	64.38	67.58	66.62	66.67	68.97	68.30	65.54	68.19	67.35	0.9089942683	0.911446569828	100	100
22120	22120	83554	83554	65.50	68.08	67.03	64.17	67.55	66.38	66.53	68.92	68.10	65.40	68.18	67.17	0.909191042846	0.912218680929	100	100
22220	22220	83454	83454	65.10	67.95	66.72	64.10	67.50	66.25	66.40	68.90	68.00	65.20	68.12	66.99	0.909892837905	0.912491122915	100	100
22320	22320	83354	83354	65.00	67.83	66.55	64.20	67.35	66.15	66.15	68.78	67.80	65.12	67.98	66.83	0.910006822396	0.912344955752	100	100
22420	22420	83254	83254	64.85	67.67	66.40	64.10	67.30	66.03	66.00	68.70	67.70	64.98	67.89	66.71	0.909833042977	0.912098865721	100	100
22520	22520	83154	83154	64.80	67.53	65.97	64.12	67.03	65.90	65.88	68.67	67.58	64.93	67.74	66.48	0.910884474146	0.91274157203	100	100
22620	22620	83054	83054	64.72	67.33	66.03	64.08	66.92	65.83	65.88	68.40	67.42	64.89	67.55	66.42	0.91026493615	0.913182651095	100	100
22720	22720	82954	82954	64.55	67.25	65.88	63.90	66.90	65.67	65.78	68.28	67.35	64.74	67.47	66.30	0.910604151952	0.913577752322	100	100
22820	22820	82854	82854	64.42	67.15	65.65	63.90	66.78	65.47	65.62	68.20	67.17	64.65	67.38	66.10	0.911756696683	0.91359274232	100	100
22920	22920	82754	82754	64.30	67.15	65.60	63.92	66.67	65.30	65.50	68.12	67.03	64.58	67.32	65.97	0.911483235901	0.91332524695	100	100
23020	23020	82654	82654	64.28	67.05	65.50	63.80	66.40	65.03	65.40	67.92	66.90	64.49	67.12	65.81	0.911875352292	0.91345598184	100	100
23120	23120	82554	82554	64.22	66.88	65.33	63.77	66.28	65.03	65.28	67.97	66.75	64.42	67.04	65.70	0.912412317338	0.914160882597	100	100
23220	23220	82454	82454	64.12	66.75	65.22	63.73	66.08	65.00	65.33	67.83	66.70	64.39	66.88	65.64	0.912631545953	0.914881461138	100	100
23320	23320	82354	82354	63.95	66.65	65.12	63.70	66.00	64.83	65.17	67.67	66.53	64.28	66.78	65.49	0.912672180392	0.915006097675	100	100
23420	23420	82254	82254	63.95	66.47	64.97	63.62	65.85	64.75	65.03	67.47	66.40	64.20	66.60	65.38	0.912770380405	0.915301514059	100	100
23520	23520	82154	82154	63.85	66.28	64.97	63.48	65.75	64.70	65.03	67.30	66.33	64.12	66.44	65.33	0.913432279273	0.914540298204	100	100
23620	23620	82054	82054	63.80	66.25	64.92	63.50	65.72	64.62	64.97	67.20	66.20	64.09	66.39	65.25	0.913300794633	0.914602320928	100	100
23720	23720	81954	81954	63.73	66.08	64.80	63.45	65.38	64.55	64.88	67.10	66.05	64.02	66.18	65.13	0.912645300939	0.914712657587	100	100
23820	23820	81854	81854	63.65	65.95	64.72	63.33	65.38	64.47	64.78	66.95	65.85	63.92	66.09	65.02	0.913481884433	0.914886649179	100	100
23920	23920	81754	81754	63.55	65.95	64.60	63.25	65.30	64.33	64.83	66.67	65.75	63.88	65.97	64.89	0.913828523954	0.9147619417	100	100
24020	24020	81654	81654	63.52	65.83	64.50	63.17	65.17	64.20	64.80	66.65	65.75	63.83	65.88	64.82	0.91409748874	0.915475809432	100	100
24120	24120	81554	81554	63.50	65.75	64.47	62.95	65.10	64.20	64.65	66.45	65.62	63.70	65.77	64.77	0.915064444465	0.915596155609	100	100
24220	24220	81454	81454	63.33	65.72	64.28	62.85	65.05	64.15	64.55	66.35	65.45	63.58	65.71	64.62	0.915389181173	0.915899318267	100	100
24320	24320	81354	81354	63.35	65.75	64.15	62.77	64.90	64.03	64.45	66.30	65.53	63.52	65.65	64.57	0.915728287052	0.915288650555	100	100
24420	24420	81254	81254	63.12	65.62	64.10	62.75	64.75	63.98	64.33	66.20	65.47	63.40	65.53	64.52	0.916007065808	0.915285250074	100	100
24520	24520	81154	81154	63.02	65.62	64.10	62.62	64.60	63.92	64.25	66.15	65.53	63.30	65.46	64.52	0.915577903365	0.91487803155	100	100
24620	24620	81054	81054	63.02	65.55	63.98	62.50	64.53	63.85	64.03	66.00	65.35	63.18	65.36	64.39	0.91604287071	0.914782378331	100	100
24720	24720	80954	80954	62.92	65.40	63.92	62.48	64.58	63.73	64.00	65.88	65.20	63.13	65.28	64.28	0.916556028817	0.914905362169	100	100
24820	24820	80854	80854	62.65	65.47	63.85	62.42	64.50	63.52	63.92	65.75	65.17	63.00	65.24	64.18	0.917228482339	0.91515037548	100	100
24920	24920	80754	80754	62.60	65.33	63.83	62.45	64.42	63.40	63.80	65.78	65.03	62.95	65.17	64.08	0.916887549358	0.916005540876	100	100
25020	25020	80654	80654	62.50	65.25	63.73	62.27	64.50	63.42	63.83	65.58	64.88	62.87	65.11	64.01	0.917382015609	0.917739450388	100	100
25120	25120	80554	80554	62.48	65.08	63.55	62.12	64.33	63.40	63.75	65.53	64.83	62.78	64.97	63.92	0.917731580462	0.917525710111	100	100
25220	25220	80454	80454	62.27	64.90	63.40	62.12	64.20	63.27	63.60	65.40	64.53	62.67	64.83	63.73	0.917906414557	0.918146154483	100	100
25320	25320	80354	80354	62.40	64.97	63.25	62.12	64.20	63.17	63.60	65.42	64.50	62.71	64.87	63.64	0.917545628433	0.918500461505	100	100
25420	25420	80254	80254	62.35	64.85	63.17	62.08	64.12	62.98	63.50	65.40	64.47	62.64	64.79	63.54	0.917417003832	0.918729366173	100	100
25520	25520	80154	80154	62.38	64.85	63.20	62.00	63.98	63.00	63.38	65.22	64.50	62.58	64.68	63.57	0.917476851257	0.91916037655	100	100
25620	25620	80054	80054	62.25	64.80	63.08	61.98	63.92	62.88	63.33	65.20	64.38	62.52	64.64	63.44	0.917455325233	0.919257519443	100	100
25720	25720	79954	79954	62.12	64.60	63.00	61.92	63.88	62.85	63.12	65.08	64.30	62.39	64.52	63.38	0.917735682046	0.919651278081	100	100
25820	25820	79854	79854	61.95	64.53	62.83	61.85	63.77	62.77	63.10	65.00	64.10	62.30	64.43	63.23	0.918265394179	0.919456534389	100	100
25920	25920	79754	79754	62.00	64.40	62.83	61.77	63.50	62.65	63.05	64.80	63.98	62.27	64.23	63.15	0.91845765517	0.919751845404	100	100
26020	26020	79654	79654	61.90	64.22	62.77	61.88	63.35	62.52	63.00	64.80	63.88	62.26	64.12	63.06	0.918418352685	0.919630613399	100	100
26120	26120	79554	79554	61.77	64.25	62.58	61.88	63.35	62.45	62.95	64.78	63.77	62.20	64.12	62.93	0.918166228612	0.919965980594	100	100
26220	26220	79454	79454	61.70	64.22	62.38	61.80	63.33	62.35	62.92	64.72	63.70	62.14	64.09	62.81	0.918613058127	0.920861956158	100	100
26320	26320	79354	79354	61.58	64.15	62.27	61.75	63.10	62.25	62.92	64.53	63.67	62.08	63.92	62.73	0.919099485653	0.921284148827	100	100
26420	26420	79254	79254	61.62	64.10	62.23	61.70	63.02	62.23	62.90	64.47	63.58	62.08	63.87	62.67	0.919305387465	0.921357943742	100	100
26520	26520	79154	79154	61.55	64.00	62.12	61.58	62.98	62.10	62.90	64.45	63.60	62.01	63.81	62.61	0.919313778576	0.921312703319	100	100
26620	26620	79054	79054	61.40	63.90	62.05	61.50	62.80	61.92	62.65	64.38	63.45	61.85	63.69	62.48	0.919067783667	0.921126723771	100	100
26720	26720	78954	78954	61.42	63.88	61.95	61.52	62.80	61.88	62.60	64.33	63.42	61.85	63.67	62.42	0.919016261482	0.921085512667	99	100
26819	26820	78855	78854	61.27	63.75	61.95	61.35	62.67	61.75	62.62	64.30	63.27	61.75	63.58	62.33	0.919647561506	0.921105185427	100	100
26919	26920	78755	78754	61.08	63.73	61.88	61.25	62.73	61.70	62.58	64.17	63.23	61.63	63.54	62.27	0.920194586622	0.920933875559	100	100
27019	27020	78655	78654	61.05	63.62	61.77	61.23	62.62	61.65	62.60	64.17	63.17	61.62	63.48	62.20	0.92075792176	0.92090914842	100	100
27119	27120	78555	78554	60.90	63.62	61.65	61.10	62.62	61.55	62.45	64.17	63.10	61.48	63.48	62.10	0.9207005955	0.920994104302	100	100
27219	27220	78455	78454	60.92	63.48	61.55	61.08	62.65	61.42	62.35	64.08	62.92	61.45	63.40	61.97	0.920581887884	0.921260122858	100	100
27319	27320	78355	78354	60.88	63.40	61.45	61.02	62.60	61.38	62.27	63.77	62.88	61.39	63.26	61.90	0.92094794009	0.921384951845	100	100
27419	27420	78255	78254	60.75	63.25	61.38	60.98	62.52	61.35	62.25	63.83	62.83	61.33	63.20	61.85	0.92126520173	0.921410313732	100	100
27519	27520	78155	78154	60.92	63.25	61.30	60.95	62.50	61.27	62.23	63.65	62.73	61.37	63.13	61.77	0.921470472057	0.921653874511	100	100
27619	27620	78055	78054	60.83	63.35	61.25	60.90	62.45	61.23	62.10	63.77	62.52	61.27	63.19	61.67	0.921713968436	0.922241353264	100	100
27719	27720	77955	77954	60.75	63.30	61.23	60.80	62.35	61.23	61.95	63.70	62.45	61.17	63.12	61.63	0.92178464295	0.922406620694	100	100
27819	27820	77855	77854	60.75	63.25	61.15	60.62	62.25	61.15	61.67	63.60	62.42	61.02	63.03	61.58	0.92189473347	0.922620065833	100	100
27919	27920	77755	77754	60.65	63.20	61.10	60.52	62.20	61.05	61.52	63.62	62.35	60.90	63.01	61.50	0.921890168328	0.923056965045	100	100
28019	28020	77655	77654	60.58	63.12	61.02	60.50	62.08	60.98	61.40	63.55	62.25	60.83	62.92	61.42	0.922433114389	0.923306599738	100	100
28119	28120	77555	77554	60.52	62.90	60.95	60.45	62.08	60.88	61.35	63.42	62.23	60.77	62.80	61.35	0.921994990828	0.923871379516	100	100
28219	28220	77455	77454	60.52	62.98	60.85	60.40	61.88	60.85	61.33	63.35	62.02	60.75	62.73	61.24	0.921954138004	0.923952322124	100	100
28319	28320	77355	77354	60.50	62.92	60.85	60.35	61.85	60.80	61.35	63.27	62.10	60.73	62.68	61.25	0.92206198879	0.924087492153	100	100
28419	28420	77255	77254	60.42	62.85	60.83	60.33	61.60	60.75	61.25	63.25	62.08	60.67	62.57	61.22	0.922194413815	0.9248705673	100	100
28519	28520	77155	77154	60.33	62.83	60.67	60.23	61.55	60.55	61.20	63.20	61.85	60.58	62.52	61.02	0.922807202195	0.924540372627	100	100
28619	28620	77055	77054	60.20	62.75	60.40	60.10	61.48	60.52	61.10	63.17	61.70	60.47	62.47	60.88	0.923427377626	0.924948612192	100	100
28719	28720	76955	76954	60.15	62.67	60.38	59.85	61.45	60.45	61.00	63.05	61.60	60.33	62.39	60.81	0.924137930221	0.925250698317	100	100
28819	28820	76855	76854	60.12	62.65	60.35	59.92	61.38	60.38	60.95	62.98	61.62	60.33	62.33	60.78	0.924084620049	0.925107136788	100	100
28919	28920	76755	76754	60.08	62.62	60.30	59.85	61.33	60.35	60.92	63.00	61.60	60.28	62.32	60.75	0.924231768723	0.925800963863	100	100
29019	29020	76655	76654	60.00	62.60	60.27	59.80	61.27	60.33	60.92	63.00	61.50	60.24	62.29	60.70	0.924281236788	0.925751788736	100	100
29119	29120	76555	76554	59.88	62.55	60.27	59.75	61.10	60.23	60.83	62.88	61.45	60.15	62.17	60.65	0.924283684219	0.926528947326	100	100
29219	29220	76455	76454	59.88	62.50	60.30	59.67	61.10	60.15	60.83	62.85	61.40	60.12	62.15	60.62	0.924763310539	0.926882949413	100	100
29319	29320	76355	76354	59.95	62.30	60.23	59.70	61.12	60.15	60.80	62.77	61.25	60.15	62.07	60.54	0.924248239849	0.927057743928	100	100
29419	29420	76255	76254	59.95	62.30	60.12	59.62	61.10	60.12	60.70	62.73	61.12	60.09	62.04	60.46	0.924108209333	0.926342519504	100	100
29519	29520	76155	76154	59.77	62.27	60.12	59.60	61.08	60.05	60.67	62.67	60.98	60.02	62.01	60.38	0.924360032273	0.926309405728	100	100
29619	29620	76055	76054	59.80	62.33	60.05	59.55	61.12	59.88	60.62	62.50	60.95	59.99	61.98	60.29	0.924399435743	0.92655385865	100	100
29719	29720	75955	75954	59.77	62.33	59.95	59.58	61.10	59.88	60.65	62.50	60.92	60.00	61.98	60.25	0.924829618395	0.926795540293	100	100
29819	29820	75855	75854	59.67	62.12	59.83	59.55	61.00	59.85	60.58	62.40	60.88	59.93	61.84	60.18	0.924660895112	0.926623467215	100	100
29919	29920	75755	75754	59.62	62.08	59.75	59.38	60.98	59.85	60.55	62.20	60.70	59.85	61.75	60.10	0.924626601823	0.92667977869	100	100
30019	30020	75655	75654	59.60	62.08	59.73	59.38	60.90	59.77	60.55	62.15	60.65	59.84	61.71	60.05	0.92457505475	0.926567547572	100	100
30119	30120	75555	75554	59.50	62.00	59.67	59.35	60.90	59.83	60.35	62.12	60.60	59.73	61.67	60.03	0.925135899091	0.926781161033	100	100
30219	30220	75455	75454	59.42	61.88	59.65	59.20	60.88	59.67	60.27	62.05	60.62	59.63	61.60	59.98	0.925004080225	0.926922208394	100	100
30319	30320	75355	75354	59.38	61.75	59.60	59.15	60.88	59.52	60.25	62.00	60.65	59.59	61.54	59.92	0.924853195432	0.927135313016	100	100
30419	30420	75255	75254	59.38	61.58	59.50	59.15	60.83	59.45	60.15	61.98	60.45	59.56	61.46	59.80	0.92504287686	0.9278712462	100	100
30519	30520	75155	75154	59.38	61.55	59.45	59.15	60.73	59.48	60.05	61.92	60.45	59.52	61.40	59.79	0.925008719295	0.927945286961	100	100
30619	30620	75055	75054	59.27	61.52	59.35	59.08	60.73	59.40	60.08	61.77	60.42	59.48	61.34	59.73	0.925378521281	0.927814997079	100	100
