12120	12120	94562	94562	75.08	77.75	79.85	74.58	77.62	79.25	75.30	78.53	79.90	74.98	77.97	79.67	1.0333085117	1.1673590678
12120	12120	92876	92876	75.03	77.75	79.85	74.58	77.62	79.25	75.30	78.53	79.90	74.97	77.97	79.67	0.99976358453	1.14459985195	100	100
12220	12220	92776	92776	75.05	77.40	79.42	74.65	77.50	78.95	75.10	78.30	79.50	74.93	77.73	79.29	0.970438230951	1.0379385434	100	100
12320	12320	92676	92676	75.22	77.25	79.47	74.53	77.47	79.05	75.35	78.62	79.50	75.03	77.78	79.34	0.960438222809	0.991126929951	100	100
12420	12420	92576	92576	75.12	77.12	79.53	74.50	77.50	79.15	75.65	78.62	79.55	75.09	77.75	79.41	0.947375148205	0.970388976363	100	100
12520	12520	92476	92476	74.90	77.45	79.67	74.47	77.65	79.08	75.75	78.55	79.53	75.04	77.88	79.42	0.940867857388	0.959416095075	100	100
12620	12620	92376	92376	75.12	77.60	79.80	74.62	77.83	79.12	76.00	78.65	79.70	75.25	78.03	79.54	0.937420280563	0.949828052825	100	100
12720	12720	92276	92276	75.25	77.58	79.85	74.40	77.67	79.38	75.83	78.62	79.97	75.16	77.96	79.73	0.92916028899	0.941709548746	100	100
12820	12820	92176	92176	75.33	77.80	79.65	74.45	77.88	79.38	76.10	78.50	79.90	75.29	78.06	79.64	0.923212913345	0.935793198352	100	100
12920	12920	92076	92076	75.47	77.80	79.90	74.33	77.90	79.35	76.10	78.60	79.92	75.30	78.10	79.72	0.91985101844	0.932969043365	100	100
13020	13020	91976	91976	75.47	77.75	79.92	74.35	77.80	79.22	76.03	78.58	80.03	75.28	78.04	79.72	0.91588054056	0.928161633554	100	100
13120	13120	91876	91876	75.65	77.70	79.83	74.28	77.67	79.30	75.95	78.47	80.03	75.29	77.95	79.72	0.912608186264	0.924024981621	100	100
13220	13220	91776	91776	75.75	77.67	79.88	74.33	77.53	79.35	76.22	78.67	79.95	75.43	77.96	79.72	0.911074931343	0.921352398659	100	100
13320	13320	91676	91676	75.75	77.47	79.95	74.65	77.33	79.22	76.40	78.72	79.88	75.60	77.84	79.68	0.910264670244	0.920798067153	100	100
13420	13420	91576	91576	75.97	77.53	80.22	74.45	77.47	79.10	76.20	78.75	79.97	75.54	77.92	79.77	0.908190711097	0.920137289383	100	100
13520	13520	91476	91476	75.83	77.50	79.97	74.47	77.50	78.83	76.22	78.45	80.08	75.51	77.82	79.62	0.908617147972	0.915545275628	100	100
13620	13620	91376	91376	75.90	77.62	79.70	74.62	77.40	78.85	76.12	78.42	80.10	75.55	77.82	79.55	0.907337153963	0.916950747183	100	100
13720	13720	91276	91276	75.62	77.80	79.53	74.60	77.42	78.62	75.97	78.25	80.20	75.40	77.83	79.45	0.907363841778	0.916574961525	100	100
13820	13820	91176	91176	75.72	77.97	79.55	74.45	77.35	78.45	76.12	78.20	80.15	75.43	77.84	79.38	0.906455657081	0.913596287049	100	100
13920	13920	91076	91076	75.67	77.95	79.78	74.60	77.33	78.35	76.35	78.20	80.12	75.54	77.83	79.42	0.909598278799	0.909424241091	100	100
14020	14020	90976	90976	75.60	77.72	79.45	74.55	77.10	78.25	76.20	78.08	80.05	75.45	77.63	79.25	0.906598922282	0.907168720877	100	100
14120	14120	90876	90876	75.42	77.58	79.35	74.50	77.20	78.15	76.08	77.88	79.78	75.33	77.55	79.09	0.902924826609	0.906244689166	100	100
14220	14220	90776	90776	75.40	77.45	79.38	74.30	76.95	77.97	75.95	78.03	79.88	75.22	77.47	79.08	0.900630917787	0.906251470107	100	100
14320	14320	90676	90676	75.40	77.50	79.10	74.15	76.88	77.97	76.05	77.95	79.92	75.20	77.44	79.00	0.901524573041	0.906879189147	100	100
14420	14420	90576	90576	75.62	77.35	78.92	74.15	76.78	77.83	76.00	77.85	79.72	75.26	77.33	78.83	0.900023763811	0.906656333959	100	100
14520	14520	90476	90476	75.58	77.15	78.75	74.10	76.85	77.83	76.03	77.72	79.55	75.23	77.24	78.71	0.900228371333	0.90597106484	100	100
14620	14620	90376	90376	75.40	77.15	78.45	73.92	76.90	77.72	75.72	77.83	79.55	75.02	77.29	78.58	0.898159778915	0.907031676393	100	100
14720	14720	90276	90276	75.17	77.30	78.62	73.83	77.00	77.83	75.65	77.78	79.47	74.88	77.36	78.64	0.895933225539	0.905781792914	100	100
14820	14820	90176	90176	75.05	77.53	78.58	73.70	76.75	77.45	75.38	77.47	79.28	74.71	77.25	78.43	0.896684463356	0.906914399012	100	100
14920	14920	90076	90076	74.75	77.28	78.22	73.60	76.67	77.28	75.42	77.45	79.30	74.59	77.13	78.27	0.897187068842	0.905588650166	100	100
15020	15020	89976	89976	74.70	77.15	78.30	73.80	76.58	77.20	75.50	77.38	79.12	74.67	77.03	78.21	0.895968395538	0.905571707355	100	100
15120	15120	89876	89876	74.40	77.03	78.05	73.60	76.47	76.97	75.47	77.40	79.10	74.49	76.97	78.04	0.896215366259	0.906091096662	100	100
15220	15220	89776	89776	74.53	77.03	78.12	73.53	76.30	76.97	75.30	77.33	79.05	74.45	76.88	78.05	0.896284985882	0.903996286823	100	100
15320	15320	89676	89676	74.35	77.03	77.90	73.60	76.17	76.88	75.22	77.12	78.80	74.39	76.78	77.86	0.896704484209	0.903418242396	100	100
15420	15420	89576	89576	74.10	77.03	77.72	73.28	76.05	76.75	75.15	76.88	78.75	74.17	76.65	77.74	0.896779632716	0.903449377899	100	100
15520	15520	89476	89476	74.00	76.78	77.53	73.03	76.05	76.60	75.20	76.85	78.88	74.08	76.56	77.67	0.896661544558	0.902951178012	100	100
15620	15620	89376	89376	73.90	76.67	77.60	72.95	75.92	76.40	74.92	76.62	78.62	73.92	76.41	77.54	0.89503672969	0.902486453287	100	100
15720	15720	89276	89276	73.78	76.62	77.67	72.83	75.85	76.08	74.67	76.78	78.60	73.76	76.42	77.45	0.896724918931	0.901700127974	100	100
15820	15820	89176	89176	73.67	76.55	77.38	72.83	75.85	75.95	74.70	76.85	78.50	73.73	76.42	77.28	0.896423141891	0.899849107375	100	100
15920	15920	89076	89076	73.33	76.60	77.35	72.70	75.65	75.80	74.65	76.60	78.42	73.56	76.28	77.19	0.896139791344	0.898929779052	100	100
16020	16020	88976	88976	73.05	76.35	77.05	72.62	75.35	75.40	74.60	76.58	78.28	73.42	76.09	76.91	0.896138597359	0.898958834508	100	100
16120	16120	88876	88876	73.15	76.30	76.92	72.40	75.25	75.47	74.53	76.62	78.25	73.36	76.06	76.88	0.895494238317	0.900120906679	100	100
16220	16220	88776	88776	72.90	76.17	76.90	72.08	75.08	75.40	74.45	76.40	77.97	73.14	75.88	76.76	0.894941200604	0.901229966891	100	100
16320	16320	88676	88676	72.83	76.03	76.65	71.90	75.05	75.35	74.17	76.40	77.80	72.97	75.83	76.60	0.896243032369	0.900900998344	100	100
16420	16420	88576	88576	72.38	75.92	76.72	71.85	74.95	75.17	74.10	76.17	77.62	72.78	75.68	76.51	0.895649271536	0.9005331408	100	100
16520	16520	88476	88476	72.50	75.50	76.33	71.55	74.67	75.15	74.03	76.22	77.70	72.69	75.47	76.39	0.895268480874	0.899969699852	100	100
16620	16620	88376	88376	72.58	75.47	76.25	71.55	74.45	74.97	74.08	75.95	77.55	72.73	75.29	76.26	0.894605987343	0.899319721484	100	100
16720	16720	88276	88276	72.53	75.17	76.08	71.45	74.30	74.90	74.10	75.72	77.45	72.69	75.07	76.14	0.894789908767	0.900501892561	100	100
16820	16820	88176	88176	72.55	75.03	75.95	71.25	74.15	74.88	74.03	75.58	77.33	72.61	74.92	76.05	0.895578301963	0.900583025311	100	100
16920	16920	88076	88076	72.33	74.78	75.70	71.22	73.78	74.62	73.92	75.55	76.97	72.49	74.70	75.77	0.896160620884	0.900618389749	100	100
17020	17020	87976	87976	72.47	74.72	75.50	71.05	73.78	74.45	73.97	75.33	76.80	72.50	74.61	75.58	0.894916969371	0.900236777816	100	100
17120	17120	87876	87876	72.22	74.70	75.33	70.95	73.67	74.12	74.03	75.38	76.70	72.40	74.58	75.38	0.895531089509	0.901930642225	100	100
17220	17220	87776	87776	72.12	74.55	75.17	70.65	73.65	73.85	73.97	75.20	76.75	72.25	74.47	75.26	0.895204556429	0.90179859494	100	100
17320	17320	87676	87676	71.72	74.35	75.17	70.67	73.40	73.67	73.70	75.10	76.53	72.03	74.28	75.12	0.896737536339	0.90228429618	100	100
17420	17420	87576	87576	71.60	74.17	75.03	70.42	73.28	73.55	73.62	75.08	76.28	71.88	74.17	74.95	0.898083477687	0.902484578234	100	100
17520	17520	87476	87476	71.72	74.08	74.78	70.33	73.33	73.58	73.40	74.97	75.72	71.82	74.12	74.69	0.897721473578	0.902406993983	100	100
17620	17620	87376	87376	71.58	73.83	74.60	70.35	73.08	73.30	73.20	75.05	75.47	71.71	73.98	74.46	0.8979321891	0.90254881561	100	100
17720	17720	87276	87276	71.42	73.75	74.20	70.17	72.88	73.05	72.95	74.72	75.50	71.52	73.78	74.25	0.897414590237	0.901695747351	100	100
17820	17820	87176	87176	71.30	73.58	73.85	69.97	72.75	72.75	72.65	74.42	75.30	71.31	73.58	73.97	0.898451049176	0.901311110768	100	100
17920	17920	87076	87076	71.35	73.50	73.65	69.97	72.47	72.60	72.58	74.38	75.17	71.30	73.45	73.81	0.898570574537	0.901659899188	100	100
18020	18020	86976	86976	71.30	73.47	73.55	69.92	72.28	72.53	72.60	74.40	75.03	71.28	73.38	73.70	0.898630936021	0.901584567147	100	100
18120	18120	86876	86876	71.05	73.28	73.62	69.85	72.15	72.42	72.53	74.17	74.80	71.14	73.20	73.62	0.89896107675	0.902884377978	100	100
18220	18220	86776	86776	70.70	73.15	73.33	69.70	71.83	72.35	72.38	73.83	74.35	70.92	72.93	73.34	0.897771034829	0.902985892595	100	100
18320	18320	86676	86676	70.40	72.88	73.03	69.62	71.60	72.05	72.33	73.80	74.15	70.78	72.76	73.08	0.897475007107	0.902287495448	100	100
18420	18420	86576	86576	70.30	72.65	72.88	69.40	71.47	72.12	72.22	73.55	73.95	70.64	72.56	72.98	0.898587586349	0.903013678987	100	100
18520	18520	86476	86476	70.35	72.58	72.65	69.33	71.33	71.85	72.12	73.35	73.67	70.60	72.42	72.72	0.899517326741	0.903610616085	100	100
18620	18620	86376	86376	70.38	72.55	72.50	69.40	71.22	71.83	72.05	73.22	73.67	70.61	72.33	72.67	0.899011565141	0.902947660147	100	100
18720	18720	86276	86276	70.25	72.47	72.45	69.28	71.22	71.62	71.83	73.10	73.62	70.45	72.27	72.57	0.899755412471	0.904435923547	100	100
18820	18820	86176	86176	70.00	72.40	72.22	69.08	70.97	71.55	71.55	73.03	73.38	70.21	72.13	72.38	0.900441660929	0.904909514122	100	100
18920	18920	86076	86076	70.03	72.28	72.05	68.88	70.90	71.20	71.67	72.75	73.08	70.19	71.97	72.11	0.901208572908	0.905790218926	100	100
19020	19020	85976	85976	69.83	72.03	71.95	68.80	70.60	71.10	71.40	72.78	72.88	70.01	71.80	71.97	0.900467676642	0.905298367024	100	100
19120	19120	85876	85876	69.47	71.83	71.67	68.75	70.35	70.95	71.40	72.47	72.65	69.88	71.55	71.76	0.899912198795	0.903834863435	100	100
19220	19220	85776	85776	69.33	71.75	71.45	68.80	70.40	70.80	71.25	72.33	72.58	69.79	71.49	71.61	0.900249554683	0.904808959161	100	100
19320	19320	85676	85676	69.22	71.55	71.33	68.67	70.17	70.65	71.20	72.20	72.55	69.70	71.31	71.51	0.900517575847	0.905556329794	100	100
19420	19420	85576	85576	69.12	71.33	71.22	68.50	70.10	70.50	71.20	72.25	72.60	69.61	71.22	71.44	0.899938220359	0.905470325877	100	100
19520	19520	85476	85476	69.08	71.15	71.12	68.28	69.85	70.20	71.08	72.20	72.33	69.47	71.07	71.22	0.900202338835	0.904766413904	100	100
19620	19620	85376	85376	68.78	71.00	70.97	68.17	70.03	70.05	70.85	72.17	72.08	69.27	71.07	71.03	0.899520374315	0.904584507708	100	100
19720	19720	85276	85276	68.83	70.92	70.80	68.05	69.85	70.00	70.65	72.10	71.92	69.17	70.96	70.91	0.899681963136	0.90479719064	100	100
19820	19820	85176	85176	68.65	70.80	70.75	67.92	69.60	69.72	70.38	72.05	71.83	68.98	70.82	70.77	0.900501473105	0.904694328105	100	100
19920	19920	85076	85076	68.47	70.47	70.50	67.88	69.62	69.67	70.03	72.05	71.72	68.79	70.72	70.63	0.900737541936	0.904435853185	100	100
20020	20020	84976	84976	68.25	70.45	70.30	67.80	69.40	69.47	69.72	71.88	71.40	68.59	70.58	70.39	0.901048743188	0.904686767769	100	100
20120	20120	84876	84876	68.20	70.30	70.10	67.72	69.12	69.22	69.72	71.55	71.47	68.55	70.33	70.27	0.900912939151	0.906037463081	100	100
20220	20220	84776	84776	67.97	70.12	69.97	67.42	69.22	69.03	69.47	71.33	71.30	68.29	70.22	70.10	0.901272442968	0.906663663373	100	100
20320	20320	84676	84676	68.00	70.00	69.88	67.30	69.20	68.90	69.28	71.22	70.97	68.19	70.14	69.92	0.901323987214	0.906945925914	100	100
20420	20420	84576	84576	67.90	69.97	69.72	67.12	69.00	68.72	69.33	71.12	70.97	68.12	70.03	69.81	0.901296875423	0.907023627242	100	100
20520	20520	84476	84476	67.70	69.80	69.62	67.03	68.92	68.55	69.00	70.88	70.92	67.91	69.87	69.70	0.902059743519	0.909038326745	100	100
20620	20620	84376	84376	67.78	69.60	69.38	66.95	68.70	68.50	68.88	70.67	70.80	67.87	69.66	69.56	0.901399891846	0.90886586802	100	100
20720	20720	84276	84276	67.67	69.53	69.35	66.80	68.72	68.25	68.70	70.58	70.78	67.72	69.61	69.46	0.90174551576	0.908848652512	100	100
20820	20820	84176	84176	67.55	69.38	69.05	66.58	68.67	68.10	68.47	70.45	70.42	67.53	69.50	69.19	0.902008448192	0.908924932817	100	100
20920	20920	84076	84076	67.22	69.15	68.95	66.50	68.45	67.90	68.53	70.35	70.45	67.42	69.32	69.10	0.903310060226	0.908931625015	100	100
21020	21020	83976	83976	67.28	69.00	68.78	66.38	68.30	67.60	68.50	70.20	70.15	67.38	69.17	68.84	0.903535010517	0.90842805611	100	100
21120	21120	83876	83876	67.10	68.92	68.60	66.15	68.08	67.45	68.33	69.88	70.00	67.19	68.96	68.68	0.90434708043	0.909058735782	100	100
21220	21220	83776	83776	67.03	68.75	68.28	66.03	67.88	67.28	68.10	69.65	69.75	67.05	68.76	68.43	0.904146287847	0.909149862477	100	100
21320	21320	83676	83676	66.78	68.75	68.08	65.95	67.83	67.12	67.75	69.60	69.75	66.83	68.72	68.32	0.904931348786	0.908451430057	100	100
21420	21420	83576	83576	66.55	68.60	68.00	65.95	67.60	67.00	67.58	69.58	69.60	66.69	68.59	68.20	0.905093658545	0.908721733912	100	100
21520	21520	83476	83476	66.38	68.42	67.70	65.85	67.50	66.90	67.40	69.38	69.17	66.54	68.43	67.92	0.9062238516	0.909251205178	100	100
21620	21620	83376	83376	66.30	68.20	67.50	65.90	67.38	66.88	67.35	69.15	69.08	66.52	68.24	67.82	0.905532759609	0.909689579571	100	100
21720	21720	83276	83276	66.15	68.05	67.42	65.72	67.25	66.75	67.38	68.92	69.00	66.42	68.08	67.72	0.906577554683	0.909299140663	100	100
21820	21820	83176	83176	66.00	67.85	67.20	65.67	67.15	66.62	67.22	68.72	68.75	66.30	67.91	67.53	0.906293002968	0.90954887683	100	100
21920	21920	83076	83076	65.85	67.50	66.97	65.65	67.00	66.42	66.97	68.70	68.55	66.16	67.73	67.32	0.907366005151	0.909801557389	100	100
22020	22020	82976	82976	65.83	67.40	66.72	65.75	66.90	66.28	66.90	68.60	68.35	66.16	67.63	67.12	0.907097972341	0.91034300447	100	100
22120	22120	82876	82876	65.80	67.40	66.62	65.55	66.75	66.30	66.83	68.38	68.35	66.06	67.51	67.09	0.907435162534	0.910388232882	100	100
22220	22220	82776	82776	65.70	67.28	66.47	65.38	66.70	66.12	66.72	68.15	68.17	65.93	67.38	66.92	0.907856346061	0.910134290503	100	100
22320	22320	82676	82676	65.62	67.22	66.30	65.17	66.62	65.92	66.53	68.10	68.15	65.78	67.32	66.79	0.908500099803	0.910811143156	100	100
22420	22420	82576	82576	65.40	67.10	66.17	64.95	66.40	65.83	66.38	67.80	67.97	65.58	67.10	66.66	0.909115967046	0.911761961982	100	100
22520	22520	82476	82476	65.22	67.03	66.05	64.85	66.22	65.62	66.33	67.78	67.72	65.47	67.01	66.47	0.909330303786	0.91221102165	100	100
22620	22620	82376	82376	65.05	66.78	65.85	64.80	66.22	65.53	66.15	67.47	67.50	65.33	66.83	66.29	0.909022144937	0.91217707725	100	100
22720	22720	82276	82276	65.10	66.80	65.75	64.80	66.15	65.47	65.97	67.50	67.35	65.29	66.82	66.19	0.909750934593	0.912597821802	100	100
22820	22820	82176	82176	64.92	66.83	65.60	64.75	66.05	65.42	65.95	67.38	67.33	65.21	66.75	66.12	0.91017929353	0.912718017841	100	100
22920	22920	82076	82076	64.90	66.67	65.42	64.55	65.97	65.22	65.83	67.40	67.15	65.09	66.68	65.93	0.910947732689	0.912733128126	100	100
23020	23020	81976	81976	64.67	66.53	65.28	64.42	65.65	65.03	65.78	67.42	66.97	64.96	66.53	65.76	0.910683746564	0.912836243601	100	100
23120	23120	81876	81876	64.50	66.50	65.22	64.30	65.53	64.95	65.70	67.28	66.85	64.83	66.43	65.67	0.910510679849	0.912793515712	100	100
23220	23220	81776	81776	64.40	66.53	64.97	64.08	65.47	64.83	65.70	67.17	66.65	64.72	66.39	65.48	0.911686873667	0.912705112361	100	100
23320	23320	81676	81676	64.22	66.45	64.83	63.98	65.33	64.75	65.47	67.17	66.47	64.56	66.32	65.35	0.9114928479	0.912377228371	100	100
23420	23420	81576	81576	64.05	66.33	64.60	63.88	65.20	64.65	65.33	67.12	66.47	64.42	66.22	65.24	0.911213486799	0.912821392106	100	100
23520	23520	81476	81476	63.98	66.15	64.58	63.88	65.20	64.60	65.17	67.08	66.20	64.34	66.14	65.12	0.91206649793	0.913925543479	100	100
23620	23620	81376	81376	63.90	66.05	64.47	63.80	65.12	64.50	65.10	67.10	66.03	64.27	66.09	65.00	0.912005236699	0.913713110529	100	100
23720	23720	81276	81276	63.73	65.92	64.33	63.83	65.03	64.33	64.80	66.92	65.95	64.12	65.96	64.87	0.912012549194	0.91478740463	100	100
23820	23820	81176	81176	63.75	65.95	64.10	63.60	64.83	64.30	64.72	66.88	65.80	64.03	65.88	64.73	0.912502470784	0.915151589386	100	100
23920	23920	81076	81076	63.52	65.85	64.03	63.40	64.78	64.08	64.58	66.80	65.62	63.83	65.81	64.58	0.912211684653	0.914671209665	100	100
24020	24020	80976	80976	63.45	65.75	63.92	63.20	64.80	63.98	64.47	66.78	65.67	63.71	65.78	64.53	0.912209637434	0.914422851633	100	100
24120	24120	80876	80876	63.35	65.67	63.85	63.12	64.67	63.90	64.47	66.65	65.45	63.65	65.67	64.40	0.912447534527	0.914247710776	100	100
24220	24220	80776	80776	63.35	65.62	63.75	63.05	64.58	63.80	64.30	66.67	65.22	63.57	65.62	64.26	0.912327386702	0.914485381927	100	100
24320	24320	80676	80676	63.20	65.55	63.73	62.92	64.55	63.67	64.30	66.40	65.22	63.48	65.50	64.21	0.912304909948	0.914756056969	100	100
24420	24420	80576	80576	63.15	65.35	63.73	62.70	64.33	63.58	64.08	66.17	65.00	63.31	65.28	64.10	0.912337418996	0.915349196466	100	100
24520	24520	80476	80476	63.00	65.28	63.65	62.73	64.30	63.65	63.85	66.00	64.92	63.19	65.19	64.08	0.912947011125	0.9150928426	100	100
24620	24620	80376	80376	62.98	65.20	63.48	62.77	64.12	63.58	63.83	65.85	64.88	63.19	65.06	63.98	0.91287776353	0.915235787607	100	100
24720	24720	80276	80276	62.83	65.00	63.35	62.67	64.08	63.48	63.65	65.78	64.72	63.05	64.95	63.85	0.913143192328	0.915077149117	100	100
24820	24820	80176	80176	62.70	64.88	63.30	62.60	64.08	63.35	63.62	65.55	64.67	62.98	64.83	63.77	0.913921601687	0.915667768615	100	100
24920	24920	80076	80076	62.55	64.85	63.23	62.42	64.12	63.27	63.48	65.47	64.58	62.82	64.82	63.69	0.914477790224	0.916087460644	100	100
25020	25020	79976	79976	62.55	64.67	63.02	62.38	63.95	63.12	63.40	65.42	64.47	62.77	64.68	63.54	0.914989184371	0.916080375916	100	100
25120	25120	79876	79876	62.45	64.58	62.95	62.20	63.80	63.08	63.45	65.53	64.40	62.70	64.63	63.48	0.915356940902	0.915795934929	100	100
25220	25220	79776	79776	62.35	64.38	62.73	62.02	63.80	63.10	63.52	65.35	64.33	62.63	64.51	63.38	0.915818257865	0.915856216386	100	100
25320	25320	79676	79676	62.35	64.33	62.62	61.90	63.73	63.15	63.50	65.30	64.22	62.58	64.45	63.33	0.915862027001	0.916076056899	100	100
25420	25420	79576	79576	62.23	64.28	62.60	61.75	63.67	62.92	63.30	65.17	63.98	62.42	64.38	63.17	0.915782272215	0.91653243962	100	100
25520	25520	79476	79476	62.10	64.22	62.60	61.67	63.58	62.88	63.35	65.12	63.98	62.38	64.31	63.15	0.915895103997	0.917493937157	100	100
25620	25620	79376	79376	61.95	64.08	62.52	61.67	63.42	62.70	63.17	65.25	63.88	62.27	64.25	63.03	0.915391923569	0.917391104245	100	100
25720	25720	79276	79276	61.90	64.12	62.48	61.67	63.38	62.62	63.10	65.15	63.70	62.23	64.22	62.93	0.915814166229	0.917217329666	100	100
25820	25820	79176	79176	61.75	64.03	62.40	61.55	63.45	62.60	63.00	65.08	63.70	62.10	64.18	62.90	0.916674240955	0.916762076457	100	100
25920	25920	79076	79076	61.55	64.08	62.38	61.48	63.33	62.60	63.02	65.00	63.55	62.02	64.13	62.84	0.917054652953	0.916608581342	100	100
26020	26020	78976	78976	61.38	63.85	62.30	61.35	63.20	62.55	62.98	64.88	63.52	61.90	63.98	62.79	0.917303269494	0.917187791833	100	100
26120	26120	78876	78876	61.50	63.85	62.25	61.35	63.17	62.42	63.00	64.78	63.60	61.95	63.93	62.76	0.916620303838	0.917648199873	100	100
26220	26220	78776	78776	61.38	63.77	62.20	61.40	63.08	62.30	62.98	64.78	63.58	61.92	63.88	62.69	0.916429507565	0.917167757115	100	100
26320	26320	78676	78676	61.33	63.70	62.08	61.35	63.00	62.23	62.92	64.72	63.42	61.87	63.81	62.58	0.916755919483	0.91765817097	100	100
26420	26420	78576	78576	61.23	63.67	62.10	61.17	62.95	62.05	62.88	64.65	63.40	61.76	63.76	62.52	0.916999566797	0.918725779833	100	100
26520	26520	78476	78476	61.25	63.55	62.00	61.20	62.85	62.00	62.77	64.55	63.20	61.74	63.65	62.40	0.917661284542	0.918798159813	100	100
26620	26620	78376	78376	61.25	63.58	61.88	61.15	62.83	61.92	62.65	64.62	63.10	61.68	63.67	62.30	0.91719690785	0.918735571319	100	100
26720	26720	78276	78276	61.17	63.50	61.75	61.02	62.80	61.80	62.60	64.55	63.02	61.60	63.62	62.19	0.917094079292	0.91891332617	100	100
26820	26820	78176	78176	61.10	63.40	61.73	60.98	62.80	61.77	62.55	64.53	62.95	61.54	63.58	62.15	0.916810744058	0.91934975347	100	100
26920	26920	78076	78076	61.10	63.40	61.62	60.92	62.70	61.67	62.55	64.42	62.98	61.52	63.51	62.09	0.917402842519	0.919396984477	100	100
27020	27020	77976	77976	61.02	63.25	61.62	61.02	62.60	61.65	62.60	64.45	62.85	61.55	63.43	62.04	0.917202162455	0.919510009964	100	100
27120	27120	77876	77876	60.98	63.30	61.60	61.00	62.45	61.55	62.55	64.40	62.85	61.51	63.38	62.00	0.917449504883	0.919991479241	100	100
27220	27220	77776	77776	60.73	63.23	61.52	60.90	62.45	61.45	62.45	64.33	62.67	61.36	63.33	61.88	0.91781553817	0.920533639276	100	100
27320	27320	77676	77676	60.67	63.25	61.55	60.88	62.48	61.45	62.45	64.20	62.65	61.33	63.31	61.88	0.917565297582	0.920727330447	100	100
27420	27420	77576	77576	60.60	63.17	61.48	60.90	62.38	61.42	62.30	64.10	62.67	61.27	63.22	61.86	0.91773163695	0.920734493299	100	100
27520	27520	77476	77476	60.60	63.02	61.38	60.77	62.30	61.40	62.30	64.10	62.58	61.23	63.14	61.78	0.918130955391	0.921501257623	100	100
27620	27620	77376	77376	60.62	63.08	61.23	60.77	62.27	61.27	62.23	64.00	62.48	61.21	63.12	61.66	0.918602591214	0.92153661601	100	100
27720	27720	77276	77276	60.52	62.98	61.12	60.70	62.20	61.15	62.05	63.85	62.38	61.09	63.01	61.55	0.918848367112	0.921158645732	100	100
27820	27820	77176	77176	60.48	63.05	61.08	60.62	62.25	61.10	62.10	63.77	62.25	61.07	63.02	61.48	0.91956694038	0.921350936021	100	100
27920	27920	77076	77076	60.42	63.02	61.02	60.62	62.20	61.00	62.05	63.80	62.12	61.03	63.01	61.38	0.919693722035	0.922003310139	100	100
28020	28020	76976	76976	60.23	63.00	60.95	60.48	62.12	60.98	62.02	63.65	62.00	60.91	62.92	61.31	0.919722048238	0.922081091192	100	100
28120	28120	76876	76876	60.12	62.92	60.85	60.33	62.12	60.83	61.95	63.62	61.98	60.80	62.89	61.22	0.920097144139	0.922195077374	100	100
28220	28220	76776	76776	60.02	62.88	60.75	60.27	62.10	60.75	61.85	63.35	61.92	60.72	62.77	61.14	0.920475513698	0.921872000982	100	100
28320	28320	76676	76676	59.88	62.73	60.65	60.23	62.05	60.83	61.70	63.35	61.85	60.60	62.71	61.11	0.919914234312	0.922140821531	100	100
28420	28420	76576	76576	59.83	62.77	60.55	60.12	62.02	60.67	61.55	63.17	61.77	60.50	62.66	61.00	0.920423617609	0.922402779277	100	100
28520	28520	76476	76476	59.80	62.60	60.58	60.12	62.05	60.65	61.48	63.25	61.73	60.47	62.63	60.98	0.92037899928	0.922696184163	100	100
28620	28620	76376	76376	59.75	62.58	60.45	60.15	61.92	60.60	61.33	63.12	61.67	60.41	62.54	60.91	0.920621549999	0.922950367181	100	100
28720	28720	76276	76276	59.77	62.42	60.25	60.05	61.88	60.58	61.17	63.08	61.58	60.33	62.46	60.80	0.921358543349	0.923286084352	100	100
28820	28820	76176	76176	59.80	62.33	60.17	60.02	61.83	60.52	61.10	63.12	61.48	60.31	62.42	60.73	0.9217477206	0.923177553521	100	100
28920	28920	76076	76076	59.77	62.25	60.15	59.92	61.80	60.40	60.95	63.08	61.38	60.22	62.38	60.64	0.922287189022	0.922897395684	100	100
29020	29020	75976	75976	59.75	62.08	60.02	59.80	61.70	60.38	60.80	62.90	61.25	60.12	62.23	60.55	0.922394084513	0.923109673124	100	100
29120	29120	75876	75876	59.73	62.10	60.00	59.62	61.65	60.27	60.80	62.85	61.25	60.05	62.20	60.51	0.922726074277	0.923295998046	100	100
29220	29220	75776	75776	59.67	61.90	60.05	59.60	61.62	60.25	60.67	62.77	61.17	59.98	62.10	60.49	0.92264398221	0.923488398085	100	100
29320	29320	75676	75676	59.60	61.88	60.05	59.45	61.60	60.17	60.62	62.75	61.10	59.89	62.08	60.44	0.922865646357	0.923542002613	100	100
