12120	12120	94562	94562	75.12	77.75	79.83	74.53	77.65	79.28	75.33	78.53	79.90	74.99	77.97	79.67	1.35938848977	1.48447786661
12120	12120	94066	94066	75.03	77.75	79.85	74.58	77.65	79.25	75.30	78.53	79.90	74.97	77.97	79.67	1.32989195607	1.455916614	25	25
12145	12145	94041	94041	75.20	77.90	79.83	74.42	77.60	79.42	74.78	78.90	79.67	74.80	78.13	79.64	1.24245843393	1.36851920876	25	25
12170	12170	94016	94016	74.70	77.28	78.83	74.10	77.33	78.70	74.35	77.95	79.35	74.38	77.52	78.96	1.1791816457	1.26671043712	25	25
12195	12195	93991	93991	74.33	77.00	78.62	73.65	77.05	78.33	74.30	77.83	78.80	74.09	77.29	78.58	1.12657983217	1.19916723833	25	25
12220	12220	93966	93966	74.00	76.72	78.35	73.42	76.95	77.92	73.95	77.78	78.35	73.79	77.15	78.21	1.09175441396	1.14408843069	25	25
12245	12245	93941	93941	73.42	76.03	77.50	73.45	76.42	77.83	73.58	77.35	77.70	73.48	76.60	77.67	1.0499676402	1.09788458442	25	25
12270	12270	93916	93916	73.20	75.85	77.15	73.30	76.30	77.15	73.17	77.25	77.40	73.22	76.47	77.23	1.02893676807	1.06252424126	25	25
12295	12295	93891	93891	73.10	75.33	76.90	73.08	75.85	76.85	73.03	76.92	77.05	73.07	76.03	76.93	1.01347674807	1.03533948501	25	25
12320	12320	93866	93866	73.00	75.33	76.75	73.05	75.90	76.65	73.03	76.60	76.90	73.03	75.94	76.77	0.999855284465	1.01530037786	25	25
12345	12345	93841	93841	73.00	75.33	76.78	73.03	75.92	76.67	73.00	76.62	76.88	73.01	75.96	76.78	0.983855604131	1.00110562099	25	25
12370	12370	93816	93816	73.05	75.38	76.85	73.03	75.85	76.70	73.08	76.67	76.90	73.05	75.97	76.82	0.976528288456	0.993396390858	25	25
12395	12395	93791	93791	73.10	75.38	76.85	73.03	75.85	76.72	73.08	76.67	76.90	73.07	75.97	76.83	0.966460545554	0.978906739335	25	25
12420	12420	93766	93766	73.17	75.38	76.88	73.20	75.92	76.75	73.05	76.70	77.03	73.14	76.00	76.88	0.957730881125	0.971861795721	25	25
12445	12445	93741	93741	73.10	75.53	77.00	73.45	75.97	76.85	73.15	76.80	77.22	73.23	76.10	77.03	0.94891614074	0.965877920983	25	25
12470	12470	93716	93716	73.25	75.58	77.12	73.45	76.12	76.90	73.25	77.05	77.20	73.32	76.25	77.08	0.940152870574	0.958928806912	25	25
12495	12495	93691	93691	73.62	75.60	77.22	73.50	76.05	77.28	73.62	76.95	77.38	73.58	76.20	77.29	0.93598143617	0.95224369351	25	25
12520	12520	93666	93666	73.67	75.60	77.20	73.42	76.12	77.25	73.80	77.03	77.45	73.63	76.25	77.30	0.928862765618	0.944812345902	25	25
12545	12545	93641	93641	73.67	75.62	77.33	73.58	76.17	77.55	73.83	77.05	77.67	73.69	76.28	77.52	0.925576441847	0.941404497693	25	25
12570	12570	93616	93616	73.83	75.67	77.33	73.50	76.30	77.70	73.83	76.97	77.70	73.72	76.32	77.58	0.925251220559	0.938711641148	25	25
12595	12595	93591	93591	73.88	75.67	77.50	73.40	76.22	77.65	73.85	76.97	77.72	73.71	76.29	77.62	0.92225185235	0.935850381435	25	25
12620	12620	93566	93566	73.90	75.72	77.60	73.42	76.22	77.78	73.88	76.97	77.75	73.73	76.31	77.71	0.921664882878	0.934794756676	25	25
12645	12645	93541	93541	74.05	76.10	77.97	73.53	76.42	77.78	74.00	77.05	78.05	73.86	76.53	77.93	0.917653240706	0.93079780574	25	25
12670	12670	93516	93516	74.35	76.28	78.17	73.65	76.45	78.05	74.08	77.42	78.28	74.03	76.72	78.17	0.914761373526	0.931590664931	25	25
12695	12695	93491	93491	74.28	76.38	78.15	73.78	76.47	78.17	74.03	77.47	78.42	74.03	76.78	78.25	0.914102637789	0.93132712343	25	25
12720	12720	93466	93466	74.58	76.33	78.28	73.72	76.55	78.38	74.00	77.38	78.50	74.10	76.75	78.38	0.915443427771	0.9259239663	25	25
12745	12745	93441	93441	74.62	76.35	78.40	73.95	76.53	78.42	74.22	77.50	78.62	74.27	76.79	78.48	0.91548455574	0.922016779872	25	25
12770	12770	93416	93416	74.75	76.53	78.53	74.00	76.60	78.47	74.42	77.67	78.75	74.39	76.93	78.58	0.911238138889	0.917718603523	25	25
12795	12795	93391	93391	74.65	76.65	78.62	74.15	76.75	78.60	74.45	77.80	78.75	74.42	77.07	78.66	0.907355932787	0.916508004684	25	25
12820	12820	93366	93366	74.78	76.75	78.72	74.33	76.83	78.70	74.62	77.85	78.83	74.58	77.14	78.75	0.903865547368	0.916515484072	25	25
12845	12845	93341	93341	75.03	77.08	78.72	74.33	76.78	78.47	74.75	77.78	78.97	74.70	77.21	78.72	0.904299316346	0.916220989952	25	25
12870	12870	93316	93316	75.15	77.17	78.92	74.45	76.88	78.72	74.88	77.62	79.05	74.83	77.22	78.90	0.904457773545	0.913160374637	25	25
12895	12895	93291	93291	75.22	77.20	78.95	74.28	76.90	78.80	74.90	77.83	79.03	74.80	77.31	78.92	0.90327871071	0.913658771877	25	25
12920	12920	93266	93266	75.25	77.28	78.92	74.45	77.08	78.92	75.00	77.78	79.15	74.90	77.38	79.00	0.902285110196	0.915421855426	25	25
12945	12945	93241	93241	75.28	77.33	78.95	74.47	77.12	79.05	75.12	77.83	79.25	74.96	77.42	79.08	0.900590588199	0.913936788929	25	25
12970	12970	93216	93216	75.12	77.53	79.05	74.28	77.10	78.95	75.05	77.80	79.17	74.82	77.47	79.06	0.899979798555	0.913712714759	25	25
12995	12995	93191	93191	75.28	77.60	79.05	74.67	77.03	79.12	75.05	77.97	79.28	75.00	77.53	79.15	0.898826922566	0.914362962442	25	25
13020	13020	93166	93166	75.33	77.58	79.12	74.62	77.20	79.20	75.28	77.92	79.47	75.08	77.57	79.27	0.896964835742	0.914110357824	25	25
13045	13045	93141	93141	75.35	77.62	79.33	74.53	77.15	79.08	75.25	77.80	79.33	75.04	77.53	79.24	0.902381091837	0.909320713212	25	25
13070	13070	93116	93116	75.17	77.62	79.42	74.58	77.33	79.12	75.50	77.97	79.45	75.08	77.64	79.33	0.898439464235	0.912277036453	25	25
13095	13095	93091	93091	75.30	77.83	79.47	74.58	77.47	79.12	75.38	78.10	79.47	75.08	77.80	79.36	0.899811885996	0.913209437023	25	25
13120	13120	93066	93066	75.33	77.83	79.70	74.53	77.40	79.22	75.42	78.03	79.62	75.09	77.75	79.52	0.897132281731	0.911567776714	25	25
13145	13145	93041	93041	75.38	77.92	79.78	74.55	77.42	79.10	75.55	78.03	79.72	75.16	77.79	79.53	0.89534350688	0.909804150973	25	25
13170	13170	93016	93016	75.28	77.83	79.88	74.53	77.42	79.17	75.45	78.03	79.75	75.08	77.76	79.60	0.896694194901	0.910961281402	25	25
13195	13195	92991	92991	75.25	78.12	80.05	74.45	77.50	79.12	75.30	78.10	79.67	75.00	77.91	79.62	0.896073051373	0.915083595116	25	25
13220	13220	92966	92966	75.30	78.08	80.10	74.45	77.55	79.20	75.35	78.17	79.65	75.03	77.93	79.65	0.897240980832	0.912912965234	25	25
13245	13245	92941	92941	75.33	78.12	80.15	74.38	77.67	79.17	75.50	78.08	79.83	75.07	77.96	79.72	0.898165380992	0.910565369763	25	25
13270	13270	92916	92916	75.33	78.12	80.15	74.50	77.55	79.25	75.65	78.30	79.88	75.16	77.99	79.76	0.896891058861	0.909131912086	25	25
13295	13295	92891	92891	75.28	78.17	80.12	74.53	77.60	79.17	75.55	78.38	79.90	75.12	78.05	79.73	0.894549758885	0.906682457247	25	25
13320	13320	92866	92866	75.30	78.30	80.08	74.62	77.53	79.12	75.40	78.47	80.03	75.11	78.10	79.74	0.896626325058	0.906689049699	25	25
13345	13345	92841	92841	75.35	78.42	79.97	74.70	77.50	79.12	75.50	78.42	79.78	75.18	78.12	79.62	0.894160463498	0.908080721188	25	25
13370	13370	92816	92816	75.42	78.40	80.10	74.62	77.50	79.10	75.60	78.50	79.78	75.22	78.13	79.66	0.895282451561	0.906734100612	25	25
13395	13395	92791	92791	75.45	78.25	80.12	74.65	77.50	79.05	75.75	78.53	79.80	75.28	78.09	79.66	0.898478709583	0.905453624074	25	25
13420	13420	92766	92766	75.47	78.30	80.00	74.55	77.42	78.90	75.60	78.62	79.83	75.21	78.12	79.58	0.897772270756	0.904096296723	25	25
13445	13445	92741	92741	75.38	78.45	80.12	74.58	77.58	79.03	75.60	78.83	79.90	75.18	78.28	79.68	0.897330062185	0.905146836507	25	25
13470	13470	92716	92716	75.40	78.42	80.08	74.72	77.60	79.05	75.58	78.88	79.90	75.23	78.30	79.67	0.896983810247	0.903992246558	25	25
13495	13495	92691	92691	75.42	78.22	80.20	74.62	77.50	79.08	75.70	79.00	79.85	75.25	78.24	79.71	0.897580340608	0.901386258704	25	25
13520	13520	92666	92666	75.60	78.25	80.12	74.70	77.58	79.25	75.70	79.08	80.05	75.33	78.30	79.81	0.896439895674	0.902148762797	25	25
13545	13545	92641	92641	75.70	78.30	80.12	74.80	77.58	79.28	75.80	78.95	80.05	75.43	78.28	79.82	0.898201929194	0.903310517316	25	25
13570	13570	92616	92616	75.75	78.20	80.12	74.92	77.53	79.30	75.70	78.90	80.12	75.46	78.21	79.85	0.896596053527	0.899946889947	25	25
13595	13595	92591	92591	75.95	78.20	80.33	75.00	77.38	79.38	75.92	78.80	80.25	75.62	78.12	79.98	0.896605687716	0.901225403398	25	25
13620	13620	92566	92566	76.05	78.15	80.45	74.95	77.47	79.45	75.85	78.67	80.20	75.62	78.10	80.03	0.898330869305	0.902983592239	25	25
13645	13645	92541	92541	75.97	77.92	80.47	75.15	77.50	79.53	75.97	78.90	80.15	75.70	78.11	80.05	0.895657037135	0.900302918692	25	25
13670	13670	92516	92516	76.05	78.03	80.42	75.10	77.55	79.47	75.97	79.00	80.15	75.71	78.19	80.02	0.89671452387	0.898951082642	25	25
13695	13695	92491	92491	76.17	77.92	80.35	74.85	77.65	79.35	76.22	78.97	80.20	75.75	78.18	79.97	0.895981982494	0.89745679003	25	25
13720	13720	92466	92466	76.35	77.90	80.38	74.85	77.67	79.38	76.12	78.92	80.30	75.78	78.17	80.02	0.895346822873	0.89801235278	25	25
13745	13745	92441	92441	76.40	78.03	80.20	74.83	77.53	79.17	76.05	79.12	80.35	75.76	78.22	79.91	0.894675459856	0.897357565826	25	25
13770	13770	92416	92416	76.42	78.03	80.10	74.78	77.40	79.12	76.03	79.10	80.30	75.74	78.17	79.84	0.893664391765	0.898344012909	25	25
13795	13795	92391	92391	76.33	78.03	80.15	74.80	77.53	79.10	76.08	79.12	80.35	75.73	78.22	79.87	0.895310253189	0.899455136258	25	25
13820	13820	92366	92366	76.15	78.12	80.08	74.78	77.67	78.97	75.97	79.05	80.30	75.63	78.28	79.78	0.897557280105	0.899861336267	25	25
13845	13845	92341	92341	76.22	78.15	80.05	74.78	77.80	78.88	76.05	79.03	80.42	75.68	78.33	79.78	0.897387248219	0.903428190002	25	25
13870	13870	92316	92316	76.15	78.12	80.05	74.62	77.70	78.80	76.05	79.05	80.55	75.61	78.29	79.80	0.896380050502	0.906282501448	25	25
13895	13895	92291	92291	76.33	78.28	80.03	74.58	77.70	78.83	76.05	79.10	80.62	75.65	78.36	79.83	0.897300551892	0.904660042577	25	25
13920	13920	92266	92266	76.45	78.28	80.15	74.53	77.72	78.85	76.05	78.97	80.55	75.67	78.33	79.85	0.898411136328	0.903750781042	25	25
13945	13945	92241	92241	76.38	78.28	80.12	74.45	77.83	78.83	75.92	78.95	80.65	75.58	78.35	79.87	0.897274443783	0.903182060202	25	25
13970	13970	92216	92216	76.42	78.30	80.22	74.47	77.85	78.85	75.83	78.92	80.70	75.58	78.36	79.92	0.900338073208	0.902264676044	25	25
13995	13995	92191	92191	76.22	78.40	80.20	74.53	77.60	78.75	75.97	78.80	80.58	75.58	78.27	79.84	0.900720428082	0.902431483159	25	25
14020	14020	92166	92166	76.30	78.30	80.30	74.50	77.72	78.80	76.05	78.62	80.40	75.62	78.22	79.83	0.900252633539	0.902988856361	25	25
14045	14045	92141	92141	76.22	78.60	80.28	74.55	77.72	78.75	76.10	78.80	80.38	75.62	78.38	79.80	0.899962744552	0.902807687393	25	25
14070	14070	92116	92116	76.15	78.47	80.25	74.47	77.75	78.75	76.08	78.85	80.42	75.57	78.36	79.81	0.900610245812	0.903850991556	25	25
14095	14095	92091	92091	76.22	78.60	80.22	74.40	77.80	78.90	76.20	78.67	80.28	75.61	78.36	79.80	0.900914101891	0.903499200574	25	25
14120	14120	92066	92066	76.10	78.47	80.10	74.25	77.72	78.75	76.20	78.67	80.35	75.52	78.29	79.73	0.902145708216	0.900996248462	25	25
14145	14145	92041	92041	76.03	78.58	80.08	74.42	77.75	78.58	76.25	78.67	80.38	75.57	78.33	79.67	0.903303868165	0.90123337541	25	25
14170	14170	92016	92016	76.10	78.58	80.08	74.45	77.65	78.58	76.33	78.67	80.42	75.62	78.30	79.69	0.903451603992	0.901718185468	25	25
14195	14195	91991	91991	75.92	78.60	80.10	74.42	77.78	78.47	76.30	78.62	80.47	75.55	78.33	79.68	0.90455527994	0.90339902687	25	25
14220	14220	91966	91966	75.92	78.70	80.08	74.33	77.72	78.50	76.33	78.60	80.38	75.53	78.34	79.65	0.902799171515	0.902886255419	25	25
14245	14245	91941	91941	75.90	78.75	80.05	74.20	77.80	78.38	76.12	78.42	80.30	75.41	78.33	79.58	0.901816193049	0.901922999982	25	25
14270	14270	91916	91916	75.65	78.72	80.03	74.30	77.67	78.35	76.20	78.30	80.40	75.38	78.23	79.59	0.90160322329	0.901869725487	25	25
14295	14295	91891	91891	75.90	78.60	80.05	74.28	77.70	78.47	76.30	78.22	80.30	75.49	78.17	79.61	0.89966298607	0.901530493578	25	25
14320	14320	91866	91866	75.85	78.70	80.17	74.30	77.67	78.38	76.25	78.42	80.12	75.47	78.27	79.56	0.898985094933	0.900791139901	25	25
14345	14345	91841	91841	75.72	78.67	80.03	74.40	77.72	78.40	76.35	78.47	80.17	75.49	78.29	79.53	0.898350194021	0.90316904244	25	25
14370	14370	91816	91816	75.70	78.70	80.05	74.40	77.70	78.38	76.28	78.55	80.12	75.46	78.32	79.52	0.899829007446	0.901790195599	25	25
14395	14395	91791	91791	75.70	78.70	80.20	74.35	77.72	78.30	76.22	78.60	80.20	75.42	78.34	79.57	0.897918619764	0.902058212719	25	25
14420	14420	91766	91766	75.62	78.72	80.25	74.47	77.65	78.35	76.22	78.35	80.08	75.44	78.24	79.56	0.898892645339	0.903967219629	25	25
14445	14445	91741	91741	75.75	78.65	80.28	74.45	77.60	78.35	76.20	78.42	80.12	75.47	78.22	79.58	0.898638532549	0.904981079816	25	25
14470	14470	91716	91716	75.70	78.50	80.35	74.35	77.53	78.30	76.20	78.42	80.08	75.42	78.15	79.58	0.898705434374	0.904348408135	25	25
14495	14495	91691	91691	75.67	78.45	80.28	74.47	77.40	78.28	76.17	78.45	80.08	75.44	78.10	79.54	0.898073053831	0.903040736734	25	25
14520	14520	91666	91666	75.65	78.42	80.33	74.35	77.25	78.17	76.38	78.40	79.92	75.46	78.03	79.47	0.898845677241	0.902719632459	25	25
14545	14545	91641	91641	75.67	78.42	80.35	74.42	77.25	78.00	76.22	78.25	80.00	75.44	77.97	79.45	0.897829252227	0.903357892713	25	25
14570	14570	91616	91616	75.72	78.40	80.40	74.40	77.28	78.08	76.15	78.22	80.03	75.42	77.97	79.50	0.896433424089	0.906434931423	25	25
14595	14595	91591	91591	75.75	78.55	80.47	74.38	77.22	78.00	76.08	78.35	79.97	75.40	78.04	79.48	0.896169314193	0.905894950625	25	25
14620	14620	91566	91566	75.65	78.42	80.35	74.40	77.17	77.88	76.17	78.30	79.83	75.41	77.97	79.35	0.897343918692	0.90695768503	25	25
14645	14645	91541	91541	75.70	78.58	80.30	74.35	77.08	77.75	75.92	78.20	79.72	75.33	77.95	79.26	0.898370493171	0.90792862591	25	25
14670	14670	91516	91516	75.60	78.55	80.40	74.30	77.03	77.62	75.92	78.20	79.55	75.28	77.92	79.19	0.898621397382	0.905094850606	25	25
14695	14695	91491	91491	75.50	78.47	80.28	74.12	77.08	77.60	75.80	78.12	79.53	75.14	77.89	79.13	0.896656644751	0.904133805459	25	25
14720	14720	91466	91466	75.45	78.33	80.28	74.10	77.00	77.58	75.95	78.12	79.55	75.17	77.82	79.13	0.897230229982	0.903975133004	25	25
14745	14745	91441	91441	75.47	78.40	80.28	74.17	76.88	77.67	75.97	78.00	79.53	75.21	77.76	79.16	0.897774460532	0.903814474267	25	25
14770	14770	91416	91416	75.58	78.42	80.28	74.20	76.78	77.58	76.10	77.92	79.53	75.29	77.71	79.12	0.89632078419	0.903819913667	25	25
14795	14795	91391	91391	75.53	78.12	80.17	74.03	76.80	77.55	76.08	77.85	79.50	75.21	77.59	79.08	0.896644694178	0.904804172521	25	25
14820	14820	91366	91366	75.53	78.10	80.05	74.05	76.78	77.58	75.92	77.97	79.45	75.17	77.62	79.03	0.8959634351	0.90492848938	25	25
14845	14845	91341	91341	75.40	78.28	79.90	73.92	76.62	77.50	75.83	77.78	79.38	75.05	77.56	78.92	0.896508584367	0.905341837145	25	25
14870	14870	91316	91316	75.40	78.15	79.88	73.85	76.42	77.45	75.80	77.70	79.45	75.02	77.42	78.92	0.89727916834	0.906349529671	25	25
14895	14895	91291	91291	75.28	78.20	79.83	73.95	76.33	77.42	75.80	77.72	79.50	75.01	77.42	78.92	0.897401669598	0.907124912985	25	25
14920	14920	91266	91266	75.10	78.10	79.75	73.88	76.35	77.53	75.80	77.65	79.53	74.92	77.37	78.93	0.898239174219	0.906089891944	25	25
14945	14945	91241	91241	74.97	78.10	79.75	73.85	76.40	77.50	75.80	77.65	79.58	74.88	77.38	78.94	0.899451215243	0.906204675919	25	25
14970	14970	91216	91216	75.08	77.88	79.70	73.85	76.28	77.50	75.70	77.72	79.53	74.88	77.29	78.91	0.899982649269	0.906193047004	25	25
14995	14995	91191	91191	75.28	77.85	79.80	73.85	76.22	77.42	75.65	77.75	79.47	74.92	77.28	78.90	0.900995006601	0.907997782668	25	25
15020	15020	91166	91166	75.25	77.78	79.62	73.75	76.22	77.40	75.72	77.78	79.45	74.91	77.26	78.83	0.900888480693	0.908673301805	25	25
15045	15045	91141	91141	75.35	77.80	79.70	73.92	76.10	77.42	75.62	77.80	79.35	74.97	77.23	78.83	0.90033344643	0.908498649959	25	25
15070	15070	91116	91116	75.38	77.72	79.65	73.80	76.08	77.33	75.53	77.75	79.45	74.90	77.18	78.81	0.90163116	0.907756377803	25	25
15095	15095	91091	91091	75.38	77.78	79.45	73.88	76.17	77.35	75.55	77.75	79.38	74.93	77.23	78.72	0.901542380983	0.907737519351	25	25
15120	15120	91066	91066	75.28	77.65	79.53	73.83	76.12	77.33	75.45	77.67	79.30	74.85	77.15	78.72	0.901105202459	0.907713877958	25	25
15145	15145	91041	91041	75.20	77.60	79.53	73.78	76.15	77.33	75.53	77.72	79.20	74.83	77.16	78.68	0.900903453824	0.909199499247	25	25
15170	15170	91016	91016	75.17	77.47	79.35	73.70	76.12	77.33	75.45	77.72	79.00	74.78	77.11	78.56	0.899573000591	0.908699798526	25	25
15195	15195	90991	90991	75.03	77.55	79.42	73.55	76.08	77.28	75.38	77.65	78.85	74.65	77.09	78.52	0.90042537424	0.908577017248	25	25
15220	15220	90966	90966	75.15	77.65	79.25	73.45	76.15	77.20	75.22	77.55	78.67	74.61	77.12	78.38	0.900732935323	0.906233629645	25	25
15245	15245	90941	90941	74.85	77.62	79.22	73.47	76.05	77.17	75.20	77.62	78.78	74.51	77.10	78.39	0.900144461262	0.904630477167	25	25
15270	15270	90916	90916	74.67	77.72	79.08	73.53	76.12	77.17	75.10	77.65	78.75	74.43	77.17	78.33	0.90028970745	0.904093666944	25	25
15295	15295	90891	90891	74.78	77.75	79.15	73.38	76.25	77.22	75.12	77.62	78.67	74.42	77.21	78.35	0.900335636131	0.904554958851	25	25
15320	15320	90866	90866	74.67	77.70	79.15	73.35	76.22	77.15	75.10	77.67	78.75	74.38	77.20	78.35	0.901574904532	0.902948670521	25	25
15345	15345	90841	90841	74.50	77.60	79.08	73.33	76.33	77.03	75.05	77.58	78.80	74.29	77.17	78.30	0.90189883001	0.903719240219	25	25
15370	15370	90816	90816	74.65	77.65	79.10	73.33	76.28	77.08	74.90	77.53	78.83	74.29	77.15	78.33	0.900930374475	0.90509842852	25	25
15395	15395	90791	90791	74.50	77.60	78.97	73.22	76.17	76.97	74.85	77.53	78.60	74.19	77.10	78.18	0.900118734953	0.905807110119	25	25
15420	15420	90766	90766	74.47	77.45	78.90	73.20	76.08	77.00	74.62	77.40	78.50	74.10	76.97	78.13	0.899916492561	0.9048150591	25	25
15445	15445	90741	90741	74.35	77.45	78.88	73.10	76.03	76.95	74.50	77.28	78.45	73.98	76.92	78.09	0.899093642184	0.904711652829	25	25
15470	15470	90716	90716	74.28	77.33	78.72	73.05	76.00	76.88	74.47	77.35	78.25	73.93	76.89	77.95	0.899289465679	0.903746035949	25	25
15495	15495	90691	90691	74.30	77.20	78.70	72.97	75.88	76.95	74.47	77.42	78.17	73.92	76.83	77.94	0.898922590753	0.903061541639	25	25
15520	15520	90666	90666	74.17	77.12	78.62	72.97	75.80	76.88	74.42	77.22	78.25	73.86	76.72	77.92	0.900967748357	0.903788944211	25	25
15545	15545	90641	90641	74.03	77.08	78.40	73.05	75.85	76.90	74.40	77.22	78.12	73.83	76.72	77.81	0.900630630636	0.903837517437	25	25
15570	15570	90616	90616	73.97	77.00	78.35	72.90	75.80	76.78	74.35	77.22	78.12	73.74	76.67	77.75	0.900304012146	0.904726032353	25	25
15595	15595	90591	90591	74.05	77.00	78.33	72.67	75.75	76.60	74.28	77.08	78.08	73.67	76.61	77.67	0.89999709738	0.90364533284	25	25
15620	15620	90566	90566	73.95	77.03	78.25	72.70	75.75	76.58	74.33	77.08	78.08	73.66	76.62	77.63	0.899036456639	0.905220882795	25	25
15645	15645	90541	90541	74.00	77.10	78.30	72.70	75.70	76.53	74.38	77.08	77.92	73.69	76.62	77.58	0.898795167127	0.903469525194	25	25
15670	15670	90516	90516	73.92	76.92	78.20	72.75	75.72	76.60	74.30	76.92	77.85	73.66	76.53	77.55	0.900826408262	0.904582203034	25	25
15695	15695	90491	90491	73.85	76.83	78.10	72.75	75.62	76.60	74.28	76.90	77.88	73.62	76.45	77.53	0.899509293279	0.905115297285	25	25
15720	15720	90466	90466	73.88	76.58	78.08	72.72	75.60	76.58	74.30	76.90	77.88	73.63	76.36	77.51	0.899026256068	0.904742929965	25	25
15745	15745	90441	90441	73.80	76.62	78.05	72.62	75.65	76.60	74.25	76.72	77.80	73.56	76.33	77.48	0.898832474677	0.904988854308	25	25
15770	15770	90416	90416	73.88	76.55	77.92	72.65	75.58	76.53	74.30	76.75	77.88	73.61	76.29	77.44	0.898508872134	0.905407159033	25	25
15795	15795	90391	90391	73.75	76.53	77.75	72.55	75.47	76.40	74.33	76.67	77.80	73.54	76.22	77.32	0.899528070841	0.90596808365	25	25
15820	15820	90366	90366	73.75	76.55	77.80	72.53	75.42	76.35	74.35	76.65	77.72	73.54	76.21	77.29	0.899737508273	0.907872669581	25	25
15845	15845	90341	90341	73.62	76.53	77.80	72.42	75.45	76.30	74.15	76.60	77.78	73.40	76.19	77.29	0.899245313615	0.910176464747	25	25
15870	15870	90316	90316	73.67	76.42	77.80	72.55	75.40	76.22	74.28	76.72	77.70	73.50	76.18	77.24	0.899713615163	0.910365456983	25	25
15895	15895	90291	90291	73.65	76.33	77.70	72.62	75.28	76.20	74.28	76.62	77.67	73.52	76.08	77.19	0.899521160345	0.908770170278	25	25
15920	15920	90266	90266	73.75	76.25	77.60	72.45	75.35	76.25	74.30	76.65	77.55	73.50	76.08	77.13	0.900391103797	0.908854953246	25	25
15945	15945	90241	90241	73.78	76.17	77.40	72.42	75.30	76.10	74.25	76.58	77.42	73.48	76.02	76.97	0.899819433069	0.908717548619	25	25
15970	15970	90216	90216	73.60	76.22	77.42	72.42	75.25	76.17	74.30	76.55	77.38	73.44	76.01	76.99	0.89924457865	0.908256948057	25	25
15995	15995	90191	90191	73.47	76.22	77.45	72.45	75.20	76.20	74.30	76.65	77.42	73.41	76.03	77.03	0.899949230957	0.908536949012	25	25
16020	16020	90166	90166	73.40	76.22	77.45	72.53	75.25	76.08	74.35	76.67	77.47	73.42	76.05	77.00	0.900047933571	0.909547345353	25	25
16045	16045	90141	90141	73.50	76.20	77.35	72.45	75.22	76.00	74.25	76.47	77.50	73.40	75.97	76.95	0.900567963369	0.909434128154	25	25
16070	16070	90116	90116	73.42	76.20	77.35	72.25	75.15	76.15	74.30	76.38	77.53	73.33	75.91	77.01	0.900702189347	0.909271903877	25	25
16095	16095	90091	90091	73.38	76.08	77.38	72.12	75.08	75.92	74.17	76.30	77.60	73.22	75.82	76.97	0.901072684067	0.90999179867	25	25
16120	16120	90066	90066	73.35	75.95	77.25	72.03	74.92	75.80	74.10	76.25	77.47	73.16	75.71	76.84	0.900565564009	0.910601250459	25	25
16145	16145	90041	90041	73.22	75.97	77.22	71.97	74.95	75.80	74.03	76.35	77.55	73.08	75.76	76.86	0.900887918994	0.910056217035	25	25
16170	16170	90016	90016	73.22	75.97	77.17	71.95	74.78	75.80	73.92	76.35	77.53	73.03	75.70	76.83	0.900689079173	0.912673273989	25	25
16195	16195	89991	89991	73.17	76.08	77.22	71.92	74.83	75.80	73.97	76.17	77.45	73.03	75.69	76.83	0.901191809849	0.912433992044	25	25
16220	16220	89966	89966	73.15	76.00	77.20	71.90	74.70	75.85	73.88	76.30	77.30	72.97	75.67	76.78	0.903694940426	0.912009722377	25	25
16245	16245	89941	89941	73.10	75.70	77.25	71.88	74.58	75.78	74.00	76.28	77.25	72.99	75.52	76.76	0.904014147929	0.910649205947	25	25
16270	16270	89916	89916	73.05	75.67	77.25	72.00	74.65	75.75	74.03	76.35	77.12	73.03	75.56	76.71	0.902966147135	0.909642732165	25	25
16295	16295	89891	89891	73.08	75.72	77.28	71.92	74.65	75.65	74.15	76.33	77.17	73.05	75.57	76.70	0.903101879682	0.909404649572	25	25
16320	16320	89866	89866	73.15	75.65	77.28	71.85	74.58	75.62	74.00	76.28	77.10	73.00	75.50	76.67	0.904036924411	0.909196228056	25	25
16345	16345	89841	89841	73.12	75.62	77.10	71.92	74.53	75.65	74.03	76.22	77.10	73.03	75.46	76.62	0.902927724783	0.909389574322	25	25
16370	16370	89816	89816	73.22	75.53	76.97	71.95	74.45	75.60	73.97	76.20	77.15	73.05	75.39	76.58	0.903708461917	0.908099338797	25	25
16395	16395	89791	89791	73.17	75.45	76.95	71.95	74.30	75.38	73.97	76.15	77.20	73.03	75.30	76.51	0.904283817981	0.908185531852	25	25
16420	16420	89766	89766	73.05	75.35	76.85	72.00	74.25	75.38	73.92	76.20	77.10	72.99	75.27	76.44	0.904782406723	0.908494327414	25	25
16445	16445	89741	89741	73.10	75.30	76.78	72.05	74.30	75.42	73.90	76.12	77.08	73.02	75.24	76.42	0.905148897408	0.907771276787	25	25
16470	16470	89716	89716	72.97	75.35	76.70	71.92	74.17	75.38	73.92	75.95	76.95	72.94	75.16	76.34	0.904604696992	0.907628446651	25	25
16495	16495	89691	89691	72.97	75.38	76.62	71.88	74.22	75.35	73.90	75.90	76.90	72.92	75.17	76.29	0.904874784717	0.907955132591	25	25
16520	16520	89666	89666	73.03	75.53	76.60	71.90	74.12	75.38	73.90	75.92	76.90	72.94	75.19	76.29	0.904709488289	0.908047983008	25	25
16545	16545	89641	89641	73.05	75.53	76.45	71.97	73.97	75.25	73.78	75.88	76.80	72.93	75.12	76.17	0.903985539194	0.907977100074	25	25
16570	16570	89616	89616	73.03	75.62	76.40	71.97	73.97	75.25	73.78	75.88	76.80	72.92	75.16	76.15	0.904130024671	0.907986542683	25	25
16595	16595	89591	89591	72.92	75.38	76.40	71.90	73.75	75.10	73.80	75.78	76.75	72.88	74.97	76.08	0.903889626329	0.908186563833	25	25
16620	16620	89566	89566	72.88	75.45	76.38	71.97	73.72	75.08	73.67	75.60	76.80	72.84	74.92	76.08	0.903587025661	0.907457579825	25	25
16645	16645	89541	89541	72.90	75.42	76.50	71.85	73.72	75.00	73.58	75.60	76.72	72.78	74.92	76.08	0.902774503301	0.907564403564	25	25
16670	16670	89516	89516	72.80	75.35	76.40	71.83	73.65	75.05	73.40	75.62	76.75	72.67	74.88	76.07	0.903067224195	0.907741580056	25	25
16695	16695	89491	89491	72.72	75.25	76.40	71.72	73.67	74.95	73.40	75.45	76.65	72.62	74.79	76.00	0.902295650499	0.907317465576	25	25
16720	16720	89466	89466	72.70	75.30	76.38	71.67	73.80	74.90	73.38	75.45	76.53	72.58	74.85	75.93	0.900720653832	0.908402850455	25	25
16745	16745	89441	89441	72.72	75.28	76.35	71.62	73.85	75.00	73.42	75.42	76.47	72.59	74.85	75.94	0.900873963481	0.908350355115	25	25
16770	16770	89416	89416	72.78	75.20	76.30	71.60	73.80	74.97	73.45	75.33	76.35	72.61	74.78	75.88	0.901633647185	0.90764714208	25	25
16795	16795	89391	89391	72.70	75.17	76.30	71.33	73.60	74.95	73.33	75.30	76.30	72.45	74.69	75.85	0.9027261809	0.908822499089	25	25
16820	16820	89366	89366	72.55	75.12	76.22	71.28	73.75	75.03	73.50	75.15	76.55	72.44	74.67	75.93	0.901646865986	0.908399811386	25	25
16845	16845	89341	89341	72.50	75.15	76.22	71.10	73.60	74.92	73.35	75.15	76.33	72.32	74.63	75.83	0.903123819932	0.909278962867	25	25
16870	16870	89316	89316	72.50	75.03	76.20	71.08	73.58	74.83	73.33	75.25	76.15	72.30	74.62	75.72	0.903531174528	0.908934121075	25	25
16895	16895	89291	89291	72.42	74.97	76.22	71.05	73.55	74.80	73.33	75.20	76.08	72.27	74.58	75.70	0.903427663595	0.909163328102	25	25
16920	16920	89266	89266	72.60	75.00	76.25	70.97	73.50	74.72	73.35	75.20	76.08	72.31	74.57	75.68	0.904113050221	0.908979287735	25	25
16945	16945	89241	89241	72.72	74.95	76.17	70.85	73.45	74.62	73.35	75.12	76.08	72.31	74.51	75.62	0.905804349278	0.909156504038	25	25
16970	16970	89216	89216	72.62	74.95	76.17	70.97	73.53	74.67	73.45	75.08	76.20	72.35	74.52	75.68	0.90531765485	0.908286137106	25	25
16995	16995	89191	89191	72.67	74.88	76.20	70.88	73.45	74.67	73.30	75.00	76.08	72.28	74.44	75.65	0.904564763108	0.909072261138	25	25
17020	17020	89166	89166	72.70	74.95	76.08	70.83	73.45	74.55	73.28	75.12	76.12	72.27	74.51	75.58	0.904304157865	0.909350833396	25	25
17045	17045	89141	89141	72.75	75.03	76.05	70.90	73.38	74.45	73.28	75.10	75.97	72.31	74.50	75.49	0.904629803661	0.911192017357	25	25
17070	17070	89116	89116	72.70	74.83	76.00	70.90	73.35	74.45	73.20	75.05	75.83	72.27	74.41	75.42	0.904297346288	0.913188627715	25	25
17095	17095	89091	89091	72.75	74.85	75.83	70.80	73.35	74.33	73.17	75.03	75.88	72.24	74.41	75.34	0.903899738754	0.91393647126	25	25
17120	17120	89066	89066	72.78	74.67	75.92	70.83	73.22	74.33	73.12	75.08	75.83	72.24	74.33	75.36	0.903997750981	0.912134699157	25	25
17145	17145	89041	89041	72.60	74.65	75.70	70.78	73.22	74.38	73.03	75.05	75.78	72.13	74.31	75.28	0.904357299683	0.91159396363	25	25
17170	17170	89016	89016	72.65	74.55	75.70	70.70	73.20	74.38	73.12	75.05	75.80	72.16	74.27	75.29	0.904560326165	0.912551649207	25	25
17195	17195	88991	88991	72.60	74.47	75.60	70.55	73.12	74.33	73.03	75.03	75.85	72.06	74.21	75.26	0.905752594219	0.911216539917	25	25
17220	17220	88966	88966	72.67	74.40	75.55	70.72	73.08	74.33	73.00	75.03	75.78	72.13	74.17	75.22	0.906149031651	0.909626975796	25	25
17245	17245	88941	88941	72.78	74.42	75.50	70.75	73.10	74.28	72.95	75.05	75.67	72.16	74.19	75.15	0.905808751965	0.909849965156	25	25
17270	17270	88916	88916	72.70	74.35	75.53	70.67	73.22	74.28	72.90	75.00	75.60	72.09	74.19	75.13	0.905759812167	0.909975616267	25	25
17295	17295	88891	88891	72.50	74.35	75.50	70.62	73.25	74.20	72.80	75.03	75.67	71.97	74.21	75.12	0.904764798445	0.910716131729	25	25
