12120	12120	94562	94562	75.03	77.75	79.85	74.58	77.62	79.20	75.28	78.53	79.90	74.96	77.97	79.65	1.86475234803	1.92974063213
12120	12120	94440	94440	75.00	77.75	79.88	74.58	77.62	79.25	75.28	78.53	79.88	74.95	77.97	79.67	1.71862766111	1.82479087822	25	25
12145	12145	94415	94415	75.12	78.08	79.88	74.58	77.25	79.22	74.72	78.47	79.85	74.81	77.93	79.65	1.51544815242	1.51489636788	25	25
12170	12170	94390	94390	74.30	78.45	79.10	73.83	77.28	78.85	74.25	78.35	79.03	74.12	78.03	78.99	1.34849963854	1.38028580785	25	25
12195	12195	94365	94365	73.92	78.30	78.47	73.47	77.17	78.03	73.67	77.97	78.50	73.69	77.82	78.33	1.26685869704	1.287174869	25	25
12220	12220	94340	94340	73.38	77.15	77.62	72.97	76.62	76.75	72.50	77.55	77.67	72.95	77.11	77.35	1.17346914481	1.20771347163	25	25
12245	12245	94315	94315	72.78	76.53	76.83	72.35	76.05	76.30	72.08	77.00	76.75	72.40	76.53	76.62	1.12038066242	1.13216417936	25	25
12270	12270	94290	94290	72.00	75.55	76.05	71.75	75.58	75.83	71.58	76.42	75.90	71.78	75.85	75.92	1.07630999112	1.09424122697	25	25
12295	12295	94265	94265	71.72	75.17	75.83	71.62	75.45	75.55	71.35	76.45	75.45	71.57	75.69	75.61	1.04864238158	1.06318085701	25	25
12320	12320	94240	94240	71.22	75.03	75.58	71.30	75.22	75.17	71.00	76.42	75.17	71.17	75.56	75.31	1.01718023939	1.0311521922	25	25
12345	12345	94215	94215	71.05	74.97	75.25	71.20	75.17	75.00	70.97	76.15	75.00	71.08	75.43	75.08	0.989312467331	1.00555866599	25	25
12370	12370	94190	94190	71.05	74.97	75.25	71.17	75.10	75.05	70.97	76.12	75.00	71.07	75.40	75.10	0.973789018865	0.984209909787	25	25
12395	12395	94165	94165	71.30	75.03	75.35	71.38	75.10	75.08	71.05	76.10	75.08	71.24	75.41	75.17	0.962812114324	0.965946731371	25	25
12420	12420	94140	94140	71.47	75.08	75.62	71.47	75.10	75.12	71.22	76.28	75.05	71.39	75.48	75.27	0.950431699538	0.953863714596	25	25
12445	12445	94115	94115	71.65	75.10	75.75	71.53	75.17	75.28	71.35	76.42	75.30	71.51	75.57	75.44	0.940622733222	0.948217119419	25	25
12470	12470	94090	94090	71.97	75.20	75.85	71.67	75.30	75.45	71.42	76.38	75.50	71.69	75.62	75.60	0.934966076249	0.940159952107	25	25
12495	12495	94065	94065	72.20	75.28	75.88	71.70	75.35	75.60	71.67	76.47	75.70	71.86	75.70	75.72	0.93264955521	0.936119087128	25	25
12520	12520	94040	94040	72.62	75.42	76.28	72.00	75.42	75.88	71.80	76.45	76.10	72.14	75.77	76.08	0.925801474123	0.931974046202	25	25
12545	12545	94015	94015	73.05	75.67	76.58	72.35	75.40	76.03	72.15	76.47	76.38	72.52	75.85	76.33	0.923500909804	0.927981249269	25	25
12570	12570	93990	93990	73.28	75.85	76.62	72.50	75.47	76.00	72.40	76.70	76.53	72.72	76.01	76.38	0.916527573487	0.926001769058	25	25
12595	12595	93965	93965	73.42	76.12	77.00	72.67	75.70	76.17	72.50	76.78	76.72	72.87	76.20	76.63	0.914475803036	0.924568972315	25	25
12620	12620	93940	93940	73.53	76.42	77.12	73.08	75.78	76.33	72.67	77.03	76.90	73.09	76.41	76.78	0.909978280576	0.926696195908	25	25
12645	12645	93915	93915	73.80	76.70	77.15	73.25	75.97	76.72	72.88	77.05	76.97	73.31	76.58	76.95	0.908221034891	0.923557424652	25	25
12670	12670	93890	93890	73.85	76.65	77.28	73.35	76.10	76.92	73.10	77.10	77.25	73.43	76.62	77.15	0.902225738663	0.923565781584	25	25
12695	12695	93865	93865	74.12	76.62	77.50	73.42	76.15	77.12	73.33	77.10	77.35	73.62	76.62	77.33	0.904889036182	0.922109693436	25	25
12720	12720	93840	93840	73.97	76.90	77.67	73.60	76.35	77.03	73.40	77.15	77.38	73.66	76.80	77.36	0.901603129916	0.916707922041	25	25
12745	12745	93815	93815	74.08	77.15	77.80	73.62	76.45	77.20	73.55	77.28	77.58	73.75	76.96	77.53	0.897230234971	0.913806710719	25	25
12770	12770	93790	93790	74.35	77.28	77.90	73.80	76.45	77.30	73.88	77.33	77.75	74.01	77.02	77.65	0.895633552751	0.911313020487	25	25
12795	12795	93765	93765	74.50	77.25	78.08	73.85	76.83	77.42	74.08	77.47	77.85	74.14	77.18	77.78	0.897429689632	0.911599033118	25	25
12820	12820	93740	93740	74.60	77.33	78.12	73.78	76.72	77.33	74.15	77.62	78.10	74.17	77.22	77.85	0.894077541568	0.90748118501	25	25
12845	12845	93715	93715	74.70	77.47	78.28	73.78	76.83	77.67	74.17	77.65	78.22	74.22	77.32	78.06	0.893944947654	0.905547399977	25	25
12870	12870	93690	93690	74.92	77.50	78.53	73.78	76.72	77.80	74.40	77.70	78.58	74.37	77.31	78.30	0.892336902269	0.904622641183	25	25
12895	12895	93665	93665	75.12	77.55	78.67	73.80	76.83	77.80	74.58	77.80	78.53	74.50	77.39	78.33	0.890577874476	0.903294969725	25	25
12920	12920	93640	93640	75.22	77.78	78.72	74.05	76.72	77.80	74.65	77.72	78.75	74.64	77.41	78.42	0.890691169877	0.901188142812	25	25
12945	12945	93615	93615	75.30	77.92	78.90	74.20	76.85	78.00	74.72	77.72	79.05	74.74	77.50	78.65	0.889953716205	0.901244177623	25	25
12970	12970	93590	93590	75.40	77.97	78.88	74.03	76.85	77.88	74.72	77.80	79.30	74.72	77.54	78.68	0.887372015305	0.899709420842	25	25
12995	12995	93565	93565	75.45	77.90	79.10	74.05	77.00	78.00	74.85	77.88	79.33	74.78	77.59	78.81	0.883948444749	0.897420578491	25	25
13020	13020	93540	93540	75.58	78.03	79.22	74.03	77.03	78.05	74.85	77.95	79.38	74.82	77.67	78.88	0.882463372102	0.899842234793	25	25
13045	13045	93515	93515	75.78	78.12	79.30	73.97	77.12	77.97	74.85	78.17	79.28	74.87	77.81	78.85	0.88166391064	0.902827614617	25	25
13070	13070	93490	93490	75.88	78.20	79.38	73.90	77.30	78.10	74.92	78.30	79.30	74.90	77.93	78.92	0.881197216687	0.906433917536	25	25
13095	13095	93465	93465	75.80	78.30	79.58	73.95	77.42	78.20	74.97	78.25	79.28	74.91	77.99	79.02	0.882135942316	0.902210393196	25	25
13120	13120	93440	93440	75.78	78.33	79.70	74.03	77.45	78.15	74.97	78.28	79.33	74.92	78.02	79.06	0.880106646977	0.901181942145	25	25
13145	13145	93415	93415	75.75	78.47	79.72	74.30	77.38	78.40	75.12	78.28	79.40	75.06	78.04	79.17	0.883229725085	0.901190417493	25	25
13170	13170	93390	93390	75.78	78.42	79.85	74.12	77.35	78.50	75.15	78.15	79.55	75.02	77.97	79.30	0.882132714233	0.897158263127	25	25
13195	13195	93365	93365	76.03	78.45	79.95	74.30	77.08	78.45	75.30	78.22	79.53	75.21	77.92	79.31	0.88209953902	0.897821595595	25	25
13220	13220	93340	93340	75.92	78.50	80.00	74.40	77.15	78.30	75.38	78.17	79.42	75.23	77.94	79.24	0.885354739849	0.898240993589	25	25
13245	13245	93315	93315	75.97	78.55	80.20	74.50	77.17	78.47	75.42	78.22	79.58	75.30	77.98	79.42	0.884186797583	0.896086999569	25	25
13270	13270	93290	93290	76.05	78.42	80.22	74.55	77.35	78.42	75.35	78.38	79.58	75.32	78.05	79.41	0.884270492258	0.895681674962	25	25
13295	13295	93265	93265	76.15	78.55	80.17	74.60	77.40	78.58	75.53	78.40	79.62	75.42	78.12	79.46	0.885631538129	0.895219811346	25	25
13320	13320	93240	93240	76.12	78.45	80.25	74.62	77.42	78.55	75.25	78.50	79.62	75.33	78.12	79.47	0.886701681481	0.896020172886	25	25
13345	13345	93215	93215	76.25	78.42	80.25	74.62	77.25	78.65	75.38	78.33	79.58	75.42	78.00	79.49	0.886319830026	0.899324867886	25	25
13370	13370	93190	93190	76.28	78.38	80.28	74.67	77.15	78.70	75.38	78.30	79.72	75.44	77.94	79.57	0.885551223298	0.898611303415	25	25
13395	13395	93165	93165	76.25	78.35	80.17	74.78	77.15	78.78	75.53	78.22	79.70	75.52	77.91	79.55	0.883460826031	0.898830400573	25	25
13420	13420	93140	93140	76.25	78.35	80.25	74.67	77.03	78.67	75.65	78.03	79.88	75.53	77.80	79.60	0.883240951107	0.89796202402	25	25
13445	13445	93115	93115	76.28	78.47	80.25	74.70	77.00	78.65	75.65	77.90	79.95	75.54	77.79	79.62	0.883552970972	0.901217766038	25	25
13470	13470	93090	93090	76.35	78.42	80.20	74.92	77.10	78.55	75.75	77.95	79.97	75.67	77.83	79.58	0.884199286621	0.90354860997	25	25
13495	13495	93065	93065	76.42	78.45	80.05	74.95	77.05	78.45	75.88	78.00	79.90	75.75	77.83	79.47	0.885391117232	0.900072351344	25	25
13520	13520	93040	93040	76.38	78.60	80.10	75.10	76.95	78.40	76.00	78.10	79.95	75.83	77.88	79.48	0.889299643464	0.899265027335	25	25
13545	13545	93015	93015	76.30	78.42	80.08	75.03	77.05	78.53	75.97	78.10	80.10	75.77	77.86	79.57	0.890745419947	0.899381524338	25	25
13570	13570	92990	92990	76.33	78.60	79.97	74.88	76.90	78.50	76.00	78.10	80.10	75.73	77.87	79.53	0.892825661692	0.901102559637	25	25
13595	13595	92965	92965	76.25	78.50	80.12	74.85	76.88	78.47	76.00	78.10	80.17	75.70	77.83	79.59	0.892602188584	0.903196949789	25	25
13620	13620	92940	92940	76.47	78.65	80.20	74.90	76.90	78.35	76.10	78.15	80.25	75.83	77.90	79.60	0.892002075279	0.903773780612	25	25
13645	13645	92915	92915	76.45	78.70	80.22	75.05	76.80	78.40	76.25	78.15	80.22	75.92	77.88	79.62	0.891479883818	0.903018961316	25	25
13670	13670	92890	92890	76.45	78.65	80.05	74.92	76.83	78.28	76.20	77.95	80.30	75.86	77.81	79.54	0.89264505179	0.901063032128	25	25
13695	13695	92865	92865	76.42	78.62	80.15	75.05	76.85	78.30	76.10	78.08	80.22	75.86	77.85	79.56	0.891533487919	0.901736899121	25	25
13720	13720	92840	92840	76.35	78.58	80.08	74.88	76.85	78.20	76.10	78.05	80.28	75.78	77.83	79.52	0.891167498697	0.899799147581	25	25
13745	13745	92815	92815	76.25	78.60	80.22	74.80	76.60	78.17	76.00	78.05	80.33	75.68	77.75	79.58	0.893105580578	0.899694097846	25	25
13770	13770	92790	92790	76.28	78.53	80.22	74.65	76.72	78.35	76.00	78.08	80.25	75.64	77.78	79.61	0.893553688454	0.899652836898	25	25
13795	13795	92765	92765	76.28	78.55	80.17	74.62	76.78	78.35	75.97	78.17	80.33	75.62	77.83	79.62	0.892437277504	0.898374537969	25	25
13820	13820	92740	92740	76.20	78.62	80.35	74.45	76.67	78.22	75.97	78.10	80.33	75.54	77.80	79.63	0.894192665808	0.896938151714	25	25
13845	13845	92715	92715	76.05	78.65	80.30	74.20	76.67	78.28	75.95	77.83	80.20	75.40	77.72	79.59	0.8972977127	0.899464108155	25	25
13870	13870	92690	92690	76.15	78.58	80.35	74.17	76.65	78.28	76.05	77.70	80.10	75.46	77.64	79.58	0.896682218859	0.897207232983	25	25
13895	13895	92665	92665	76.30	78.78	80.25	74.03	76.65	78.30	76.00	77.62	80.15	75.44	77.68	79.57	0.900859486737	0.899686829153	25	25
13920	13920	92640	92640	76.33	78.65	80.40	74.17	76.65	78.38	76.12	77.53	80.15	75.54	77.61	79.64	0.901693710064	0.901291730801	25	25
13945	13945	92615	92615	76.25	78.55	80.38	74.12	76.55	78.33	76.15	77.45	80.15	75.51	77.52	79.62	0.901931387772	0.901724289017	25	25
13970	13970	92590	92590	76.28	78.55	80.55	74.30	76.67	78.42	76.05	77.60	80.10	75.54	77.61	79.69	0.903339196375	0.903185194556	25	25
13995	13995	92565	92565	76.20	78.65	80.47	74.28	76.62	78.35	76.20	77.58	80.15	75.56	77.62	79.66	0.904441643608	0.90153323014	25	25
14020	14020	92540	92540	76.08	78.53	80.55	74.22	76.70	78.30	76.25	77.60	80.05	75.52	77.61	79.63	0.903977849088	0.902658794115	25	25
14045	14045	92515	92515	76.00	78.80	80.50	74.05	76.60	78.50	76.05	77.35	80.00	75.37	77.58	79.67	0.903873502069	0.901927822802	25	25
14070	14070	92490	92490	75.95	78.80	80.53	74.12	76.47	78.22	75.92	77.38	79.97	75.33	77.55	79.58	0.903070839273	0.902505119844	25	25
14095	14095	92465	92465	75.83	78.75	80.53	74.10	76.42	78.28	76.05	77.55	79.88	75.33	77.58	79.56	0.901711041807	0.903700681931	25	25
14120	14120	92440	92440	75.97	78.47	80.70	74.05	76.47	78.15	76.00	77.55	79.90	75.34	77.50	79.58	0.899639682482	0.903445228916	25	25
14145	14145	92415	92415	75.95	78.38	80.53	74.03	76.30	78.15	75.92	77.55	79.80	75.30	77.41	79.49	0.899442508264	0.903260931794	25	25
14170	14170	92390	92390	75.97	78.38	80.47	74.05	76.38	78.20	76.03	77.53	79.85	75.35	77.42	79.51	0.899627161405	0.90218096052	25	25
14195	14195	92365	92365	75.97	78.50	80.42	74.08	76.35	78.17	75.97	77.42	79.85	75.34	77.42	79.48	0.900568348736	0.902311860244	25	25
14220	14220	92340	92340	75.80	78.47	80.60	74.05	76.47	78.12	75.92	77.40	79.85	75.26	77.45	79.53	0.899446752185	0.903918054913	25	25
14245	14245	92315	92315	75.95	78.50	80.45	73.85	76.40	78.08	75.83	77.33	79.75	75.21	77.41	79.42	0.899028216652	0.904909298595	25	25
14270	14270	92290	92290	75.85	78.58	80.50	73.85	76.42	77.97	75.78	77.17	79.60	75.16	77.39	79.36	0.898753248815	0.903717357143	25	25
14295	14295	92265	92265	75.88	78.72	80.50	73.92	76.40	77.88	75.78	76.97	79.60	75.19	77.37	79.33	0.897232101328	0.904888578245	25	25
14320	14320	92240	92240	75.78	78.55	80.53	73.90	76.28	77.95	75.83	77.17	79.62	75.17	77.33	79.37	0.896843745084	0.904837581162	25	25
14345	14345	92215	92215	75.60	78.38	80.47	73.85	76.35	77.85	75.80	77.12	79.53	75.08	77.28	79.28	0.898330291347	0.902924664501	25	25
14370	14370	92190	92190	75.60	78.35	80.47	73.88	76.08	77.92	75.90	77.10	79.45	75.12	77.17	79.28	0.898908130234	0.904556149462	25	25
14395	14395	92165	92165	75.53	78.25	80.42	73.80	76.17	77.88	75.88	77.10	79.47	75.07	77.17	79.26	0.897466844934	0.903601849704	25	25
14420	14420	92140	92140	75.40	78.15	80.40	73.80	76.22	77.83	75.78	77.10	79.58	74.99	77.16	79.27	0.899397670092	0.903182309945	25	25
14445	14445	92115	92115	75.45	78.12	80.30	73.72	76.20	77.83	75.75	77.15	79.50	74.97	77.16	79.21	0.899916404479	0.905318097796	25	25
14470	14470	92090	92090	75.50	78.22	80.15	73.62	76.35	77.90	75.83	77.30	79.60	74.98	77.29	79.22	0.901035552835	0.906252486048	25	25
14495	14495	92065	92065	75.70	78.17	80.17	73.50	76.42	77.65	75.78	77.25	79.60	74.99	77.28	79.14	0.900519997231	0.908269245756	25	25
14520	14520	92040	92040	75.75	78.22	80.20	73.45	76.28	77.58	75.80	77.20	79.60	75.00	77.23	79.12	0.90029927095	0.907149219549	25	25
14545	14545	92015	92015	75.58	78.20	80.17	73.47	76.25	77.53	75.83	77.28	79.58	74.96	77.24	79.09	0.899610468678	0.906557213583	25	25
14570	14570	91990	91990	75.65	78.20	80.20	73.40	76.25	77.50	75.78	77.28	79.42	74.94	77.24	79.04	0.899598812093	0.906292930014	25	25
14595	14595	91965	91965	75.60	78.22	80.03	73.45	76.33	77.55	75.78	77.30	79.40	74.94	77.28	78.99	0.90085554946	0.906434596339	25	25
14620	14620	91940	91940	75.67	78.22	80.15	73.38	76.20	77.60	75.75	77.17	79.35	74.93	77.20	79.03	0.900083059582	0.903919827209	25	25
14645	14645	91915	91915	75.58	78.17	80.00	73.30	76.08	77.38	75.72	77.20	79.40	74.87	77.15	78.92	0.899703666803	0.903162953403	25	25
14670	14670	91890	91890	75.38	78.28	79.95	73.30	76.05	77.42	75.83	77.30	79.45	74.83	77.21	78.94	0.898525758947	0.902643149289	25	25
14695	14695	91865	91865	75.33	78.30	79.95	73.25	76.03	77.42	75.97	77.28	79.45	74.85	77.20	78.94	0.897157869475	0.903358873711	25	25
14720	14720	91840	91840	75.35	78.28	79.83	73.20	75.97	77.45	75.75	77.30	79.38	74.77	77.18	78.88	0.897279859252	0.903470219423	25	25
14745	14745	91815	91815	75.35	78.20	79.70	73.25	75.72	77.42	75.83	77.28	79.35	74.81	77.07	78.83	0.89638800931	0.902884426973	25	25
14770	14770	91790	91790	75.20	78.15	79.58	73.33	75.75	77.35	75.62	77.17	79.55	74.72	77.03	78.83	0.897003909693	0.905760090143	25	25
14795	14795	91765	91765	75.30	78.05	79.60	73.25	75.95	77.33	75.58	77.25	79.45	74.71	77.08	78.79	0.896756487611	0.907820936048	25	25
14820	14820	91740	91740	75.15	78.03	79.50	73.22	75.80	77.20	75.58	77.35	79.38	74.65	77.06	78.69	0.897689055031	0.90834300293	25	25
14845	14845	91715	91715	75.12	78.08	79.40	73.15	75.83	77.25	75.53	77.22	79.33	74.60	77.04	78.66	0.898498418829	0.906309297454	25	25
14870	14870	91690	91690	75.03	78.05	79.35	73.12	75.88	77.35	75.67	77.15	79.33	74.61	77.03	78.67	0.897015548513	0.907570328861	25	25
14895	14895	91665	91665	75.00	78.00	79.35	73.05	75.70	77.25	75.53	77.17	79.22	74.53	76.96	78.61	0.897310996596	0.906877458895	25	25
14920	14920	91640	91640	75.05	78.03	79.22	73.10	75.85	77.20	75.55	77.17	79.25	74.57	77.02	78.56	0.897151321226	0.905058075788	25	25
14945	14945	91615	91615	75.30	77.97	79.20	73.03	75.75	77.35	75.53	77.20	79.17	74.62	76.97	78.58	0.897581753194	0.905209214294	25	25
14970	14970	91590	91590	75.22	77.92	79.15	73.10	75.70	77.28	75.55	77.10	79.12	74.62	76.91	78.52	0.898710547452	0.906359024493	25	25
14995	14995	91565	91565	75.30	77.95	79.22	72.88	75.67	77.15	75.55	77.15	79.08	74.58	76.92	78.48	0.897918518541	0.906087004736	25	25
15020	15020	91540	91540	75.20	77.83	79.22	72.85	75.58	77.25	75.67	77.03	79.03	74.58	76.81	78.50	0.896024459465	0.905309253946	25	25
15045	15045	91515	91515	75.25	77.75	79.15	72.83	75.65	77.17	75.62	76.95	78.90	74.57	76.78	78.41	0.895712352342	0.905530104726	25	25
15070	15070	91490	91490	75.33	77.62	79.17	72.92	75.50	77.20	75.65	77.05	78.90	74.63	76.72	78.42	0.896445655081	0.906749261985	25	25
15095	15095	91465	91465	75.22	77.62	79.17	72.72	75.38	77.08	75.55	76.92	78.78	74.50	76.64	78.34	0.897028376269	0.906481630173	25	25
15120	15120	91440	91440	75.15	77.62	79.03	72.58	75.40	77.08	75.45	76.90	78.83	74.39	76.64	78.31	0.89667753164	0.907250974598	25	25
15145	15145	91415	91415	75.22	77.45	79.10	72.45	75.40	77.05	75.35	76.85	78.80	74.34	76.57	78.32	0.895530550548	0.906936710711	25	25
15170	15170	91390	91390	75.12	77.50	79.00	72.53	75.45	76.92	75.33	76.70	78.67	74.33	76.55	78.20	0.894827529711	0.907528070317	25	25
15195	15195	91365	91365	75.03	77.40	78.97	72.53	75.55	76.95	75.28	76.75	78.60	74.28	76.57	78.17	0.894448852646	0.907009131312	25	25
15220	15220	91340	91340	75.05	77.42	78.90	72.42	75.45	76.78	75.25	76.83	78.50	74.24	76.57	78.06	0.894455400369	0.90842431875	25	25
15245	15245	91315	91315	74.97	77.42	78.83	72.47	75.30	76.65	75.33	76.85	78.45	74.26	76.53	77.97	0.894959008154	0.908378340957	25	25
15270	15270	91290	91290	74.88	77.50	78.85	72.38	75.33	76.62	75.20	76.92	78.28	74.15	76.58	77.92	0.894502179831	0.907291902497	25	25
15295	15295	91265	91265	74.97	77.38	78.80	72.35	75.35	76.60	75.20	76.88	78.33	74.17	76.53	77.91	0.895479391016	0.908419558396	25	25
15320	15320	91240	91240	75.03	77.38	78.88	72.42	75.30	76.53	75.22	76.88	78.12	74.22	76.52	77.84	0.896240032751	0.90918311363	25	25
15345	15345	91215	91215	74.97	77.35	78.90	72.45	75.25	76.60	75.17	76.67	78.20	74.20	76.42	77.90	0.896456522361	0.910020461647	25	25
15370	15370	91190	91190	74.90	77.28	78.90	72.45	75.25	76.70	75.15	76.72	78.20	74.17	76.42	77.93	0.896131173811	0.909836288318	25	25
15395	15395	91165	91165	74.80	77.28	78.83	72.47	75.15	76.60	75.15	76.67	78.12	74.14	76.37	77.85	0.895851079158	0.908200508693	25	25
15420	15420	91140	91140	74.97	77.38	78.83	72.60	75.20	76.58	75.28	76.65	78.12	74.28	76.41	77.84	0.898030543211	0.907603160742	25	25
15445	15445	91115	91115	74.97	77.28	78.88	72.70	75.30	76.55	75.20	76.60	78.08	74.29	76.39	77.83	0.897739877947	0.907365152321	25	25
15470	15470	91090	91090	74.95	77.35	78.88	72.70	75.35	76.65	75.20	76.58	78.08	74.28	76.42	77.87	0.898556691267	0.909224148999	25	25
15495	15495	91065	91065	75.08	77.28	78.88	72.62	75.28	76.47	75.10	76.60	78.10	74.27	76.38	77.82	0.897979566575	0.908987231302	25	25
15520	15520	91040	91040	74.95	77.38	78.67	72.75	75.35	76.58	75.15	76.60	78.10	74.28	76.44	77.78	0.89822760304	0.908822026624	25	25
15545	15545	91015	91015	74.85	77.28	78.62	72.78	75.20	76.55	75.00	76.45	78.03	74.21	76.31	77.73	0.898502337968	0.910124523503	25	25
15570	15570	90990	90990	74.92	77.17	78.55	72.78	75.25	76.55	74.97	76.47	77.97	74.22	76.30	77.69	0.898848707392	0.909418962572	25	25
15595	15595	90965	90965	74.92	77.17	78.67	72.75	75.12	76.53	74.88	76.33	78.03	74.18	76.21	77.74	0.899010826675	0.908761800987	25	25
15620	15620	90940	90940	74.90	77.22	78.58	72.80	75.12	76.35	74.90	76.25	78.05	74.20	76.20	77.66	0.897918920499	0.909826961884	25	25
15645	15645	90915	90915	74.83	77.10	78.55	72.75	74.97	76.45	74.83	76.33	77.88	74.13	76.13	77.62	0.899956047567	0.909861099029	25	25
15670	15670	90890	90890	74.80	77.08	78.47	72.58	74.85	76.45	74.88	76.28	77.95	74.08	76.07	77.62	0.90170632706	0.910935924349	25	25
15695	15695	90865	90865	74.85	76.95	78.38	72.53	74.78	76.50	74.85	76.10	77.80	74.08	75.94	77.56	0.901487722817	0.913145390382	25	25
15720	15720	90840	90840	74.95	76.85	78.38	72.53	74.70	76.40	74.85	76.12	77.60	74.11	75.89	77.46	0.901824088249	0.912560527055	25	25
15745	15745	90815	90815	74.85	76.90	78.42	72.53	74.83	76.35	74.97	76.12	77.60	74.12	75.95	77.46	0.901909163265	0.912974716481	25	25
15770	15770	90790	90790	74.88	76.80	78.30	72.53	74.72	76.38	74.90	76.10	77.62	74.10	75.88	77.43	0.902696258121	0.912760495811	25	25
15795	15795	90765	90765	74.85	76.80	78.30	72.50	74.75	76.33	74.90	76.22	77.58	74.08	75.92	77.40	0.903189654844	0.911493156926	25	25
15820	15820	90740	90740	74.78	76.60	78.15	72.50	74.65	76.30	74.85	76.17	77.58	74.04	75.81	77.34	0.902703355435	0.911288395636	25	25
15845	15845	90715	90715	74.90	76.60	78.30	72.53	74.70	76.33	74.90	76.12	77.60	74.11	75.81	77.41	0.903247648736	0.911103630112	25	25
15870	15870	90690	90690	74.92	76.60	78.40	72.67	74.72	76.15	74.90	76.12	77.50	74.17	75.82	77.35	0.902881446493	0.91108559777	25	25
15895	15895	90665	90665	75.00	76.60	78.38	72.75	74.70	76.10	74.92	76.17	77.53	74.22	75.83	77.33	0.904978322257	0.912323561886	25	25
15920	15920	90640	90640	74.85	76.58	78.38	72.70	74.67	76.00	74.80	76.12	77.47	74.12	75.79	77.28	0.903016273563	0.914569858403	25	25
15945	15945	90615	90615	74.88	76.60	78.35	72.65	74.67	75.92	74.72	76.12	77.38	74.08	75.80	77.22	0.90355624649	0.913340684073	25	25
15970	15970	90590	90590	74.83	76.45	78.20	72.55	74.67	75.85	74.62	76.25	77.42	74.00	75.79	77.16	0.904881320308	0.912566579658	25	25
15995	15995	90565	90565	74.88	76.50	78.08	72.50	74.60	75.88	74.65	76.22	77.35	74.01	75.78	77.10	0.904882536781	0.912229172348	25	25
16020	16020	90540	90540	74.67	76.50	78.15	72.35	74.67	75.97	74.60	76.10	77.35	73.88	75.76	77.16	0.90478624246	0.912895111399	25	25
16045	16045	90515	90515	74.53	76.55	78.08	72.30	74.70	75.95	74.62	76.20	77.35	73.82	75.82	77.12	0.90423545907	0.912721429609	25	25
16070	16070	90490	90490	74.47	76.50	78.03	72.38	74.58	75.88	74.55	76.03	77.22	73.80	75.70	77.04	0.90402750603	0.913160851631	25	25
16095	16095	90465	90465	74.58	76.40	78.03	72.40	74.58	75.92	74.60	76.10	77.30	73.86	75.69	77.08	0.903460172505	0.912900394456	25	25
16120	16120	90440	90440	74.55	76.40	78.05	72.30	74.58	75.80	74.42	76.15	77.22	73.76	75.71	77.03	0.903252469069	0.91301522254	25	25
16145	16145	90415	90415	74.60	76.40	78.00	72.33	74.55	75.78	74.55	76.12	77.22	73.83	75.69	77.00	0.902669756775	0.913435600539	25	25
16170	16170	90390	90390	74.53	76.38	77.95	72.35	74.55	75.78	74.53	76.12	77.17	73.80	75.68	76.97	0.902789474113	0.913504859593	25	25
16195	16195	90365	90365	74.47	76.40	77.83	72.35	74.60	75.65	74.53	76.12	77.10	73.78	75.71	76.86	0.901724898607	0.914253836848	25	25
16220	16220	90340	90340	74.35	76.40	77.88	72.40	74.62	75.62	74.42	76.00	77.12	73.72	75.67	76.88	0.901472831904	0.913791571804	25	25
16245	16245	90315	90315	74.25	76.38	77.88	72.35	74.50	75.67	74.33	76.10	77.10	73.64	75.66	76.88	0.902074363278	0.912075943756	25	25
16270	16270	90290	90290	74.15	76.38	77.97	72.35	74.70	75.62	74.33	76.12	77.00	73.61	75.73	76.87	0.90186031565	0.912840809237	25	25
16295	16295	90265	90265	74.03	76.33	77.88	72.30	74.55	75.53	74.25	76.10	76.92	73.53	75.66	76.78	0.902213461673	0.913234245634	25	25
16320	16320	90240	90240	73.95	76.28	77.62	72.28	74.50	75.50	74.20	76.00	76.92	73.47	75.59	76.68	0.902490946113	0.912916787862	25	25
16345	16345	90215	90215	73.92	76.28	77.40	72.20	74.50	75.42	74.12	76.05	76.85	73.42	75.61	76.56	0.903205544414	0.912353558446	25	25
16370	16370	90190	90190	73.65	76.17	77.30	72.17	74.50	75.30	73.95	76.05	76.85	73.26	75.58	76.48	0.902776164069	0.911084056227	25	25
16395	16395	90165	90165	73.53	76.25	77.25	72.03	74.47	75.35	74.05	76.05	76.85	73.20	75.59	76.48	0.902908273015	0.910870632444	25	25
16420	16420	90140	90140	73.60	76.25	77.17	72.00	74.38	75.25	74.08	75.97	76.83	73.22	75.53	76.42	0.903647708164	0.911292632929	25	25
16445	16445	90115	90115	73.53	76.08	77.05	72.00	74.20	75.10	73.90	75.80	76.78	73.14	75.36	76.31	0.903684159009	0.911994026398	25	25
16470	16470	90090	90090	73.45	76.05	76.95	71.78	74.25	75.05	74.05	75.78	76.72	73.09	75.36	76.24	0.905051473282	0.913039474844	25	25
16495	16495	90065	90065	73.42	75.95	76.83	71.75	74.30	75.08	73.78	75.78	76.67	72.98	75.34	76.19	0.905180635774	0.9119053959	25	25
16520	16520	90040	90040	73.30	75.92	76.95	71.75	74.15	74.95	73.78	75.62	76.72	72.94	75.23	76.21	0.90524295742	0.912248945127	25	25
16545	16545	90015	90015	73.05	75.83	76.75	71.70	74.05	74.95	73.75	75.75	76.60	72.83	75.21	76.10	0.905551895756	0.912218635564	25	25
16570	16570	89990	89990	73.05	75.72	76.67	71.78	73.97	74.90	73.80	75.67	76.60	72.88	75.12	76.06	0.905266971555	0.91186969147	25	25
16595	16595	89965	89965	73.08	75.72	76.67	71.78	73.97	74.83	73.78	75.55	76.62	72.88	75.08	76.04	0.905086794276	0.911344274294	25	25
16620	16620	89940	89940	73.15	75.65	76.62	71.70	73.95	74.80	73.85	75.62	76.53	72.90	75.08	75.98	0.905816206335	0.911805353258	25	25
16645	16645	89915	89915	73.03	75.53	76.55	71.85	73.90	74.65	73.83	75.70	76.47	72.90	75.04	75.89	0.905830148459	0.911516586577	25	25
16670	16670	89890	89890	73.08	75.45	76.55	71.83	73.97	74.47	73.83	75.62	76.33	72.91	75.02	75.78	0.905871880961	0.910243969495	25	25
16695	16695	89865	89865	73.05	75.50	76.53	71.65	73.85	74.45	73.75	75.60	76.22	72.82	74.98	75.73	0.906194597701	0.910204396553	25	25
16720	16720	89840	89840	72.97	75.45	76.35	71.55	73.85	74.30	73.78	75.47	76.25	72.77	74.92	75.63	0.906250289208	0.910694730783	25	25
16745	16745	89815	89815	72.92	75.38	76.38	71.47	73.80	74.35	73.78	75.47	76.20	72.72	74.88	75.64	0.907052583874	0.911369586808	25	25
16770	16770	89790	89790	72.97	75.42	76.25	71.45	73.72	74.33	73.58	75.35	76.30	72.67	74.83	75.62	0.907741376583	0.911001081055	25	25
16795	16795	89765	89765	72.80	75.50	76.12	71.28	73.70	74.38	73.60	75.33	76.30	72.56	74.84	75.60	0.908189601411	0.911063959075	25	25
16820	16820	89740	89740	72.90	75.47	76.10	71.30	73.62	74.38	73.67	75.25	76.20	72.62	74.78	75.56	0.909363355011	0.911184762602	25	25
16845	16845	89715	89715	72.90	75.38	76.10	71.35	73.53	74.30	73.62	75.25	76.35	72.62	74.72	75.58	0.909039067355	0.910955085544	25	25
16870	16870	89690	89690	72.92	75.38	76.05	71.33	73.50	74.33	73.55	75.25	76.28	72.60	74.71	75.55	0.908962913844	0.910833299683	25	25
16895	16895	89665	89665	72.90	75.30	76.03	71.25	73.35	74.38	73.58	75.17	76.25	72.58	74.61	75.55	0.908734122374	0.911889875492	25	25
16920	16920	89640	89640	72.90	75.15	75.97	71.22	73.40	74.20	73.58	75.00	76.20	72.57	74.52	75.46	0.908915133338	0.912020493228	25	25
16945	16945	89615	89615	72.92	75.12	75.92	71.12	73.33	74.12	73.55	75.15	76.10	72.53	74.53	75.38	0.909856043749	0.911196192354	25	25
16970	16970	89590	89590	72.85	74.97	75.85	71.00	73.33	74.10	73.53	75.22	76.12	72.46	74.51	75.36	0.908658700761	0.909911056068	25	25
16995	16995	89565	89565	72.67	75.00	75.78	71.15	73.22	73.97	73.47	75.17	76.10	72.43	74.47	75.28	0.909039690581	0.910450595436	25	25
17020	17020	89540	89540	72.58	75.00	75.78	70.92	73.22	73.92	73.45	75.20	76.05	72.32	74.47	75.25	0.908305067308	0.91023257666	25	25
17045	17045	89515	89515	72.58	74.97	75.83	71.03	73.22	73.83	73.47	75.15	76.08	72.36	74.45	75.24	0.907814100257	0.910246845244	25	25
17070	17070	89490	89490	72.45	74.95	75.78	71.00	73.10	73.72	73.45	75.03	76.03	72.30	74.36	75.17	0.90745735754	0.91019652144	25	25
17095	17095	89465	89465	72.40	74.95	75.65	70.97	72.95	73.67	73.40	75.10	75.92	72.26	74.33	75.08	0.908106742046	0.910492787537	25	25
17120	17120	89440	89440	72.28	74.80	75.55	71.08	73.00	73.80	73.47	75.08	75.92	72.28	74.29	75.09	0.907790443495	0.911176376088	25	25
17145	17145	89415	89415	72.30	74.85	75.47	71.08	72.85	73.80	73.55	75.03	75.92	72.31	74.24	75.07	0.907317146324	0.911380140155	25	25
17170	17170	89390	89390	72.28	74.67	75.40	70.97	72.72	73.65	73.53	74.97	75.88	72.26	74.12	74.97	0.908349663438	0.911945993638	25	25
17195	17195	89365	89365	72.17	74.60	75.38	70.97	72.85	73.70	73.53	74.97	75.80	72.22	74.14	74.96	0.907671773242	0.912227501734	25	25
17220	17220	89340	89340	72.03	74.38	75.20	70.80	72.67	73.65	73.45	74.92	75.78	72.09	73.99	74.88	0.908497431806	0.911956498823	25	25
17245	17245	89315	89315	72.17	74.30	75.15	70.72	72.75	73.75	73.33	74.92	75.75	72.08	73.99	74.88	0.909245646061	0.911523575021	25	25
17270	17270	89290	89290	72.12	74.20	75.15	70.88	72.67	73.75	73.38	74.80	75.70	72.12	73.89	74.87	0.909825601944	0.911499175303	25	25
17295	17295	89265	89265	72.12	74.15	75.17	70.72	72.75	73.75	73.42	74.72	75.72	72.09	73.88	74.88	0.910604794184	0.912800945	25	25
17320	17320	89240	89240	72.10	74.03	75.20	70.70	72.58	73.60	73.42	74.80	75.62	72.08	73.80	74.81	0.909324437749	0.911698581218	25	25
17345	17345	89215	89215	72.10	73.92	75.10	70.72	72.62	73.47	73.33	74.62	75.65	72.05	73.72	74.74	0.909636838081	0.911785501632	25	25
