12120	12120	94562	94562	75.05	77.75	79.85	74.55	77.65	79.25	75.30	78.53	79.88	74.97	77.97	79.66	1.59236567692	1.66721051518
12120	12120	94317	94317	75.08	77.75	79.85	74.55	77.65	79.25	75.30	78.53	79.88	74.97	77.97	79.66	1.53774349051	1.62181631926	25	25
12145	12145	94292	94292	75.53	78.00	79.72	74.12	77.50	79.28	74.58	78.70	79.75	74.74	78.07	79.58	1.37594692459	1.46217882773	25	25
12170	12170	94267	94267	74.72	77.70	79.05	74.00	77.22	78.55	74.03	78.53	79.45	74.25	77.82	79.02	1.28301617795	1.34508775901	25	25
12195	12195	94242	94242	73.90	77.58	78.20	73.60	76.78	78.20	73.67	78.08	78.83	73.72	77.47	78.41	1.20626881691	1.26958429021	25	25
12220	12220	94217	94217	73.28	76.83	77.65	73.10	76.20	77.45	72.83	77.47	77.50	73.07	76.83	77.53	1.13697060114	1.19064552447	25	25
12245	12245	94192	94192	72.88	76.05	76.95	72.75	75.80	76.72	72.08	77.25	77.00	72.57	76.37	76.89	1.08027504447	1.13813873677	25	25
12270	12270	94167	94167	72.05	75.50	76.45	72.15	75.80	76.28	71.60	77.03	76.28	71.93	76.11	76.33	1.04937584377	1.09515730501	25	25
12295	12295	94142	94142	71.65	75.15	76.00	72.10	75.40	75.95	71.45	76.55	75.95	71.73	75.70	75.97	1.01899913527	1.06181536066	25	25
12320	12320	94117	94117	71.58	75.15	75.90	72.00	75.42	75.80	71.42	76.58	75.80	71.67	75.72	75.83	0.995329048704	1.03275266372	25	25
12345	12345	94092	94092	71.55	74.90	75.70	72.00	75.33	75.67	71.42	76.35	75.65	71.66	75.53	75.67	0.983458759266	1.01123866547	25	25
12370	12370	94067	94067	71.60	74.90	75.65	71.97	75.35	75.65	71.35	76.30	75.67	71.64	75.52	75.66	0.970580150529	0.988960678863	25	25
12395	12395	94042	94042	71.67	74.88	75.85	72.10	75.35	75.67	71.42	76.30	75.67	71.73	75.51	75.73	0.962260588303	0.979370407114	25	25
12420	12420	94017	94017	71.95	74.90	76.03	72.05	75.35	75.72	71.58	76.45	75.95	71.86	75.57	75.90	0.955095294648	0.964489867498	25	25
12445	12445	93992	93992	72.28	74.97	76.20	72.15	75.33	75.88	71.58	76.35	76.00	72.00	75.55	76.03	0.945640569339	0.957870114501	25	25
12470	12470	93967	93967	72.53	75.22	76.22	72.28	75.50	76.00	71.72	76.67	76.12	72.17	75.80	76.12	0.940395143798	0.950414079315	25	25
12495	12495	93942	93942	72.70	75.30	76.45	72.42	75.55	76.20	71.92	76.70	76.30	72.35	75.85	76.32	0.933821378626	0.945684619861	25	25
12520	12520	93917	93917	72.83	75.33	76.60	72.72	75.58	76.30	71.95	76.72	76.47	72.50	75.88	76.46	0.930098614646	0.940722669722	25	25
12545	12545	93892	93892	73.20	75.42	76.72	72.83	75.72	76.38	72.28	76.75	76.70	72.77	75.97	76.60	0.920764823314	0.935963104528	25	25
12570	12570	93867	93867	73.33	75.58	76.85	72.92	75.67	76.55	72.47	76.78	76.78	72.91	76.01	76.72	0.919470387611	0.930390494379	25	25
12595	12595	93842	93842	73.55	75.65	76.95	73.15	75.90	76.75	72.78	76.72	76.95	73.16	76.09	76.88	0.915823238566	0.929945096597	25	25
12620	12620	93817	93817	73.85	75.75	77.15	73.28	75.85	76.90	72.92	76.83	77.08	73.35	76.14	77.04	0.91104458475	0.927195605529	25	25
12645	12645	93792	93792	73.85	75.92	77.28	73.38	76.20	77.22	73.10	77.22	77.40	73.44	76.45	77.30	0.905007719995	0.926335462815	25	25
12670	12670	93767	93767	73.95	76.17	77.50	73.55	76.38	77.20	73.60	77.38	77.55	73.70	76.64	77.42	0.902888305504	0.924820423396	25	25
12695	12695	93742	93742	74.12	76.45	77.75	73.42	76.40	77.40	73.60	77.58	77.75	73.72	76.81	77.63	0.899929066499	0.922236199773	25	25
12720	12720	93717	93717	74.42	76.47	77.72	73.75	76.38	77.60	73.70	77.83	77.95	73.96	76.89	77.76	0.899829085027	0.92144194258	25	25
12745	12745	93692	93692	74.53	76.65	77.95	73.80	76.45	77.60	74.03	77.75	78.25	74.12	76.95	77.93	0.899804136194	0.918734397392	25	25
12770	12770	93667	93667	74.65	76.55	78.00	73.95	76.40	77.58	74.15	77.75	78.30	74.25	76.90	77.96	0.898273512932	0.916307497237	25	25
12795	12795	93642	93642	74.88	76.50	78.12	73.97	76.42	77.58	74.42	77.60	78.50	74.42	76.84	78.07	0.896768367861	0.915062118214	25	25
12820	12820	93617	93617	75.10	76.67	78.08	74.15	76.28	77.78	74.33	77.78	78.58	74.53	76.91	78.14	0.898849364695	0.9121888289	25	25
12845	12845	93592	93592	75.12	76.75	78.30	74.03	76.55	77.88	74.62	78.00	78.83	74.59	77.10	78.33	0.894171533281	0.910126766514	25	25
12870	12870	93567	93567	75.08	76.90	78.47	74.15	76.60	77.92	74.67	77.97	78.85	74.63	77.16	78.42	0.893143054161	0.910295294122	25	25
12895	12895	93542	93542	75.17	77.25	78.62	74.12	76.62	77.97	74.75	78.03	78.92	74.68	77.30	78.51	0.892485622204	0.910696903623	25	25
12920	12920	93517	93517	75.10	77.22	78.62	74.28	76.95	78.10	74.75	77.95	78.78	74.71	77.38	78.50	0.891417626348	0.907768486401	25	25
12945	12945	93492	93492	75.25	77.08	78.80	74.28	76.80	78.05	74.78	77.95	79.03	74.77	77.28	78.62	0.890380009902	0.90683145476	25	25
12970	12970	93467	93467	75.28	77.28	78.95	74.20	76.78	78.30	75.00	78.00	79.15	74.83	77.35	78.80	0.891325383487	0.905347702812	25	25
12995	12995	93442	93442	75.25	77.42	79.25	74.20	76.70	78.25	75.00	78.10	79.28	74.82	77.41	78.92	0.89041019033	0.903735965836	25	25
13020	13020	93417	93417	75.28	77.50	79.42	74.15	76.83	78.30	75.17	78.05	79.25	74.87	77.46	78.99	0.892706800555	0.901444667439	25	25
13045	13045	93392	93392	75.22	77.60	79.42	74.12	76.95	78.55	75.08	78.20	79.40	74.81	77.58	79.12	0.889270124213	0.897460774409	25	25
13070	13070	93367	93367	75.35	77.65	79.58	74.17	77.12	78.67	75.22	78.38	79.53	74.92	77.72	79.26	0.890361099099	0.900135382364	25	25
13095	13095	93342	93342	75.42	77.97	79.70	74.20	77.28	78.72	75.12	78.50	79.60	74.92	77.92	79.34	0.887860845947	0.903013316521	25	25
13120	13120	93317	93317	75.55	77.92	79.83	74.30	77.08	78.75	75.22	78.47	79.67	75.03	77.83	79.42	0.885473572221	0.901080703842	25	25
13145	13145	93292	93292	75.65	78.10	79.92	74.38	77.20	78.70	75.35	78.53	79.95	75.12	77.94	79.53	0.887129103089	0.900203857877	25	25
13170	13170	93267	93267	75.60	78.22	80.08	74.45	77.20	78.67	75.60	78.53	79.90	75.22	77.98	79.55	0.888031517881	0.902348158721	25	25
13195	13195	93242	93242	75.65	78.28	80.22	74.47	77.20	78.85	75.55	78.45	80.03	75.22	77.97	79.70	0.890496179699	0.901880184406	25	25
13220	13220	93217	93217	75.78	78.00	80.15	74.62	77.15	78.92	75.53	78.53	80.10	75.31	77.89	79.72	0.889210132061	0.902360903876	25	25
13245	13245	93192	93192	75.75	78.25	80.25	74.58	77.33	78.97	75.42	78.62	80.05	75.25	78.07	79.76	0.887104775382	0.901049419674	25	25
13270	13270	93167	93167	75.92	78.17	80.25	74.67	77.33	79.03	75.47	78.58	80.12	75.36	78.03	79.80	0.887600297032	0.901921559002	25	25
13295	13295	93142	93142	75.75	78.30	80.25	74.75	77.60	79.08	75.58	78.58	80.05	75.36	78.16	79.79	0.886778813938	0.899858459425	25	25
13320	13320	93117	93117	75.72	78.35	80.50	74.58	77.33	79.17	75.67	78.65	80.05	75.33	78.11	79.91	0.887380923227	0.900467403711	25	25
13345	13345	93092	93092	75.67	78.47	80.30	74.70	77.38	79.20	75.65	78.85	80.05	75.34	78.23	79.85	0.890056159443	0.900411297954	25	25
13370	13370	93067	93067	75.75	78.50	80.40	74.75	77.35	79.28	75.75	78.70	80.08	75.42	78.18	79.92	0.893394716789	0.90272977996	25	25
13395	13395	93042	93042	75.80	78.47	80.45	74.62	77.45	79.30	75.67	78.83	80.00	75.37	78.25	79.92	0.894010665805	0.900196359839	25	25
13420	13420	93017	93017	75.90	78.47	80.47	74.70	77.60	79.38	75.78	78.92	80.03	75.46	78.33	79.96	0.892418254065	0.901255957272	25	25
13445	13445	92992	92992	75.92	78.50	80.45	74.75	77.50	79.53	75.60	79.10	80.28	75.42	78.37	80.08	0.891982542559	0.903422889162	25	25
13470	13470	92967	92967	76.10	78.53	80.30	74.80	77.50	79.53	75.67	79.00	80.08	75.53	78.34	79.97	0.89080654466	0.902534445878	25	25
13495	13495	92942	92942	76.08	78.47	80.45	74.85	77.58	79.55	75.83	78.97	80.05	75.58	78.34	80.02	0.892328035939	0.905558271114	25	25
13520	13520	92917	92917	76.12	78.72	80.50	74.92	77.58	79.38	75.95	78.95	80.25	75.67	78.42	80.04	0.894080697699	0.9031034702	25	25
13545	13545	92892	92892	76.25	78.72	80.50	74.95	77.53	79.35	75.95	79.00	80.40	75.72	78.42	80.08	0.893089676791	0.902998758703	25	25
13570	13570	92867	92867	76.40	78.85	80.47	74.88	77.50	79.38	75.90	78.88	80.45	75.72	78.41	80.10	0.892100716662	0.903058047201	25	25
13595	13595	92842	92842	76.45	78.90	80.62	74.97	77.38	79.30	75.97	78.90	80.38	75.80	78.39	80.10	0.891725813624	0.902490586154	25	25
13620	13620	92817	92817	76.47	78.88	80.70	74.85	77.55	79.30	76.03	78.95	80.53	75.78	78.46	80.17	0.891029685686	0.90182232451	25	25
13645	13645	92792	92792	76.53	78.95	80.65	74.88	77.33	79.25	76.03	78.97	80.62	75.81	78.42	80.17	0.893894483993	0.904212246637	25	25
13670	13670	92767	92767	76.58	78.97	80.58	74.80	77.42	79.17	76.30	78.90	80.53	75.89	78.43	80.09	0.892806699976	0.905931874249	25	25
13695	13695	92742	92742	76.53	78.95	80.38	74.95	77.38	79.10	76.40	78.75	80.55	75.96	78.36	80.01	0.89370958206	0.906803211696	25	25
13720	13720	92717	92717	76.40	79.00	80.47	74.90	77.50	79.33	76.38	78.80	80.55	75.89	78.43	80.12	0.895087899098	0.903686854288	25	25
13745	13745	92692	92692	76.42	79.12	80.58	74.90	77.60	79.28	76.30	78.80	80.60	75.88	78.51	80.15	0.893278147536	0.905326907059	25	25
13770	13770	92667	92667	76.40	79.10	80.60	74.75	77.60	79.30	76.28	78.83	80.65	75.81	78.51	80.18	0.895225487721	0.905577440685	25	25
13795	13795	92642	92642	76.45	79.35	80.53	74.62	77.70	79.42	76.35	78.90	80.53	75.81	78.65	80.16	0.893753064342	0.907880182809	25	25
13820	13820	92617	92617	76.40	79.38	80.50	74.65	77.67	79.35	76.30	78.97	80.62	75.78	78.67	80.16	0.893879065051	0.905190113029	25	25
13845	13845	92592	92592	76.45	79.45	80.62	74.62	77.72	79.17	76.40	79.03	80.70	75.83	78.73	80.17	0.894394236597	0.904786040837	25	25
13870	13870	92567	92567	76.45	79.38	80.67	74.53	77.65	79.28	76.47	78.95	80.72	75.82	78.66	80.22	0.894889337108	0.906656675651	25	25
13895	13895	92542	92542	76.30	79.17	80.62	74.50	77.72	79.22	76.35	79.03	80.67	75.72	78.64	80.17	0.896574983894	0.906359851772	25	25
13920	13920	92517	92517	76.25	79.28	80.65	74.42	77.78	79.22	76.40	79.15	80.58	75.69	78.73	80.15	0.894423139947	0.905790391583	25	25
13945	13945	92492	92492	76.15	79.28	80.70	74.47	77.80	79.28	76.38	79.15	80.65	75.67	78.74	80.21	0.894787377755	0.905885978794	25	25
13970	13970	92467	92467	76.17	79.15	80.88	74.45	77.78	79.28	76.30	79.05	80.58	75.64	78.66	80.24	0.895244061208	0.904412470251	25	25
13995	13995	92442	92442	76.03	79.05	80.85	74.50	77.55	79.05	76.35	79.10	80.55	75.62	78.57	80.15	0.897885596546	0.904418330359	25	25
14020	14020	92417	92417	75.95	79.08	80.88	74.42	77.55	79.08	76.25	79.03	80.62	75.54	78.55	80.19	0.897560173474	0.904003587399	25	25
14045	14045	92392	92392	76.08	78.92	80.80	74.55	77.38	78.92	76.30	78.97	80.53	75.64	78.42	80.08	0.897495981284	0.903112583003	25	25
14070	14070	92367	92367	75.92	78.85	80.75	74.62	77.42	78.90	76.33	78.92	80.60	75.62	78.40	80.08	0.898930996065	0.902831649384	25	25
14095	14095	92342	92342	75.92	78.83	80.92	74.50	77.50	78.92	76.38	79.03	80.72	75.60	78.45	80.19	0.898654023637	0.902872410133	25	25
14120	14120	92317	92317	75.95	78.95	80.88	74.55	77.47	78.75	76.28	79.00	80.72	75.59	78.47	80.12	0.900154653259	0.903130409027	25	25
14145	14145	92292	92292	75.97	78.90	80.88	74.45	77.50	78.53	76.30	79.03	80.70	75.58	78.47	80.03	0.898817713051	0.902325955653	25	25
14170	14170	92267	92267	75.92	78.90	80.75	74.35	77.42	78.67	76.30	78.90	80.80	75.53	78.41	80.08	0.897334545533	0.900596747193	25	25
14195	14195	92242	92242	75.90	78.72	80.78	74.40	77.40	78.60	76.22	79.00	80.80	75.51	78.38	80.06	0.897165182645	0.898269441735	25	25
14220	14220	92217	92217	75.92	78.67	80.70	74.25	77.40	78.65	76.20	78.90	80.67	75.46	78.33	80.01	0.897546759414	0.897779138693	25	25
14245	14245	92192	92192	75.85	78.62	80.58	74.12	77.50	78.62	76.10	78.80	80.55	75.36	78.31	79.92	0.896530266118	0.90107449039	25	25
14270	14270	92167	92167	75.90	78.60	80.75	74.35	77.35	78.60	76.15	78.88	80.53	75.47	78.28	79.96	0.896554709493	0.902520081079	25	25
14295	14295	92142	92142	75.92	78.55	80.53	74.35	77.33	78.55	76.05	78.85	80.47	75.44	78.24	79.85	0.897219447642	0.899676157547	25	25
14320	14320	92117	92117	75.85	78.62	80.62	74.28	77.22	78.60	75.97	78.90	80.47	75.37	78.25	79.90	0.899006282328	0.901730373408	25	25
14345	14345	92092	92092	75.80	78.55	80.78	74.20	77.20	78.50	75.97	78.85	80.53	75.33	78.20	79.93	0.8966099958	0.901272572006	25	25
14370	14370	92067	92067	75.75	78.55	80.78	74.20	77.22	78.42	76.00	78.83	80.47	75.32	78.20	79.89	0.896520535189	0.903766756196	25	25
14395	14395	92042	92042	75.75	78.50	80.60	74.12	77.28	78.28	75.92	78.75	80.55	75.27	78.17	79.81	0.897249123213	0.904980370561	25	25
14420	14420	92017	92017	75.65	78.40	80.55	74.03	77.50	78.12	75.70	78.65	80.58	75.12	78.18	79.75	0.898841928733	0.905321088747	25	25
14445	14445	91992	91992	75.60	78.38	80.38	74.00	77.33	78.12	75.83	78.55	80.42	75.14	78.08	79.64	0.898000810111	0.903716979035	25	25
14470	14470	91967	91967	75.60	78.28	80.30	73.95	77.45	78.10	75.85	78.55	80.33	75.13	78.09	79.58	0.897626010653	0.903407860668	25	25
14495	14495	91942	91942	75.75	78.17	80.33	73.90	77.42	77.95	75.88	78.62	80.22	75.17	78.08	79.50	0.897920310999	0.904174527719	25	25
14520	14520	91917	91917	75.72	78.17	80.25	73.85	77.33	78.05	75.80	78.62	80.20	75.12	78.04	79.50	0.897067072845	0.904215190968	25	25
14545	14545	91892	91892	75.90	78.17	80.25	73.72	77.20	78.12	75.80	78.70	80.10	75.14	78.03	79.49	0.8988090654	0.905981714498	25	25
14570	14570	91867	91867	75.78	78.22	80.20	73.88	77.15	78.03	75.83	78.70	80.10	75.16	78.03	79.44	0.897325036778	0.906490014724	25	25
14595	14595	91842	91842	75.70	78.35	80.15	73.95	77.22	78.05	75.92	78.72	80.10	75.19	78.10	79.43	0.895975865141	0.906692074651	25	25
14620	14620	91817	91817	75.58	78.45	79.97	73.83	77.22	78.00	75.88	78.83	80.08	75.09	78.17	79.35	0.89638857681	0.906869841144	25	25
14645	14645	91792	91792	75.45	78.38	80.03	73.85	77.15	77.90	75.88	78.70	79.95	75.06	78.08	79.29	0.895819946762	0.905882735733	25	25
14670	14670	91767	91767	75.47	78.38	80.00	73.65	77.28	78.00	76.00	78.67	79.88	75.04	78.11	79.29	0.896502251259	0.903564110676	25	25
14695	14695	91742	91742	75.45	78.25	80.03	73.72	77.15	77.92	76.03	78.62	79.78	75.07	78.01	79.24	0.896962410326	0.902858883407	25	25
14720	14720	91717	91717	75.33	78.22	79.80	73.60	77.08	77.88	76.08	78.65	79.78	75.00	77.98	79.15	0.89794594693	0.905332483398	25	25
14745	14745	91692	91692	75.42	78.12	79.78	73.53	77.17	77.90	76.00	78.45	79.75	74.98	77.92	79.14	0.897900362351	0.903405872377	25	25
14770	14770	91667	91667	75.35	78.20	79.88	73.55	77.20	77.72	75.90	78.28	79.65	74.93	77.89	79.08	0.896117608651	0.904105153986	25	25
14795	14795	91642	91642	75.42	78.05	79.80	73.53	77.15	77.80	75.97	78.20	79.58	74.97	77.80	79.06	0.895617843728	0.904990041891	25	25
14820	14820	91617	91617	75.38	77.90	79.65	73.62	77.15	77.75	75.97	78.15	79.53	74.99	77.73	78.97	0.897105863764	0.903301686709	25	25
14845	14845	91592	91592	75.40	77.80	79.60	73.58	77.05	77.65	75.97	78.22	79.50	74.98	77.69	78.92	0.895408402723	0.904306385313	25	25
14870	14870	91567	91567	75.42	77.92	79.42	73.60	77.08	77.55	75.85	78.08	79.53	74.96	77.69	78.83	0.895045131288	0.903952574131	25	25
14895	14895	91542	91542	75.42	77.85	79.33	73.58	77.10	77.50	75.83	78.12	79.55	74.94	77.69	78.79	0.895012304725	0.903557041043	25	25
14920	14920	91517	91517	75.38	77.90	79.42	73.70	77.00	77.45	75.85	78.12	79.65	74.97	77.67	78.84	0.896363572654	0.903172807716	25	25
14945	14945	91492	91492	75.33	77.85	79.40	73.70	76.78	77.40	75.97	78.03	79.60	75.00	77.55	78.80	0.896841239211	0.904019135485	25	25
14970	14970	91467	91467	75.28	77.80	79.35	73.62	76.65	77.38	76.00	77.97	79.60	74.97	77.47	78.78	0.898468198293	0.903895382024	25	25
14995	14995	91442	91442	75.45	77.75	79.25	73.62	76.65	77.42	75.97	77.85	79.60	75.02	77.42	78.76	0.900262151138	0.904378485912	25	25
15020	15020	91417	91417	75.60	77.67	79.20	73.62	76.50	77.40	76.00	77.70	79.62	75.08	77.29	78.74	0.900435160213	0.905953721734	25	25
15045	15045	91392	91392	75.47	77.58	79.05	73.67	76.40	77.33	75.97	77.72	79.60	75.04	77.23	78.66	0.900334561425	0.903667378524	25	25
15070	15070	91367	91367	75.60	77.58	78.97	73.72	76.38	77.30	75.90	77.72	79.53	75.08	77.22	78.60	0.899391323709	0.903571988363	25	25
15095	15095	91342	91342	75.55	77.58	79.05	73.72	76.40	77.25	75.90	77.70	79.42	75.06	77.22	78.58	0.898174401538	0.904016821261	25	25
15120	15120	91317	91317	75.53	77.55	79.08	73.75	76.20	77.25	75.97	77.72	79.47	75.08	77.16	78.60	0.898138513903	0.90384633024	25	25
15145	15145	91292	91292	75.53	77.47	78.90	73.75	76.12	77.12	76.00	77.72	79.33	75.09	77.11	78.45	0.8982943337	0.904351776862	25	25
15170	15170	91267	91267	75.50	77.53	78.83	73.72	75.92	77.25	75.85	77.72	79.35	75.03	77.06	78.47	0.8979021205	0.904285151964	25	25
15195	15195	91242	91242	75.42	77.35	78.85	73.70	75.88	77.25	75.92	77.70	79.33	75.02	76.97	78.47	0.896111527755	0.90413917801	25	25
15220	15220	91217	91217	75.40	77.42	78.83	73.47	75.92	77.17	75.72	77.58	79.20	74.87	76.97	78.40	0.896641046326	0.904058065602	25	25
15245	15245	91192	91192	75.35	77.50	78.83	73.47	75.97	77.25	75.78	77.47	79.05	74.87	76.98	78.38	0.89810717352	0.905868385854	25	25
15270	15270	91167	91167	75.30	77.58	78.80	73.58	76.03	77.22	75.72	77.58	79.05	74.87	77.06	78.36	0.897853955344	0.906344713506	25	25
15295	15295	91142	91142	75.30	77.45	78.80	73.60	76.05	77.22	75.65	77.47	79.00	74.85	76.99	78.34	0.896594394131	0.90656091438	25	25
15320	15320	91117	91117	75.15	77.33	78.88	73.55	76.00	77.15	75.72	77.47	78.97	74.81	76.93	78.33	0.897123569702	0.905447221046	25	25
15345	15345	91092	91092	75.08	77.20	78.65	73.55	76.05	77.05	75.58	77.30	79.00	74.73	76.85	78.23	0.897399873732	0.906648475819	25	25
15370	15370	91067	91067	75.15	77.15	78.60	73.55	75.95	77.03	75.62	77.35	78.92	74.78	76.82	78.18	0.898382608658	0.906681766312	25	25
15395	15395	91042	91042	75.12	77.03	78.42	73.33	75.85	76.95	75.40	77.35	78.92	74.62	76.74	78.10	0.89920582768	0.907429753846	25	25
15420	15420	91017	91017	75.03	77.10	78.45	73.22	75.75	76.95	75.40	77.20	78.75	74.55	76.68	78.05	0.899537772374	0.90962634852	25	25
15445	15445	90992	90992	74.85	77.15	78.30	73.10	75.75	76.85	75.40	77.22	78.80	74.45	76.71	77.98	0.899694570656	0.908909542873	25	25
15470	15470	90967	90967	74.83	76.97	78.33	73.08	75.62	76.85	75.25	77.12	78.65	74.38	76.58	77.94	0.901261458326	0.909473110532	25	25
15495	15495	90942	90942	74.90	76.88	78.40	72.97	75.58	76.72	75.17	77.05	78.55	74.35	76.50	77.89	0.899431102104	0.909468408581	25	25
15520	15520	90917	90917	74.88	76.90	78.40	72.95	75.53	76.67	75.22	77.00	78.45	74.35	76.47	77.84	0.8993579518	0.908384985477	25	25
15545	15545	90892	90892	74.90	76.85	78.35	72.92	75.40	76.62	75.08	77.00	78.50	74.30	76.42	77.83	0.899500034823	0.907508183987	25	25
15570	15570	90867	90867	74.90	76.80	78.35	73.00	75.55	76.65	74.92	76.92	78.60	74.28	76.42	77.87	0.900219309173	0.906808707195	25	25
15595	15595	90842	90842	74.92	76.88	78.22	72.97	75.53	76.55	74.95	76.90	78.62	74.28	76.43	77.80	0.900610307762	0.906235472154	25	25
15620	15620	90817	90817	74.92	76.78	78.17	72.97	75.42	76.45	75.00	77.00	78.65	74.30	76.40	77.76	0.900455924922	0.906051724777	25	25
15645	15645	90792	90792	74.92	76.83	78.25	72.97	75.33	76.35	74.97	76.83	78.58	74.29	76.33	77.72	0.900395339751	0.907391093666	25	25
15670	15670	90767	90767	74.62	76.67	78.22	72.95	75.28	76.35	74.88	76.72	78.53	74.15	76.22	77.70	0.900263175855	0.908189691283	25	25
15695	15695	90742	90742	74.70	76.75	78.15	73.05	75.25	76.30	74.80	76.80	78.42	74.18	76.27	77.62	0.900683483216	0.907445485496	25	25
15720	15720	90717	90717	74.62	76.80	78.12	73.12	75.15	76.20	74.83	76.80	78.35	74.19	76.25	77.56	0.900844118104	0.907742215484	25	25
15745	15745	90692	90692	74.62	76.75	78.15	73.03	75.20	76.12	74.58	76.78	78.33	74.08	76.24	77.53	0.901525901531	0.907354721769	25	25
15770	15770	90667	90667	74.72	76.80	78.03	72.90	75.22	76.28	74.65	76.75	78.20	74.09	76.26	77.50	0.900973533084	0.906066672428	25	25
15795	15795	90642	90642	74.58	76.70	77.95	73.08	75.05	76.30	74.72	76.70	78.20	74.12	76.15	77.48	0.900433871559	0.907097411369	25	25
15820	15820	90617	90617	74.55	76.78	77.92	73.05	75.10	76.25	74.70	76.55	78.20	74.10	76.14	77.46	0.900541859784	0.906980630933	25	25
15845	15845	90592	90592	74.50	76.72	77.85	73.00	75.10	76.25	74.75	76.50	78.15	74.08	76.11	77.42	0.901533080446	0.908388530904	25	25
15870	15870	90567	90567	74.35	76.55	77.80	73.00	75.10	76.22	74.72	76.50	78.15	74.03	76.05	77.39	0.901265879779	0.909065465263	25	25
15895	15895	90542	90542	74.30	76.60	77.72	72.88	75.05	76.15	74.60	76.47	78.00	73.92	76.04	77.29	0.901182870501	0.909590298935	25	25
15920	15920	90517	90517	74.17	76.50	77.67	72.92	75.05	76.05	74.60	76.50	77.92	73.90	76.02	77.22	0.901659950025	0.909281945336	25	25
15945	15945	90492	90492	74.08	76.42	77.65	72.85	74.92	76.00	74.58	76.45	77.80	73.83	75.93	77.15	0.902325000937	0.909446881687	25	25
15970	15970	90467	90467	74.12	76.30	77.67	72.70	74.83	75.95	74.62	76.38	77.78	73.82	75.83	77.13	0.901780907553	0.909564921399	25	25
15995	15995	90442	90442	73.92	76.33	77.70	72.70	74.85	76.08	74.60	76.28	77.60	73.74	75.82	77.12	0.902911206987	0.908424109526	25	25
16020	16020	90417	90417	73.92	76.33	77.62	72.53	74.88	76.00	74.60	76.25	77.58	73.68	75.82	77.07	0.903535318718	0.908162767596	25	25
16045	16045	90392	90392	73.75	76.40	77.55	72.47	74.78	75.97	74.60	76.12	77.53	73.61	75.77	77.02	0.90339820139	0.907639687088	25	25
16070	16070	90367	90367	73.70	76.30	77.55	72.38	74.78	75.95	74.47	76.15	77.47	73.52	75.74	76.99	0.904803196611	0.908000589179	25	25
16095	16095	90342	90342	73.80	76.30	77.53	72.40	74.62	75.85	74.60	76.08	77.45	73.60	75.67	76.94	0.904507729205	0.908674092971	25	25
16120	16120	90317	90317	73.90	76.38	77.50	72.35	74.67	75.78	74.55	76.00	77.42	73.60	75.68	76.90	0.904351959455	0.908947170264	25	25
16145	16145	90292	90292	73.80	76.30	77.42	72.38	74.60	75.83	74.47	75.92	77.38	73.55	75.61	76.88	0.903958711375	0.909060874504	25	25
16170	16170	90267	90267	73.80	76.22	77.42	72.42	74.58	75.83	74.42	75.92	77.42	73.55	75.58	76.89	0.904300140357	0.909446131383	25	25
16195	16195	90242	90242	73.67	76.25	77.33	72.40	74.60	75.83	74.40	75.95	77.25	73.49	75.60	76.80	0.905109807911	0.910198219187	25	25
16220	16220	90217	90217	73.60	76.28	77.35	72.38	74.72	75.80	74.22	75.97	77.28	73.40	75.66	76.81	0.904017990355	0.910608388992	25	25
16245	16245	90192	90192	73.60	76.25	77.42	72.35	74.72	75.72	74.17	75.95	77.38	73.38	75.64	76.84	0.903261058618	0.910383754597	25	25
16270	16270	90167	90167	73.47	76.25	77.35	72.28	74.53	75.60	74.15	75.95	77.35	73.30	75.58	76.77	0.902988832952	0.910562965871	25	25
16295	16295	90142	90142	73.50	76.20	77.35	72.30	74.50	75.60	74.15	76.03	77.38	73.32	75.58	76.78	0.902617981	0.910463957179	25	25
16320	16320	90117	90117	73.42	76.12	77.40	72.25	74.53	75.60	74.08	75.97	77.35	73.25	75.54	76.78	0.902624049809	0.910972347007	25	25
16345	16345	90092	90092	73.47	76.08	77.33	72.25	74.53	75.55	74.03	76.03	77.40	73.25	75.54	76.76	0.90255380175	0.911395556534	25	25
16370	16370	90067	90067	73.28	76.12	77.25	72.20	74.45	75.50	74.10	76.08	77.35	73.19	75.55	76.70	0.903002473933	0.909936055541	25	25
16395	16395	90042	90042	73.35	76.12	77.17	72.10	74.35	75.45	73.97	75.85	77.35	73.14	75.44	76.66	0.903891620277	0.909295539874	25	25
16420	16420	90017	90017	73.30	76.12	77.30	72.00	74.20	75.42	74.10	75.80	77.30	73.13	75.38	76.67	0.904613278466	0.910527825492	25	25
16445	16445	89992	89992	73.28	76.08	77.20	71.92	74.17	75.33	74.10	75.72	77.20	73.10	75.33	76.58	0.903592979232	0.910711812917	25	25
16470	16470	89967	89967	73.17	76.00	77.12	71.80	74.15	75.25	74.00	75.67	77.15	72.99	75.28	76.51	0.902813228682	0.910043197826	25	25
16495	16495	89942	89942	73.12	75.97	77.05	71.88	74.10	75.25	74.00	75.65	77.12	73.00	75.24	76.47	0.903037000044	0.910539784081	25	25
16520	16520	89917	89917	73.15	75.85	77.03	71.83	74.03	75.17	74.00	75.53	77.15	72.99	75.13	76.45	0.902797884198	0.910043480814	25	25
16545	16545	89892	89892	73.08	75.97	77.00	71.78	73.95	75.12	73.97	75.50	77.08	72.94	75.14	76.40	0.902803501652	0.910730802565	25	25
16570	16570	89867	89867	73.00	75.90	76.90	71.83	73.88	75.12	73.97	75.50	77.03	72.93	75.09	76.35	0.902789472727	0.912229561393	25	25
16595	16595	89842	89842	73.03	75.88	76.72	71.75	73.83	75.15	73.95	75.47	76.88	72.91	75.06	76.25	0.902217535199	0.911148268609	25	25
16620	16620	89817	89817	73.12	75.80	76.67	71.80	73.67	75.10	73.95	75.30	76.88	72.96	74.92	76.22	0.902994153001	0.910948231235	25	25
16645	16645	89792	89792	73.15	75.72	76.65	71.80	73.75	75.05	73.78	75.28	76.90	72.91	74.92	76.20	0.902796619514	0.911565810691	25	25
16670	16670	89767	89767	73.17	75.72	76.70	71.92	73.75	75.03	73.80	75.35	76.85	72.97	74.94	76.19	0.903088036469	0.911777581534	25	25
16695	16695	89742	89742	73.05	75.58	76.60	71.83	73.72	74.95	73.78	75.28	76.85	72.88	74.86	76.13	0.902078852393	0.911162428017	25	25
16720	16720	89717	89717	73.08	75.60	76.55	71.92	73.75	74.90	73.72	75.28	76.92	72.91	74.88	76.12	0.901575868715	0.911004796015	25	25
16745	16745	89692	89692	73.03	75.55	76.50	71.85	73.80	74.85	73.60	75.25	76.95	72.83	74.87	76.10	0.901200845997	0.910979708653	25	25
16770	16770	89667	89667	73.00	75.67	76.55	71.85	73.78	74.97	73.70	75.20	76.80	72.85	74.88	76.11	0.902771897758	0.911831592147	25	25
16795	16795	89642	89642	72.90	75.67	76.47	71.78	73.78	74.90	73.83	75.22	76.78	72.83	74.89	76.05	0.902443124488	0.912353499239	25	25
