12120	12120	94562	94562	75.05	77.75	79.85	74.58	77.65	79.25	75.30	78.53	79.90	74.97	77.97	79.67	3.75878754087	3.97241890096
12120	12120	94562	94562	75.05	77.75	79.85	74.58	77.65	79.25	75.28	78.53	79.88	74.97	77.97	79.66	2.29935342703	2.42895697831	25	25
12145	12145	94537	94537	75.15	78.00	79.70	74.03	77.28	79.30	74.47	78.85	79.40	74.55	78.04	79.47	1.72526274174	1.71775300247	25	25
12170	12170	94512	94512	74.12	77.50	79.17	73.47	77.40	78.75	73.90	78.45	79.20	73.83	77.78	79.04	1.464440856	1.4695614932	25	25
12195	12195	94487	94487	73.05	77.90	78.53	73.00	77.03	77.62	73.12	77.62	78.28	73.06	77.52	78.14	1.29096688318	1.34142533384	25	25
12220	12220	94462	94462	72.65	77.25	77.47	72.40	76.55	76.90	72.42	77.20	77.17	72.49	77.00	77.18	1.2097373463	1.24330181543	25	25
12245	12245	94437	94437	71.88	76.60	76.65	71.97	75.90	75.90	71.35	76.53	76.10	71.73	76.34	76.22	1.12473656923	1.17788121705	25	25
12270	12270	94412	94412	71.45	75.35	75.70	71.50	75.55	75.10	71.10	76.33	75.28	71.35	75.74	75.36	1.06401161975	1.12430767737	25	25
12295	12295	94387	94387	70.60	75.00	74.97	71.03	75.03	74.88	70.70	75.83	74.67	70.78	75.28	74.84	1.02550947534	1.07579320761	25	25
12320	12320	94362	94362	70.40	74.55	74.75	70.85	74.85	74.53	70.70	75.62	74.42	70.65	75.01	74.57	0.993847701897	1.03949426983	25	25
12345	12345	94337	94337	70.30	74.53	74.65	70.83	74.83	74.25	70.62	75.53	74.30	70.58	74.96	74.40	0.970146261468	1.01435555639	25	25
12370	12370	94312	94312	70.40	74.53	74.65	70.90	74.90	74.22	70.70	75.55	74.33	70.67	74.99	74.40	0.954995513635	0.989215746943	25	25
12395	12395	94287	94287	70.90	74.55	74.83	71.12	74.83	74.47	70.85	75.58	74.42	70.96	74.98	74.58	0.947407606136	0.966130551602	25	25
12420	12420	94262	94262	71.10	74.72	74.92	71.33	74.88	74.60	70.90	75.60	74.60	71.11	75.07	74.71	0.937784557632	0.950617524997	25	25
12445	12445	94237	94237	71.33	74.83	75.12	71.38	74.85	74.80	71.00	75.75	74.65	71.23	75.14	74.86	0.932661168241	0.942119593676	25	25
12470	12470	94212	94212	71.78	75.00	75.22	71.55	74.83	74.95	71.15	75.72	74.92	71.49	75.18	75.03	0.925368169282	0.933142239783	25	25
12495	12495	94187	94187	71.80	75.38	75.62	71.78	74.97	75.17	71.40	76.00	75.30	71.66	75.45	75.37	0.91690254363	0.930924479835	25	25
12520	12520	94162	94162	72.17	75.75	75.97	71.95	75.12	75.17	71.55	76.15	75.47	71.89	75.67	75.54	0.914835282101	0.925327096608	25	25
12545	12545	94137	94137	72.65	76.00	76.28	72.15	75.35	75.42	71.83	76.17	75.67	72.21	75.84	75.79	0.910220652324	0.923754714542	25	25
12570	12570	94112	94112	73.00	76.03	76.35	72.60	75.38	75.65	72.30	76.20	76.05	72.63	75.87	76.02	0.909538975409	0.924490269271	25	25
12595	12595	94087	94087	73.40	76.10	76.67	72.40	75.45	75.88	72.30	76.28	76.15	72.70	75.94	76.23	0.912677976788	0.920723278529	25	25
12620	12620	94062	94062	73.45	76.15	76.80	72.40	75.60	76.12	72.58	76.28	76.20	72.81	76.01	76.38	0.90808915431	0.921946429957	25	25
12645	12645	94037	94037	73.67	76.30	77.17	72.45	75.70	76.53	72.72	76.40	76.47	72.95	76.13	76.72	0.903814795483	0.918439350834	25	25
12670	12670	94012	94012	73.78	76.45	77.53	72.78	75.92	76.55	73.05	76.53	76.78	73.20	76.30	76.95	0.901379179214	0.913430105492	25	25
12695	12695	93987	93987	73.85	76.83	77.62	73.17	75.92	76.72	73.25	76.53	76.92	73.42	76.42	77.09	0.897427544186	0.910674483556	25	25
12720	12720	93962	93962	74.05	76.92	77.78	73.33	76.15	76.72	73.55	76.80	77.12	73.64	76.62	77.21	0.895373068386	0.910529193772	25	25
12745	12745	93937	93937	73.97	77.08	78.03	73.12	76.35	77.05	73.58	77.10	77.50	73.56	76.84	77.53	0.889246784155	0.911178889183	25	25
12770	12770	93912	93912	74.22	77.08	78.33	73.45	76.40	77.28	73.70	77.17	77.53	73.79	76.88	77.71	0.888363561563	0.906419055391	25	25
12795	12795	93887	93887	74.25	77.20	78.38	73.78	76.50	77.30	73.80	77.47	77.72	73.94	77.06	77.80	0.888746897126	0.906246481475	25	25
12820	12820	93862	93862	74.53	77.33	78.53	73.78	76.47	77.47	74.03	77.58	77.85	74.11	77.12	77.95	0.887070230853	0.903525195343	25	25
12845	12845	93837	93837	74.62	77.50	78.47	73.88	76.58	77.53	74.10	77.62	78.03	74.20	77.23	78.01	0.882805871499	0.903232313211	25	25
12870	12870	93812	93812	74.75	77.50	78.60	73.88	76.58	77.78	74.15	77.47	78.25	74.26	77.18	78.21	0.881735272433	0.899235271876	25	25
12895	12895	93787	93787	74.92	77.67	78.80	73.65	76.75	77.85	74.20	77.58	78.33	74.26	77.33	78.33	0.881679383777	0.898225360134	25	25
12920	12920	93762	93762	75.03	77.70	79.00	73.70	76.95	77.70	74.08	77.50	78.72	74.27	77.38	78.47	0.885154215569	0.89632207031	25	25
12945	12945	93737	93737	75.12	77.75	79.10	73.70	77.22	77.90	74.17	77.55	79.05	74.33	77.51	78.68	0.885874886339	0.89691227531	25	25
12970	12970	93712	93712	75.12	78.08	79.30	73.90	77.28	77.92	74.28	77.90	79.08	74.43	77.75	78.77	0.886058239586	0.90173229806	25	25
12995	12995	93687	93687	75.28	78.08	79.45	73.88	77.38	78.05	74.38	78.05	78.95	74.51	77.83	78.82	0.886496354502	0.901076495055	25	25
13020	13020	93662	93662	75.42	78.03	79.45	73.90	77.42	78.05	74.55	78.10	79.08	74.62	77.85	78.86	0.89029595213	0.900277094335	25	25
13045	13045	93637	93637	75.55	78.08	79.65	74.03	77.42	78.15	74.55	78.25	79.10	74.71	77.92	78.97	0.889043245559	0.902662543451	25	25
13070	13070	93612	93612	75.60	78.15	79.75	73.92	77.42	78.03	74.65	78.08	79.12	74.72	77.88	78.97	0.890518948018	0.900990734036	25	25
13095	13095	93587	93587	75.60	78.20	79.75	73.83	77.42	78.05	74.85	78.08	79.38	74.76	77.90	79.06	0.889671307677	0.899467827487	25	25
13120	13120	93562	93562	75.45	78.20	79.92	73.95	77.30	78.33	74.83	78.25	79.40	74.74	77.92	79.22	0.889246076188	0.898033471403	25	25
13145	13145	93537	93537	75.38	78.22	80.00	73.80	77.40	78.33	74.92	78.30	79.70	74.70	77.97	79.34	0.888439126618	0.900498303709	25	25
13170	13170	93512	93512	75.47	78.30	80.15	73.80	77.55	78.30	75.10	78.38	79.62	74.79	78.08	79.36	0.884865310637	0.899439420361	25	25
13195	13195	93487	93487	75.25	78.30	80.15	73.70	77.47	78.35	75.17	78.47	79.67	74.71	78.08	79.39	0.883755371903	0.899386478263	25	25
13220	13220	93462	93462	75.47	78.35	80.25	73.95	77.38	78.25	75.30	78.40	79.67	74.91	78.04	79.39	0.883025780406	0.899395314447	25	25
13245	13245	93437	93437	75.62	78.30	80.28	73.97	77.40	78.22	75.42	78.42	79.72	75.01	78.04	79.41	0.882724532172	0.897529244643	25	25
13270	13270	93412	93412	75.80	78.62	80.30	73.90	77.45	78.40	75.47	78.47	79.85	75.06	78.18	79.52	0.88190391859	0.899541259176	25	25
13295	13295	93387	93387	75.80	78.50	80.35	74.05	77.47	78.58	75.58	78.35	79.95	75.14	78.11	79.62	0.882286372391	0.900039144757	25	25
13320	13320	93362	93362	76.03	78.83	80.20	74.08	77.40	78.65	75.50	78.45	80.05	75.20	78.22	79.63	0.883223006898	0.897258065259	25	25
13345	13345	93337	93337	76.03	78.80	80.22	73.95	77.38	78.80	75.53	78.47	80.05	75.17	78.22	79.69	0.884800248128	0.89547950927	25	25
13370	13370	93312	93312	76.15	78.78	80.20	73.88	77.17	78.75	75.75	78.42	80.05	75.26	78.12	79.67	0.88494086942	0.899143034097	25	25
13395	13395	93287	93287	76.03	78.80	80.30	73.80	77.20	78.65	75.75	78.53	80.03	75.19	78.17	79.66	0.888403830116	0.898685404521	25	25
13420	13420	93262	93262	76.05	79.00	80.40	73.95	77.38	78.67	75.75	78.60	80.03	75.25	78.33	79.70	0.889026645403	0.90118765265	25	25
13445	13445	93237	93237	76.15	79.00	80.33	74.22	77.30	78.75	75.55	78.62	80.10	75.31	78.31	79.72	0.891945572067	0.899389030906	25	25
13470	13470	93212	93212	76.12	79.12	80.35	74.00	77.35	78.88	75.65	78.53	80.03	75.26	78.33	79.75	0.89057142817	0.898604121994	25	25
13495	13495	93187	93187	76.12	79.05	80.35	74.08	77.40	78.88	75.62	78.50	80.00	75.28	78.32	79.74	0.892246035492	0.902020420015	25	25
13520	13520	93162	93162	76.28	79.08	80.47	74.03	77.30	78.88	75.40	78.55	80.03	75.23	78.31	79.79	0.8923280441	0.902652285023	25	25
13545	13545	93137	93137	76.38	79.15	80.35	73.90	77.15	78.72	75.45	78.38	80.03	75.24	78.22	79.70	0.891969675181	0.903295516291	25	25
13570	13570	93112	93112	76.28	79.38	80.28	74.03	77.15	78.67	75.42	78.20	79.97	75.24	78.24	79.64	0.893185392319	0.902717732171	25	25
13595	13595	93087	93087	76.38	79.33	80.38	74.00	77.05	78.70	75.38	78.40	80.08	75.25	78.26	79.72	0.895286623926	0.902432954486	25	25
13620	13620	93062	93062	76.47	79.28	80.35	73.97	77.12	78.78	75.40	78.35	80.08	75.28	78.25	79.73	0.895722431882	0.902659030505	25	25
13645	13645	93037	93037	76.22	79.25	80.38	74.03	77.03	78.72	75.38	78.33	80.10	75.21	78.20	79.73	0.89614468289	0.902180966663	25	25
13670	13670	93012	93012	76.22	79.17	80.35	73.85	77.05	78.47	75.40	78.28	80.25	75.16	78.17	79.69	0.895454852152	0.900953839904	25	25
13695	13695	92987	92987	76.33	79.33	80.28	73.92	77.05	78.55	75.45	78.12	80.35	75.23	78.17	79.72	0.893348784274	0.901845208117	25	25
13720	13720	92962	92962	76.38	79.12	80.28	73.90	76.92	78.62	75.30	77.97	80.28	75.19	78.01	79.72	0.893472304083	0.904129534374	25	25
13745	13745	92937	92937	76.42	79.10	80.28	73.80	76.75	78.70	75.28	78.00	80.28	75.17	77.95	79.75	0.894997005981	0.903859271596	25	25
13770	13770	92912	92912	76.47	78.97	80.28	73.97	76.80	78.65	75.45	78.17	80.20	75.30	77.98	79.71	0.895538262895	0.903592870134	25	25
13795	13795	92887	92887	76.38	79.00	80.33	73.97	76.62	78.72	75.60	78.20	80.30	75.32	77.94	79.78	0.894771865258	0.90441114086	25	25
13820	13820	92862	92862	76.33	79.03	80.42	73.90	76.50	78.55	75.53	78.10	80.35	75.25	77.88	79.78	0.895803132006	0.906182608709	25	25
13845	13845	92837	92837	76.28	78.88	80.50	73.83	76.60	78.55	75.85	78.03	80.42	75.32	77.83	79.83	0.896352786293	0.906597021485	25	25
13870	13870	92812	92812	76.30	78.88	80.45	73.85	76.78	78.45	75.92	78.10	80.20	75.36	77.92	79.70	0.894511628513	0.90488704694	25	25
13895	13895	92787	92787	76.20	78.88	80.50	73.78	76.70	78.40	76.00	78.12	80.10	75.33	77.90	79.67	0.894502889084	0.907650199811	25	25
13920	13920	92762	92762	76.17	78.92	80.62	73.67	76.72	78.35	76.12	78.08	80.03	75.33	77.91	79.67	0.897788609086	0.908534147682	25	25
13945	13945	92737	92737	76.17	78.95	80.75	73.83	76.72	78.25	76.05	78.17	80.22	75.35	77.95	79.74	0.898789490217	0.906135410843	25	25
13970	13970	92712	92712	76.12	78.95	80.72	73.78	76.47	78.33	75.97	78.12	80.17	75.29	77.85	79.74	0.899743285649	0.907405935565	25	25
13995	13995	92687	92687	76.10	78.92	80.78	73.83	76.53	78.28	76.03	78.15	80.28	75.32	77.87	79.78	0.900847013148	0.905713991322	25	25
14020	14020	92662	92662	75.90	78.92	80.67	73.83	76.53	78.30	76.08	78.10	80.30	75.27	77.85	79.76	0.900996328884	0.904441660339	25	25
14045	14045	92637	92637	75.88	78.92	80.80	73.92	76.60	78.25	76.03	78.12	80.28	75.28	77.88	79.78	0.898805377295	0.904571592184	25	25
14070	14070	92612	92612	75.85	78.95	80.67	73.95	76.62	78.28	76.00	78.03	80.25	75.27	77.87	79.73	0.897791358831	0.904929700225	25	25
14095	14095	92587	92587	75.75	78.72	80.65	73.83	76.78	78.28	75.92	77.95	80.17	75.17	77.82	79.70	0.899923818488	0.905865341233	25	25
14120	14120	92562	92562	75.88	78.70	80.60	73.88	76.83	78.28	76.15	77.88	80.03	75.30	77.80	79.63	0.900732023053	0.905292551508	25	25
14145	14145	92537	92537	75.92	78.60	80.78	73.92	76.88	78.35	76.08	77.97	80.20	75.31	77.82	79.78	0.900467038168	0.907604575948	25	25
14170	14170	92512	92512	75.75	78.65	80.80	73.92	76.95	78.30	75.95	78.12	80.00	75.21	77.91	79.70	0.900578221714	0.906046236146	25	25
14195	14195	92487	92487	75.65	78.95	80.78	74.00	76.90	78.25	76.20	78.12	80.08	75.28	77.99	79.70	0.899173439311	0.908008996651	25	25
14220	14220	92462	92462	75.83	78.80	80.90	74.05	76.85	78.45	76.05	78.05	80.20	75.31	77.90	79.85	0.899707928044	0.90740525116	25	25
14245	14245	92437	92437	75.88	78.70	80.67	73.97	76.80	78.30	76.03	77.97	80.17	75.29	77.83	79.72	0.899877811245	0.908634364509	25	25
14270	14270	92412	92412	76.00	78.90	80.70	74.03	76.67	78.33	76.03	78.08	80.08	75.35	77.88	79.70	0.90081243845	0.908527538934	25	25
14295	14295	92387	92387	75.90	78.75	80.83	73.95	76.78	78.22	75.95	78.05	79.97	75.27	77.86	79.67	0.900109665896	0.908092824898	25	25
14320	14320	92362	92362	75.92	78.83	80.97	73.88	76.58	78.35	76.00	78.00	79.97	75.27	77.80	79.77	0.900510138155	0.908651416251	25	25
14345	14345	92337	92337	76.00	78.80	80.92	74.00	76.58	78.30	75.90	77.92	79.97	75.30	77.77	79.73	0.90039763972	0.906968264561	25	25
14370	14370	92312	92312	76.10	78.85	80.92	73.95	76.55	78.33	76.05	77.92	80.03	75.37	77.78	79.76	0.900091713566	0.908466592788	25	25
14395	14395	92287	92287	75.97	78.72	80.90	73.97	76.42	78.15	76.03	77.78	79.97	75.33	77.64	79.67	0.899495785914	0.907111622121	25	25
14420	14420	92262	92262	76.05	78.67	80.80	73.83	76.55	77.97	75.95	77.75	79.90	75.28	77.66	79.56	0.899302326653	0.906445846508	25	25
14445	14445	92237	92237	76.10	78.70	80.80	73.72	76.65	78.03	76.00	77.55	79.80	75.28	77.63	79.54	0.900266289028	0.90633245563	25	25
14470	14470	92212	92212	76.03	78.67	80.78	73.67	76.67	77.92	75.85	77.50	79.80	75.18	77.62	79.50	0.898874227282	0.906265907103	25	25
14495	14495	92187	92187	76.05	78.65	80.55	73.70	76.38	77.90	75.97	77.58	79.83	75.24	77.53	79.42	0.897360048586	0.907013398489	25	25
14520	14520	92162	92162	75.85	78.45	80.45	73.72	76.25	77.88	75.90	77.45	79.72	75.16	77.38	79.35	0.898083302265	0.906979967627	25	25
14545	14545	92137	92137	75.83	78.53	80.28	73.90	76.30	77.88	75.85	77.47	79.72	75.19	77.43	79.29	0.898204981811	0.906063884633	25	25
14570	14570	92112	92112	75.78	78.42	80.20	73.67	76.22	77.88	75.88	77.55	79.62	75.11	77.40	79.23	0.898407644379	0.904267667541	25	25
14595	14595	92087	92087	75.58	78.35	80.20	73.70	76.10	77.78	75.83	77.50	79.55	75.03	77.32	79.17	0.897641538132	0.904821542786	25	25
14620	14620	92062	92062	75.70	78.25	80.12	73.72	76.20	77.75	75.83	77.47	79.47	75.08	77.31	79.12	0.898068783909	0.90391825021	25	25
14645	14645	92037	92037	75.62	78.05	80.03	73.85	76.28	77.65	75.75	77.42	79.35	75.08	77.25	79.01	0.897848216736	0.903050141648	25	25
14670	14670	92012	92012	75.53	77.95	79.90	73.83	76.03	77.50	75.83	77.50	79.28	75.06	77.16	78.89	0.898925570059	0.904409603356	25	25
14695	14695	91987	91987	75.70	77.85	79.88	73.67	75.97	77.65	75.85	77.47	79.30	75.08	77.10	78.94	0.899677400044	0.90464548898	25	25
14720	14720	91962	91962	75.55	77.72	79.83	73.75	75.95	77.50	75.78	77.40	79.25	75.03	77.03	78.86	0.900657385793	0.90596522352	25	25
14745	14745	91937	91937	75.55	77.62	79.72	73.62	75.90	77.62	75.62	77.30	79.17	74.93	76.94	78.84	0.900828297446	0.906582672948	25	25
14770	14770	91912	91912	75.55	77.75	79.83	73.65	76.03	77.50	75.75	77.25	79.17	74.98	77.01	78.83	0.899026493421	0.906218165156	25	25
14795	14795	91887	91887	75.62	77.58	79.75	73.70	75.95	77.53	75.70	77.28	79.12	75.01	76.93	78.80	0.898843034932	0.90686409975	25	25
14820	14820	91862	91862	75.35	77.62	79.78	73.78	76.08	77.42	75.70	77.17	79.12	74.94	76.96	78.78	0.898807053855	0.906868447881	25	25
14845	14845	91837	91837	75.30	77.53	79.65	73.62	76.05	77.40	75.62	77.20	79.03	74.85	76.92	78.69	0.898878602513	0.90669816727	25	25
14870	14870	91812	91812	75.38	77.38	79.42	73.50	76.03	77.35	75.65	77.03	79.17	74.84	76.81	78.65	0.899032613001	0.909032859108	25	25
14895	14895	91787	91787	75.42	77.35	79.47	73.55	76.00	77.30	75.58	77.00	79.10	74.85	76.78	78.62	0.898664887825	0.908263458263	25	25
14920	14920	91762	91762	75.40	77.45	79.50	73.45	76.00	77.35	75.50	77.03	79.03	74.78	76.83	78.62	0.898504107714	0.908816181239	25	25
14945	14945	91737	91737	75.38	77.53	79.45	73.50	76.05	77.35	75.58	76.92	78.83	74.82	76.83	78.54	0.899437189365	0.908557828194	25	25
14970	14970	91712	91712	75.28	77.42	79.50	73.25	76.10	77.28	75.53	76.85	78.95	74.68	76.79	78.58	0.900552535246	0.908656715655	25	25
14995	14995	91687	91687	75.22	77.42	79.42	73.20	76.10	77.30	75.38	76.85	78.95	74.60	76.79	78.56	0.901193476874	0.908807386168	25	25
15020	15020	91662	91662	75.30	77.40	79.30	73.17	75.88	77.05	75.22	76.83	78.92	74.57	76.70	78.42	0.899657412692	0.908766250251	25	25
15045	15045	91637	91637	75.38	77.33	79.28	73.20	75.92	77.10	75.35	76.88	78.88	74.64	76.71	78.42	0.900303874823	0.90971815477	25	25
15070	15070	91612	91612	75.30	77.33	79.25	73.20	75.80	77.05	75.33	76.83	78.78	74.61	76.65	78.36	0.900500211186	0.908918971648	25	25
15095	15095	91587	91587	75.53	77.28	79.25	73.25	75.80	77.00	75.47	76.83	78.72	74.75	76.63	78.33	0.899824813274	0.908910753495	25	25
15120	15120	91562	91562	75.45	77.15	79.28	73.22	75.65	76.90	75.42	76.75	78.72	74.70	76.52	78.30	0.90076873357	0.908189194046	25	25
15145	15145	91537	91537	75.38	77.25	79.22	73.10	75.72	76.92	75.42	76.72	78.75	74.63	76.57	78.30	0.900496517529	0.908503684556	25	25
15170	15170	91512	91512	75.42	77.35	79.22	73.25	75.75	76.80	75.33	76.62	78.85	74.67	76.58	78.29	0.898382889957	0.907690756495	25	25
15195	15195	91487	91487	75.40	77.35	78.97	73.25	75.65	76.80	75.25	76.78	78.85	74.63	76.59	78.21	0.898079861132	0.907936387716	25	25
15220	15220	91462	91462	75.35	77.38	79.12	73.25	75.55	76.83	75.25	76.72	78.67	74.62	76.55	78.21	0.897437086685	0.908182051396	25	25
15245	15245	91437	91437	75.38	77.33	79.03	73.12	75.62	76.70	75.28	76.72	78.62	74.59	76.56	78.12	0.89812283223	0.90832379122	25	25
15270	15270	91412	91412	75.53	77.40	78.97	73.22	75.60	76.70	75.20	76.85	78.62	74.65	76.62	78.10	0.897550145842	0.907502497481	25	25
15295	15295	91387	91387	75.40	77.30	78.90	73.12	75.70	76.75	75.17	76.72	78.58	74.57	76.58	78.08	0.898423430549	0.908386758319	25	25
15320	15320	91362	91362	75.38	77.30	78.80	73.22	75.75	76.70	74.92	76.65	78.62	74.51	76.57	78.04	0.899723056874	0.908009611072	25	25
15345	15345	91337	91337	75.33	77.42	78.83	73.10	75.62	76.65	74.80	76.72	78.40	74.41	76.59	77.96	0.900130080013	0.90746460198	25	25
15370	15370	91312	91312	75.30	77.38	78.78	73.00	75.58	76.60	74.80	76.72	78.42	74.37	76.56	77.93	0.899674185609	0.906273282052	25	25
15395	15395	91287	91287	75.35	77.35	78.70	72.95	75.38	76.53	74.72	76.70	78.38	74.34	76.47	77.87	0.899679701824	0.905094475758	25	25
15420	15420	91262	91262	75.35	77.33	78.58	73.00	75.33	76.53	74.65	76.62	78.42	74.33	76.42	77.84	0.898916596751	0.904900968949	25	25
15445	15445	91237	91237	75.25	77.38	78.50	72.85	75.28	76.53	74.80	76.65	78.40	74.30	76.43	77.81	0.896952416559	0.90507515737	25	25
15470	15470	91212	91212	75.17	77.28	78.50	72.83	75.22	76.47	74.58	76.65	78.28	74.19	76.38	77.75	0.897455981708	0.904980643319	25	25
15495	15495	91187	91187	75.12	77.17	78.47	72.72	75.15	76.35	74.62	76.45	78.12	74.16	76.26	77.65	0.898130524339	0.904509298001	25	25
15520	15520	91162	91162	75.08	77.22	78.47	72.72	75.17	76.28	74.72	76.53	78.03	74.17	76.31	77.59	0.897901110431	0.904227631059	25	25
15545	15545	91137	91137	75.05	77.08	78.25	72.83	75.08	76.35	74.72	76.47	77.90	74.20	76.21	77.50	0.898453206051	0.905544941181	25	25
15570	15570	91112	91112	75.08	77.08	78.15	72.85	74.97	76.25	74.75	76.42	77.90	74.22	76.16	77.43	0.899400174321	0.906362733845	25	25
15595	15595	91087	91087	75.12	77.00	78.17	72.85	74.97	76.28	74.67	76.33	77.85	74.22	76.10	77.43	0.901057902647	0.906109169747	25	25
15620	15620	91062	91062	75.05	76.95	78.20	72.75	74.97	76.22	74.78	76.25	77.88	74.19	76.06	77.43	0.901355427653	0.90610458464	25	25
15645	15645	91037	91037	75.10	76.92	78.17	72.72	74.88	76.17	74.75	76.22	77.72	74.19	76.01	77.36	0.901424935124	0.906778772892	25	25
15670	15670	91012	91012	75.05	76.90	78.17	72.70	74.83	76.12	74.75	76.28	77.65	74.17	76.00	77.32	0.901191869821	0.90911437473	25	25
15695	15695	90987	90987	75.00	76.85	78.12	72.65	74.72	76.20	74.58	76.25	77.67	74.08	75.94	77.33	0.902226436773	0.910324394528	25	25
15720	15720	90962	90962	75.00	76.72	78.08	72.62	74.75	76.10	74.72	76.17	77.65	74.12	75.88	77.28	0.902837282065	0.910268233723	25	25
15745	15745	90937	90937	75.10	76.75	78.10	72.60	74.78	76.08	74.65	76.05	77.62	74.12	75.86	77.27	0.903903336586	0.910604566387	25	25
15770	15770	90912	90912	75.08	76.80	77.97	72.65	74.83	76.05	74.70	76.08	77.55	74.14	75.90	77.19	0.904285132343	0.91145613399	25	25
15795	15795	90887	90887	75.05	76.88	78.00	72.55	74.72	76.08	74.65	76.05	77.53	74.08	75.88	77.20	0.904122793778	0.912302381601	25	25
15820	15820	90862	90862	75.10	76.80	77.95	72.50	74.75	76.05	74.62	76.05	77.45	74.08	75.87	77.15	0.902057583987	0.91249514866	25	25
15845	15845	90837	90837	75.17	76.83	77.90	72.55	74.60	76.00	74.50	76.00	77.40	74.08	75.81	77.10	0.902698095376	0.913037082925	25	25
15870	15870	90812	90812	75.17	76.72	77.85	72.58	74.60	75.97	74.50	76.03	77.35	74.08	75.78	77.06	0.903472215046	0.914407660928	25	25
15895	15895	90787	90787	75.20	76.67	77.90	72.58	74.50	75.88	74.40	75.97	77.33	74.06	75.72	77.03	0.903381279162	0.913623821636	25	25
15920	15920	90762	90762	75.15	76.67	77.83	72.58	74.50	75.80	74.35	75.85	77.25	74.03	75.67	76.96	0.90381388391	0.912714548442	25	25
15945	15945	90737	90737	75.17	76.70	77.65	72.53	74.42	75.80	74.20	75.78	77.25	73.97	75.63	76.90	0.904861595017	0.912783968208	25	25
15970	15970	90712	90712	75.10	76.55	77.55	72.53	74.42	75.80	74.15	75.70	77.25	73.92	75.56	76.87	0.90485280916	0.913493302151	25	25
15995	15995	90687	90687	74.90	76.42	77.58	72.47	74.33	75.65	74.17	75.78	77.25	73.85	75.51	76.83	0.903505740077	0.912815201761	25	25
16020	16020	90662	90662	74.88	76.38	77.45	72.33	74.35	75.60	74.10	75.70	77.22	73.77	75.47	76.76	0.903365003914	0.91207355018	25	25
16045	16045	90637	90637	74.83	76.35	77.35	72.22	74.12	75.55	74.15	75.70	77.10	73.73	75.39	76.67	0.902961155473	0.912041382063	25	25
16070	16070	90612	90612	74.72	76.40	77.22	72.12	74.10	75.38	74.15	75.65	77.12	73.67	75.38	76.58	0.903283123753	0.911969012354	25	25
16095	16095	90587	90587	74.72	76.35	77.28	72.10	74.00	75.30	74.00	75.62	77.12	73.61	75.33	76.57	0.903852325124	0.911741572957	25	25
16120	16120	90562	90562	74.60	76.33	77.22	72.00	73.97	75.28	74.00	75.67	77.05	73.53	75.33	76.52	0.903272397038	0.911986552556	25	25
16145	16145	90537	90537	74.72	76.28	77.08	72.00	73.97	75.30	73.97	75.65	77.00	73.57	75.30	76.46	0.901953553001	0.912638345107	25	25
16170	16170	90512	90512	74.72	76.25	77.08	72.00	73.92	75.17	74.08	75.60	76.92	73.60	75.26	76.39	0.904066576822	0.912810352779	25	25
16195	16195	90487	90487	74.60	76.22	77.10	71.95	73.97	75.10	74.15	75.60	76.90	73.57	75.27	76.37	0.904963053206	0.912006307284	25	25
16220	16220	90462	90462	74.50	76.17	77.03	72.03	73.80	75.12	74.05	75.58	76.95	73.53	75.18	76.37	0.904928667779	0.912497719097	25	25
16245	16245	90437	90437	74.42	76.17	77.08	72.05	73.83	75.00	74.05	75.45	76.97	73.51	75.15	76.35	0.904493505896	0.91200580207	25	25
16270	16270	90412	90412	74.50	75.97	77.05	71.95	73.75	74.95	73.97	75.47	76.88	73.47	75.07	76.29	0.90351621488	0.912646767586	25	25
16295	16295	90387	90387	74.40	76.03	77.03	72.00	73.78	74.95	74.03	75.50	76.92	73.47	75.10	76.30	0.904031910307	0.911918929122	25	25
16320	16320	90362	90362	74.30	76.00	76.95	71.85	73.72	74.88	74.00	75.53	76.95	73.38	75.08	76.26	0.905181468786	0.911971442952	25	25
16345	16345	90337	90337	74.08	75.90	76.83	71.72	73.75	74.88	73.88	75.55	76.95	73.22	75.07	76.22	0.90635798591	0.911573445331	25	25
16370	16370	90312	90312	74.05	75.90	76.85	71.65	73.72	74.78	73.83	75.47	76.95	73.17	75.03	76.19	0.906261614351	0.91020571356	25	25
16395	16395	90287	90287	74.12	75.85	76.97	71.62	73.75	74.67	73.65	75.40	76.83	73.13	75.00	76.16	0.906572594674	0.910788685863	25	25
16420	16420	90262	90262	74.00	75.83	76.85	71.60	73.83	74.78	73.55	75.50	76.78	73.05	75.05	76.13	0.906795575064	0.911113708083	25	25
16445	16445	90237	90237	73.97	75.80	76.88	71.62	73.85	74.67	73.47	75.33	76.75	73.03	74.99	76.10	0.907358226677	0.9105852182	25	25
16470	16470	90212	90212	73.97	75.78	76.80	71.67	73.83	74.75	73.70	75.30	76.70	73.12	74.97	76.08	0.907500289825	0.910858639036	25	25
16495	16495	90187	90187	73.90	75.80	76.75	71.58	73.67	74.75	73.62	75.22	76.70	73.03	74.90	76.07	0.906684843217	0.911626468579	25	25
16520	16520	90162	90162	73.80	75.85	76.83	71.45	73.65	74.78	73.62	75.22	76.58	72.96	74.91	76.06	0.907619980657	0.91092246584	25	25
16545	16545	90137	90137	73.58	75.83	76.62	71.35	73.67	74.70	73.65	75.40	76.42	72.86	74.97	75.92	0.908903434107	0.911664467269	25	25
16570	16570	90112	90112	73.53	75.85	76.45	71.30	73.65	74.72	73.65	75.35	76.50	72.83	74.95	75.89	0.906439185365	0.911486468082	25	25
16595	16595	90087	90087	73.60	75.85	76.40	71.20	73.60	74.65	73.62	75.40	76.47	72.81	74.95	75.84	0.906400091452	0.911240449854	25	25
16620	16620	90062	90062	73.47	75.83	76.47	71.22	73.65	74.60	73.65	75.38	76.45	72.78	74.95	75.84	0.906029250803	0.912262693769	25	25
16645	16645	90037	90037	73.40	75.78	76.47	71.25	73.53	74.47	73.58	75.33	76.38	72.74	74.88	75.78	0.906245058567	0.912484131199	25	25
16670	16670	90012	90012	73.50	75.83	76.45	71.22	73.55	74.58	73.62	75.38	76.38	72.78	74.92	75.80	0.90543175574	0.911378470919	25	25
16695	16695	89987	89987	73.42	75.70	76.47	71.28	73.50	74.67	73.50	75.20	76.40	72.73	74.80	75.85	0.905865847402	0.912120069058	25	25
16720	16720	89962	89962	73.25	75.78	76.45	71.33	73.40	74.65	73.38	75.38	76.33	72.65	74.85	75.81	0.905960055108	0.910687427561	25	25
16745	16745	89937	89937	73.22	75.60	76.53	71.28	73.47	74.67	73.33	75.25	76.25	72.61	74.78	75.82	0.905199909069	0.911024135484	25	25
16770	16770	89912	89912	73.22	75.55	76.45	71.35	73.53	74.60	73.35	75.28	76.28	72.64	74.78	75.78	0.906240999979	0.911374686426	25	25
16795	16795	89887	89887	73.08	75.50	76.35	71.20	73.35	74.53	73.45	75.20	76.25	72.58	74.68	75.71	0.905919044229	0.912803704922	25	25
16820	16820	89862	89862	73.03	75.35	76.40	71.25	73.38	74.47	73.45	75.17	76.22	72.58	74.63	75.70	0.905558632634	0.911990315828	25	25
