12120	12120	94562	94562	75.03	77.72	79.85	74.55	77.65	79.25	75.30	78.53	79.90	74.96	77.97	79.67	1.86645236359	1.93015327781
12120	12120	94440	94440	75.05	77.75	79.85	74.55	77.65	79.25	75.28	78.53	79.88	74.96	77.97	79.66	1.50864218044	1.59652612598	100	100
12220	12220	94340	94340	73.67	78.10	78.20	73.22	77.10	77.72	73.05	77.90	78.58	73.32	77.70	78.17	1.1268704098	1.22234605724	100	100
12320	12320	94240	94240	71.40	75.50	75.83	71.53	75.67	75.55	71.30	76.65	75.70	71.41	75.94	75.69	0.976019285091	1.0059815147	100	100
12420	12420	94140	94140	71.42	75.12	75.45	71.60	75.25	75.17	71.22	76.20	75.17	71.42	75.53	75.27	0.916827412644	0.934352808566	100	100
12520	12520	94040	94040	72.50	75.42	76.10	71.92	75.50	75.83	71.70	76.38	75.97	72.04	75.77	75.97	0.890877885299	0.912623649992	100	100
12620	12620	93940	93940	73.38	76.15	77.10	73.08	75.75	76.60	72.67	76.65	76.92	73.04	76.18	76.88	0.882485850592	0.906561447133	100	100
12720	12720	93840	93840	74.08	76.80	77.40	73.58	76.35	77.10	73.38	77.12	77.53	73.67	76.76	77.34	0.876160398077	0.902691210257	100	100
12820	12820	93740	93740	74.58	77.12	78.15	73.62	76.95	77.38	73.58	77.47	77.92	73.92	77.18	77.82	0.871321951176	0.89066211726	100	100
12920	12920	93640	93640	75.28	77.50	78.60	73.88	76.80	77.80	74.45	77.65	78.60	74.53	77.32	78.33	0.868214982545	0.882916189716	100	100
13020	13020	93540	93540	75.75	77.72	79.30	74.12	76.88	78.38	74.75	77.95	79.15	74.88	77.52	78.94	0.867600454634	0.883244662471	100	100
13120	13120	93440	93440	75.90	78.47	79.75	74.22	77.38	78.40	75.17	78.47	79.38	75.10	78.11	79.17	0.86948314111	0.885243682852	100	100
13220	13220	93340	93340	75.72	78.85	80.17	74.30	77.30	78.60	75.35	78.45	79.58	75.12	78.20	79.45	0.869352007024	0.883786159829	100	100
13320	13320	93240	93240	75.83	78.72	80.20	74.58	77.17	78.85	75.55	78.53	79.85	75.32	78.14	79.63	0.872439461032	0.888063184683	100	100
13420	13420	93140	93140	76.47	78.67	80.25	74.53	77.17	78.85	75.55	78.58	79.97	75.52	78.14	79.69	0.874371323885	0.889844436446	100	100
13520	13520	93040	93040	76.60	78.72	80.42	74.65	77.10	78.53	75.75	78.47	79.95	75.67	78.10	79.63	0.875077425632	0.887851658242	100	100
13620	13620	92940	92940	76.40	78.75	80.15	74.38	77.00	78.58	75.97	78.35	80.17	75.58	78.03	79.63	0.877806544938	0.8894098413	100	100
13720	13720	92840	92840	76.47	78.75	80.22	74.40	77.10	78.62	76.20	78.22	80.15	75.69	78.03	79.67	0.882938027852	0.888771258488	100	100
13820	13820	92740	92740	76.25	78.60	80.30	74.22	77.05	78.35	76.28	78.15	80.15	75.58	77.93	79.60	0.885842619042	0.891285029243	100	100
13920	13920	92640	92640	76.20	78.62	80.38	74.40	76.88	78.30	76.35	77.78	80.12	75.65	77.76	79.60	0.885264287744	0.892421055104	100	100
14020	14020	92540	92540	76.08	78.70	80.35	74.25	76.88	78.30	76.38	78.08	80.17	75.57	77.88	79.61	0.887605353959	0.89171371027	100	100
14120	14120	92440	92440	75.88	78.47	80.30	73.97	76.83	78.35	76.22	78.00	79.90	75.36	77.77	79.52	0.886587116336	0.894453087069	100	100
14220	14220	92340	92340	75.92	78.35	80.60	74.10	76.65	78.38	76.20	78.00	79.80	75.41	77.67	79.59	0.889237984542	0.894924691785	100	100
14320	14320	92240	92240	75.85	78.33	80.60	73.95	76.12	78.28	76.10	78.03	79.80	75.30	77.49	79.56	0.886297642883	0.892922330383	100	100
14420	14420	92140	92140	75.55	78.30	80.30	73.72	76.20	78.15	76.08	78.00	79.78	75.12	77.50	79.41	0.886395006633	0.893601941328	100	100
14520	14520	92040	92040	75.60	78.42	80.20	73.70	76.35	78.22	75.95	77.92	79.90	75.08	77.57	79.44	0.885038921328	0.896318101278	100	100
14620	14620	91940	91940	75.30	78.28	79.97	74.00	76.28	78.03	75.65	77.53	79.70	74.98	77.36	79.23	0.884816710477	0.89875002212	100	100
14720	14720	91840	91840	75.17	78.22	79.92	73.47	76.28	77.83	75.70	77.55	79.62	74.78	77.35	79.12	0.886019029484	0.895296691121	100	100
14820	14820	91740	91740	75.17	78.22	79.88	73.53	76.22	77.75	75.42	77.47	79.60	74.71	77.31	79.08	0.886843559986	0.895000413756	100	100
14920	14920	91640	91640	75.00	78.25	79.67	73.53	76.12	77.62	75.35	77.42	79.50	74.62	77.27	78.93	0.888759242298	0.896217641597	100	100
15020	15020	91540	91540	75.03	78.00	79.30	73.55	76.15	77.33	75.53	77.30	79.22	74.70	77.15	78.62	0.888948968909	0.897737465229	100	100
15120	15120	91440	91440	75.00	77.75	79.15	73.30	76.05	76.97	75.62	77.30	78.95	74.64	77.03	78.36	0.889931020634	0.899094441594	100	100
15220	15220	91340	91340	75.15	77.33	78.95	73.15	75.70	76.85	75.65	77.20	78.78	74.65	76.74	78.19	0.889641393356	0.89991916609	100	100
15320	15320	91240	91240	74.90	77.25	78.92	73.20	75.67	76.65	75.40	76.97	78.50	74.50	76.63	78.03	0.890208971392	0.903251421337	100	100
15420	15420	91140	91140	74.85	77.17	78.75	73.12	75.65	76.50	75.42	76.88	78.17	74.47	76.57	77.81	0.894312355603	0.904847646654	100	100
15520	15520	91040	91040	74.72	77.15	78.70	73.28	75.47	76.30	75.25	76.75	78.30	74.42	76.46	77.77	0.894604077539	0.905550657384	100	100
15620	15620	90940	90940	74.60	76.95	78.45	72.95	75.33	76.42	75.03	76.65	77.83	74.19	76.31	77.57	0.895931068284	0.9046695794	100	100
15720	15720	90840	90840	74.53	76.85	78.20	72.97	75.20	76.25	75.15	76.45	77.70	74.22	76.17	77.38	0.896637498562	0.903891634107	100	100
15820	15820	90740	90740	74.38	76.67	78.00	72.88	75.08	76.15	75.05	76.47	77.50	74.10	76.08	77.22	0.897505447081	0.904444424555	100	100
15920	15920	90640	90640	74.40	76.67	78.00	72.70	74.78	76.00	74.92	76.12	77.35	74.01	75.86	77.12	0.899410988206	0.904358594171	100	100
16020	16020	90540	90540	74.10	76.42	77.72	72.58	74.78	75.80	74.65	76.12	77.15	73.78	75.78	76.89	0.899637165734	0.905158572983	100	100
16120	16120	90440	90440	73.95	76.30	77.47	72.47	74.65	75.53	74.45	75.85	77.08	73.62	75.60	76.69	0.899875633332	0.905703887246	100	100
16220	16220	90340	90340	73.85	76.10	77.35	72.17	74.58	75.40	73.92	75.83	76.97	73.32	75.50	76.58	0.90002832323	0.906684496056	100	100
16320	16320	90240	90240	73.58	76.00	77.33	71.92	74.47	75.28	73.95	75.70	76.80	73.15	75.39	76.47	0.900738678362	0.906895749127	100	100
16420	16420	90140	90140	73.28	76.08	77.10	71.75	74.28	75.25	73.85	75.60	76.70	72.96	75.32	76.35	0.899600240211	0.906748132694	100	100
16520	16520	90040	90040	73.25	75.92	76.92	71.58	74.03	74.95	73.60	75.75	76.60	72.81	75.23	76.16	0.900930167316	0.906301433552	100	100
16620	16620	89940	89940	73.03	75.83	76.85	71.33	73.90	74.88	73.65	75.38	76.53	72.67	75.03	76.08	0.900718695825	0.90560506518	100	100
16720	16720	89840	89840	72.65	75.45	76.85	71.35	73.85	74.72	73.47	75.47	76.40	72.49	74.92	75.99	0.901673563885	0.9051969718	100	100
16820	16820	89740	89740	72.40	75.33	76.45	71.30	73.70	74.50	73.47	75.28	76.33	72.39	74.77	75.76	0.901465472505	0.905998917432	100	100
16920	16920	89640	89640	72.22	75.15	76.17	71.25	73.28	74.08	73.20	75.08	76.12	72.22	74.50	75.46	0.904070195588	0.906064358664	100	100
17020	17020	89540	89540	72.50	74.78	76.03	71.22	72.95	73.83	73.08	74.90	75.90	72.27	74.21	75.25	0.903690613565	0.907357691097	100	100
17120	17120	89440	89440	72.33	74.58	75.75	71.10	72.83	73.72	72.95	74.90	75.60	72.12	74.10	75.03	0.903159764173	0.907434660079	100	100
17220	17220	89340	89340	72.28	74.50	75.53	70.90	72.58	73.70	72.85	74.90	75.25	72.01	73.99	74.83	0.902904750333	0.907962033622	100	100
17320	17320	89240	89240	72.12	74.38	75.35	70.90	72.53	73.42	72.78	74.65	75.22	71.93	73.85	74.67	0.905198331111	0.907231754013	100	100
17420	17420	89140	89140	72.05	74.17	75.28	70.58	72.47	73.33	72.55	74.70	75.28	71.72	73.78	74.62	0.905685939778	0.908242026359	100	100
17520	17520	89040	89040	71.72	74.05	75.00	70.40	72.50	73.20	72.42	74.62	75.05	71.52	73.72	74.42	0.905741699064	0.907440788411	100	100
17620	17620	88940	88940	71.58	73.92	74.72	70.15	72.33	72.92	72.12	74.42	75.00	71.28	73.56	74.22	0.905370801146	0.907611252918	100	100
17720	17720	88840	88840	71.50	73.70	74.40	70.00	72.28	72.58	71.95	74.22	75.08	71.15	73.40	74.02	0.904935988289	0.907770059986	100	100
17820	17820	88740	88740	71.40	73.47	74.35	70.10	72.03	72.53	71.97	74.22	74.83	71.16	73.24	73.90	0.906133347824	0.908405306748	100	100
17920	17920	88640	88640	71.33	73.30	74.22	70.00	71.78	72.42	71.92	74.33	74.65	71.08	73.13	73.77	0.90602077202	0.907769901157	100	100
18020	18020	88540	88540	71.40	73.28	74.05	69.90	71.78	72.40	71.78	74.17	74.58	71.03	73.08	73.67	0.906311624404	0.907865709826	100	100
18120	18120	88440	88440	71.22	73.00	73.85	69.92	71.58	72.40	71.80	73.92	74.45	70.98	72.83	73.57	0.907896044524	0.908661286389	100	100
18220	18220	88340	88340	71.12	72.95	73.58	70.00	71.62	72.40	71.47	73.90	74.10	70.87	72.83	73.36	0.907800646125	0.909810148937	100	100
18320	18320	88240	88240	71.15	72.72	73.53	69.95	71.45	72.15	71.35	73.67	74.05	70.82	72.62	73.24	0.906930423285	0.909912295405	100	100
18420	18420	88140	88140	71.05	72.58	73.38	69.72	71.50	72.12	71.25	73.58	73.85	70.67	72.55	73.12	0.907646735096	0.90958323695	100	100
18520	18520	88040	88040	71.10	72.20	73.22	69.60	71.15	71.90	71.25	73.47	73.80	70.65	72.28	72.97	0.909239891025	0.910559876506	100	100
18620	18620	87940	87940	70.90	71.90	73.10	69.40	71.15	71.83	71.20	73.33	73.78	70.50	72.12	72.90	0.909186176994	0.91048971167	100	100
18720	18720	87840	87840	70.92	71.62	72.97	69.40	70.95	71.62	71.12	73.15	73.50	70.48	71.91	72.70	0.907817692548	0.910721426623	100	100
18820	18820	87740	87740	70.88	71.75	72.88	69.40	70.83	71.65	71.10	73.15	73.35	70.46	71.91	72.62	0.907865149393	0.911367010915	100	100
18920	18920	87640	87640	70.90	71.50	72.75	69.38	70.60	71.60	71.08	72.97	73.30	70.45	71.69	72.55	0.907939919721	0.912454320298	100	100
19020	19020	87540	87540	70.78	71.47	72.62	69.30	70.33	71.42	70.80	72.80	73.10	70.29	71.53	72.38	0.908492510643	0.91123659145	100	100
19120	19120	87440	87440	70.75	71.38	72.45	69.22	70.20	71.20	70.70	72.78	72.92	70.22	71.45	72.19	0.908316000261	0.910730912997	100	100
19220	19220	87340	87340	70.65	71.47	72.30	69.25	70.05	70.97	70.65	72.53	72.80	70.18	71.35	72.03	0.907888826248	0.909900175688	100	100
19320	19320	87240	87240	70.33	71.35	72.10	68.88	70.00	71.05	70.38	72.20	72.65	69.86	71.18	71.93	0.907373449937	0.910243534643	100	100
19420	19420	87140	87140	70.28	71.05	71.92	68.65	69.92	70.90	70.20	72.25	72.60	69.71	71.08	71.81	0.9080039398	0.91092920627	100	100
19520	19520	87040	87040	70.10	71.03	71.67	68.58	69.85	70.80	70.15	72.10	72.45	69.61	70.99	71.64	0.908068144998	0.910558940465	100	100
19620	19620	86940	86940	69.88	70.95	71.50	68.47	69.62	70.62	70.17	71.88	72.40	69.51	70.82	71.51	0.908195186763	0.910880144632	100	100
19720	19720	86840	86840	69.78	70.83	71.35	68.25	69.45	70.42	70.22	71.60	72.35	69.42	70.62	71.38	0.907971953417	0.910815354189	100	100
19820	19820	86740	86740	69.80	70.72	71.28	68.30	69.28	70.15	70.08	71.58	72.22	69.39	70.53	71.22	0.908280477305	0.910234663985	100	100
19920	19920	86640	86640	69.60	70.60	71.15	68.17	69.10	70.15	70.05	71.25	72.12	69.28	70.32	71.14	0.909133331612	0.911411010501	100	100
20020	20020	86540	86540	69.50	70.47	70.95	68.05	69.08	70.05	70.05	71.10	71.83	69.20	70.22	70.94	0.909443791674	0.912349813949	100	100
20120	20120	86440	86440	69.28	70.22	70.70	67.75	69.03	69.88	69.90	70.95	71.67	68.97	70.07	70.75	0.910019871512	0.912417986762	100	100
20220	20220	86340	86340	69.30	70.12	70.70	67.70	68.80	69.67	69.90	70.75	71.62	68.97	69.89	70.67	0.910749458441	0.912842399516	100	100
20320	20320	86240	86240	69.05	70.10	70.45	67.60	68.78	69.42	69.90	70.58	71.30	68.85	69.82	70.39	0.910547436497	0.913558903241	100	100
20420	20420	86140	86140	69.05	69.97	70.30	67.30	68.58	69.22	69.78	70.42	71.10	68.71	69.66	70.21	0.910167374253	0.913851247209	100	100
20520	20520	86040	86040	69.03	69.97	70.17	67.03	68.53	69.20	69.70	70.33	71.00	68.58	69.61	70.12	0.91076805829	0.913763840308	100	100
20620	20620	85940	85940	68.90	69.97	70.05	66.97	68.47	68.97	69.25	70.15	71.03	68.38	69.53	70.02	0.910799331811	0.912716565131	100	100
20720	20720	85840	85840	68.65	69.67	69.70	66.85	68.38	68.95	69.20	70.10	70.78	68.23	69.38	69.81	0.911685364392	0.912856150509	100	100
20820	20820	85740	85740	68.53	69.60	69.67	66.90	68.25	68.80	69.20	70.05	70.72	68.21	69.30	69.73	0.912273045544	0.912473932934	100	100
20920	20920	85640	85640	68.38	69.35	69.47	66.75	68.10	68.70	69.12	70.08	70.60	68.08	69.17	69.59	0.912969442166	0.912535799839	100	100
21020	21020	85540	85540	68.40	69.35	69.30	66.53	67.90	68.70	69.12	69.83	70.47	68.02	69.03	69.49	0.913121078121	0.913864793167	100	100
21120	21120	85440	85440	68.33	69.30	69.12	66.42	67.88	68.45	68.88	69.72	70.28	67.88	68.97	69.28	0.913099365207	0.912963177541	100	100
21220	21220	85340	85340	68.05	69.15	69.08	66.42	67.83	68.20	68.70	69.67	70.03	67.72	68.88	69.10	0.913258620177	0.91420240499	100	100
21320	21320	85240	85240	67.88	69.15	68.95	66.33	67.55	68.20	68.53	69.70	69.78	67.58	68.80	68.97	0.912259766066	0.914356206182	100	100
21420	21420	85140	85140	67.75	69.00	68.92	66.22	67.50	68.10	68.45	69.50	69.70	67.47	68.67	68.91	0.912042656002	0.914856293137	100	100
21520	21520	85040	85040	67.65	68.70	68.83	66.08	67.35	67.92	68.05	69.42	69.45	67.26	68.49	68.73	0.911967484689	0.914802644433	100	100
21620	21620	84940	84940	67.40	68.55	68.65	65.88	67.30	67.92	68.12	69.40	69.22	67.13	68.42	68.60	0.912771925418	0.914745162818	100	100
21720	21720	84840	84840	67.35	68.55	68.53	66.05	67.30	67.72	68.05	69.22	68.92	67.15	68.36	68.39	0.912801190635	0.915071829724	100	100
21820	21820	84740	84740	67.28	68.55	68.35	66.00	67.08	67.50	67.95	69.30	68.92	67.08	68.31	68.26	0.913602724693	0.9150893033	100	100
21920	21920	84640	84640	67.12	68.30	68.35	65.78	66.97	67.47	67.85	69.10	68.92	66.92	68.12	68.25	0.914148350184	0.915221556859	100	100
22020	22020	84540	84540	66.92	68.15	68.20	65.75	66.97	67.35	67.72	68.95	68.88	66.80	68.03	68.14	0.914717015339	0.915458636647	100	100
22120	22120	84440	84440	66.92	68.12	67.95	65.70	66.83	67.05	67.42	68.83	68.55	66.68	67.92	67.85	0.915431768891	0.915930971245	100	100
22220	22220	84340	84340	66.78	68.05	67.83	65.53	66.60	66.78	67.10	68.50	68.35	66.47	67.72	67.65	0.915245324849	0.915854451735	100	100
22320	22320	84240	84240	66.72	67.90	67.75	65.40	66.58	66.70	67.08	68.50	68.22	66.40	67.66	67.56	0.914747298235	0.915893445484	100	100
22420	22420	84140	84140	66.55	67.83	67.45	65.40	66.60	66.62	66.92	68.47	68.20	66.29	67.63	67.42	0.91447377566	0.916337387995	100	100
22520	22520	84040	84040	66.42	67.72	67.42	65.08	66.45	66.70	66.90	68.35	68.17	66.13	67.51	67.43	0.91473281526	0.917108770495	100	100
22620	22620	83940	83940	66.30	67.55	67.33	64.92	66.45	66.55	66.65	68.40	68.05	65.96	67.47	67.31	0.914387628097	0.9174039255	100	100
22720	22720	83840	83840	65.97	67.50	67.15	64.88	66.40	66.53	66.72	68.40	68.03	65.86	67.43	67.23	0.914432400556	0.917720782144	100	100
22820	22820	83740	83740	65.85	67.35	67.05	64.85	66.25	66.47	66.67	68.25	67.88	65.79	67.28	67.13	0.91537414122	0.917929114898	100	100
22920	22920	83640	83640	65.78	67.38	66.78	64.72	66.38	66.25	66.60	68.15	67.70	65.70	67.30	66.91	0.915701604927	0.91850494325	100	100
23020	23020	83540	83540	65.85	67.20	66.75	64.60	66.40	66.08	66.58	68.08	67.60	65.67	67.22	66.81	0.91587623266	0.918619587231	100	100
23120	23120	83440	83440	65.62	67.08	66.53	64.65	66.33	65.97	66.55	68.00	67.53	65.61	67.13	66.67	0.916484985653	0.919223351775	100	100
23220	23220	83340	83340	65.50	66.85	66.47	64.65	66.33	65.75	66.55	67.85	67.40	65.57	67.01	66.54	0.91690946992	0.919419733688	100	100
23320	23320	83240	83240	65.40	66.75	66.22	64.45	66.25	65.60	66.50	67.75	67.30	65.45	66.92	66.38	0.916194823163	0.919884305641	100	100
23420	23420	83140	83140	65.38	66.62	66.15	64.55	66.20	65.50	66.35	67.50	67.08	65.42	66.78	66.24	0.916556308905	0.920003906509	100	100
23520	23520	83040	83040	65.30	66.50	66.10	64.45	66.15	65.47	66.25	67.45	67.00	65.33	66.70	66.19	0.916599086988	0.920134755805	100	100
23620	23620	82940	82940	65.12	66.42	65.85	64.40	66.03	65.22	66.17	67.47	66.75	65.23	66.64	65.94	0.916716050627	0.920415498001	100	100
23720	23720	82840	82840	65.03	66.17	65.60	64.33	65.97	65.25	66.10	67.35	66.58	65.15	66.50	65.81	0.917619796553	0.920027237563	100	100
23820	23820	82740	82740	64.88	66.05	65.58	64.22	65.80	65.25	66.05	67.15	66.55	65.05	66.33	65.79	0.917903593887	0.919869469976	100	100
23920	23920	82640	82640	64.92	66.05	65.25	64.22	65.62	65.15	65.90	67.12	66.50	65.02	66.27	65.63	0.918475025825	0.920207479913	100	100
24020	24020	82540	82540	64.88	65.90	65.15	64.17	65.62	65.05	65.85	67.17	66.35	64.97	66.23	65.52	0.91878240866	0.920051607893	100	100
24120	24120	82440	82440	64.75	65.88	65.03	64.05	65.55	64.97	65.80	67.12	66.22	64.87	66.18	65.41	0.919538814177	0.919842780775	100	100
24220	24220	82340	82340	64.72	65.88	64.90	63.92	65.20	64.80	65.67	66.70	66.10	64.78	65.92	65.27	0.919640539723	0.920471978935	100	100
24320	24320	82240	82240	64.50	65.62	64.83	63.98	65.15	64.72	65.47	66.70	66.00	64.65	65.83	65.18	0.920135471987	0.921049637304	100	100
24420	24420	82140	82140	64.40	65.55	64.83	63.95	65.10	64.58	65.38	66.70	65.90	64.58	65.78	65.10	0.920434484893	0.92104419612	100	100
24520	24520	82040	82040	64.40	65.38	64.75	63.90	64.88	64.45	65.40	66.58	65.85	64.57	65.61	65.02	0.920750538428	0.921554048186	100	100
24620	24620	81940	81940	64.15	65.25	64.70	63.83	64.85	64.40	65.17	66.58	65.78	64.38	65.56	64.96	0.920941251894	0.921327033011	100	100
24720	24720	81840	81840	64.17	65.17	64.67	63.70	64.70	64.38	65.05	66.50	65.65	64.31	65.46	64.90	0.92058209128	0.921637964349	100	100
24820	24820	81740	81740	64.10	65.15	64.62	63.70	64.70	64.15	64.97	66.38	65.53	64.26	65.41	64.77	0.920534060276	0.922093449585	100	100
24920	24920	81640	81640	64.08	65.17	64.42	63.75	64.67	64.15	64.83	66.25	65.40	64.22	65.37	64.66	0.920824721677	0.922292262873	100	100
25020	25020	81540	81540	64.08	65.10	64.33	63.62	64.42	64.10	64.65	66.25	65.30	64.12	65.26	64.58	0.92139009147	0.923207263023	100	100
25120	25120	81440	81440	64.03	65.00	64.25	63.58	64.30	63.88	64.50	66.12	65.33	64.03	65.14	64.48	0.921154159252	0.923993413452	100	100
25220	25220	81340	81340	63.90	64.85	64.05	63.58	64.28	63.75	64.47	65.92	65.28	63.98	65.02	64.36	0.920760431281	0.924000008983	100	100
25320	25320	81240	81240	63.83	64.78	63.92	63.48	64.03	63.73	64.33	65.70	65.20	63.88	64.83	64.28	0.921323981043	0.923982097172	100	100
25420	25420	81140	81140	63.75	64.80	63.77	63.38	63.83	63.67	64.28	65.62	65.17	63.80	64.75	64.21	0.921164021616	0.923808038705	100	100
25520	25520	81040	81040	63.65	64.83	63.80	63.17	63.88	63.62	64.22	65.62	65.00	63.68	64.78	64.14	0.921824393543	0.923671346699	100	100
25620	25620	80940	80940	63.52	64.85	63.73	63.05	63.73	63.62	64.22	65.45	64.92	63.60	64.67	64.09	0.921418752277	0.923783967543	100	100
25720	25720	80840	80840	63.42	64.78	63.77	63.08	63.70	63.58	64.15	65.45	64.95	63.55	64.64	64.10	0.921628591541	0.923767414679	100	100
25820	25820	80740	80740	63.45	64.65	63.65	62.98	63.67	63.52	64.10	65.30	64.78	63.51	64.54	63.98	0.921612587302	0.924296608261	100	100
25920	25920	80640	80640	63.42	64.62	63.60	62.92	63.58	63.42	64.15	65.33	64.72	63.50	64.51	63.92	0.922164160166	0.924730680069	99	100
26019	26020	80541	80540	63.27	64.62	63.48	62.90	63.70	63.35	64.00	65.30	64.67	63.39	64.54	63.83	0.922620383319	0.924348872973	100	100
26119	26120	80441	80440	63.23	64.65	63.48	62.67	63.58	63.30	63.88	65.20	64.67	63.26	64.47	63.82	0.923133773395	0.924472697268	100	100
26219	26220	80341	80340	63.20	64.60	63.33	62.55	63.52	63.27	63.75	65.25	64.65	63.17	64.46	63.75	0.922951597767	0.924279330194	100	100
26319	26320	80241	80240	63.12	64.55	63.25	62.55	63.42	63.15	63.73	65.20	64.50	63.13	64.39	63.63	0.922912511442	0.925031808371	100	100
26419	26420	80141	80140	63.08	64.45	63.25	62.40	63.38	62.88	63.75	65.05	64.47	63.08	64.29	63.53	0.922549834553	0.925560735294	100	100
26519	26520	80041	80040	63.20	64.38	63.17	62.38	63.35	62.85	63.77	65.03	64.38	63.12	64.25	63.47	0.923143018079	0.925655266509	100	100
26619	26620	79941	79940	63.08	64.38	63.10	62.35	63.30	62.75	63.70	65.05	64.25	63.04	64.24	63.37	0.923457052013	0.925791879875	100	100
26719	26720	79841	79840	63.08	64.17	62.95	62.30	63.35	62.67	63.60	65.03	64.28	62.99	64.18	63.30	0.923692918229	0.925297792915	100	100
26819	26820	79741	79740	62.73	64.12	62.88	62.20	63.38	62.62	63.50	64.97	64.25	62.81	64.16	63.25	0.923549145861	0.925518488223	100	100
26919	26920	79641	79640	62.65	64.05	62.88	62.15	63.35	62.42	63.42	65.00	64.25	62.74	64.13	63.18	0.923421692513	0.926414846937	100	100
27019	27020	79541	79540	62.60	64.05	62.88	62.15	63.17	62.42	63.45	65.00	64.17	62.73	64.08	63.16	0.92333639352	0.926338226095	100	100
27119	27120	79441	79440	62.42	63.98	62.77	61.95	63.15	62.40	63.30	64.88	64.17	62.56	64.00	63.12	0.923448953862	0.926628329968	100	100
27219	27220	79341	79340	62.40	64.08	62.73	61.80	63.08	62.35	63.23	64.78	64.12	62.48	63.98	63.07	0.923616603463	0.926577215943	100	100
27319	27320	79241	79240	62.20	63.95	62.65	61.70	63.12	62.25	63.10	64.65	63.98	62.33	63.91	62.96	0.924107198622	0.926282066244	100	100
27419	27420	79141	79140	62.15	63.95	62.55	61.60	62.95	62.17	63.05	64.60	63.83	62.27	63.83	62.85	0.924493418473	0.926410975059	100	100
27519	27520	79041	79040	62.15	63.90	62.48	61.52	63.00	62.12	63.00	64.53	63.77	62.23	63.81	62.79	0.924475500876	0.926796200648	100	100
27619	27620	78941	78940	62.12	63.88	62.45	61.60	62.95	62.05	62.98	64.58	63.67	62.23	63.80	62.73	0.925024014584	0.926926873698	100	100
27719	27720	78841	78840	62.20	63.75	62.33	61.55	62.85	62.00	62.88	64.55	63.70	62.21	63.72	62.67	0.924913645481	0.926973444893	100	100
27819	27820	78741	78740	62.17	63.77	62.35	61.55	62.83	61.92	62.77	64.33	63.67	62.17	63.64	62.65	0.924301041406	0.927645187288	100	100
27919	27920	78641	78640	62.05	63.70	62.33	61.50	62.75	61.85	62.75	64.38	63.48	62.10	63.61	62.55	0.924351388666	0.927889920015	100	100
28019	28020	78541	78540	62.10	63.62	62.33	61.40	62.70	61.88	62.73	64.38	63.42	62.08	63.57	62.54	0.924254911145	0.928264199057	100	100
28119	28120	78441	78440	61.95	63.60	62.30	61.42	62.62	61.77	62.65	64.22	63.45	62.01	63.48	62.51	0.923820370243	0.928121159627	100	100
28219	28220	78341	78340	61.83	63.55	62.20	61.35	62.55	61.85	62.55	64.17	63.45	61.91	63.42	62.50	0.924508379493	0.928220009849	100	100
28319	28320	78241	78240	61.83	63.48	62.12	61.25	62.55	61.80	62.40	64.17	63.30	61.83	63.40	62.41	0.924484725846	0.928234552495	100	100
28419	28420	78141	78140	61.80	63.25	62.12	61.15	62.50	61.77	62.45	64.15	63.27	61.80	63.30	62.39	0.924953640946	0.928537365783	100	100
28519	28520	78041	78040	61.67	63.30	62.10	61.15	62.52	61.70	62.42	64.00	63.27	61.75	63.27	62.36	0.924825802647	0.928878759751	100	100
28619	28620	77941	77940	61.55	63.25	62.08	61.10	62.38	61.62	62.27	63.85	63.23	61.64	63.16	62.31	0.92512972167	0.928937875398	100	100
28719	28720	77841	77840	61.52	63.30	62.00	60.98	62.48	61.60	62.25	63.80	63.10	61.58	63.19	62.23	0.924986819253	0.92887901377	100	100
28819	28820	77741	77740	61.50	63.30	62.00	60.90	62.42	61.55	62.17	63.77	62.98	61.52	63.17	62.17	0.925108414619	0.928942333002	100	100
28919	28920	77641	77640	61.42	63.15	61.90	60.92	62.30	61.45	62.12	63.62	62.90	61.49	63.02	62.08	0.925226181288	0.929603915052	100	100
29019	29020	77541	77540	61.40	63.15	61.88	60.83	62.20	61.40	61.95	63.67	62.80	61.39	63.01	62.02	0.92504399266	0.929563626507	100	100
29119	29120	77441	77440	61.25	63.20	61.70	60.77	62.23	61.40	61.88	63.50	62.73	61.30	62.98	61.94	0.925561802844	0.930099068633	100	100
29219	29220	77341	77340	61.10	63.02	61.65	60.65	62.23	61.38	61.85	63.50	62.67	61.20	62.92	61.90	0.925734118383	0.929834801681	100	100
29319	29320	77241	77240	61.08	62.90	61.52	60.58	62.17	61.30	61.75	63.38	62.50	61.13	62.82	61.77	0.925690486609	0.929969494218	100	100
29419	29420	77141	77140	60.98	62.85	61.45	60.50	62.12	61.25	61.70	63.35	62.55	61.06	62.77	61.75	0.925537773618	0.92992740855	100	100
29519	29520	77041	77040	60.95	62.73	61.27	60.45	62.08	61.25	61.70	63.30	62.50	61.03	62.70	61.67	0.925537818945	0.930250438623	100	100
29619	29620	76941	76940	60.90	62.65	61.23	60.50	61.92	61.20	61.58	63.30	62.38	60.99	62.62	61.60	0.925905589113	0.929866192401	100	100
29719	29720	76841	76840	60.85	62.58	61.15	60.45	61.90	61.23	61.58	63.27	62.38	60.96	62.58	61.58	0.925711663614	0.929979198088	100	100
29819	29820	76741	76740	60.83	62.62	61.17	60.42	61.85	61.15	61.55	63.20	62.20	60.93	62.56	61.51	0.925428317723	0.930353794093	100	100
29919	29920	76641	76640	60.70	62.45	61.12	60.42	61.73	61.05	61.52	63.12	62.20	60.88	62.43	61.46	0.925942024245	0.93056874581	100	100
30019	30020	76541	76540	60.58	62.33	61.02	60.40	61.73	61.00	61.45	63.12	62.02	60.81	62.39	61.35	0.92618304488	0.930992286734	100	100
30119	30120	76441	76440	60.60	62.30	60.92	60.40	61.73	60.95	61.40	63.00	61.77	60.80	62.34	61.22	0.92620363055	0.930999647317	100	100
30219	30220	76341	76340	60.55	62.25	60.83	60.33	61.73	60.88	61.30	62.88	61.83	60.73	62.28	61.17	0.926893995546	0.931223733605	100	100
30319	30320	76241	76240	60.52	62.10	60.65	60.25	61.67	60.77	61.20	62.80	61.73	60.66	62.19	61.05	0.927041085821	0.931528926514	100	100
30419	30420	76141	76140	60.52	62.08	60.65	60.15	61.67	60.75	61.17	62.88	61.73	60.62	62.21	61.04	0.927122350083	0.931874555706	100	100
30519	30520	76041	76040	60.50	62.08	60.58	60.12	61.60	60.62	61.10	62.80	61.67	60.58	62.16	60.96	0.927484932952	0.932214805424	100	100
30619	30620	75941	75940	60.42	62.15	60.58	60.00	61.55	60.48	61.12	62.77	61.60	60.52	62.16	60.88	0.92781250863	0.932260074987	100	100
30719	30720	75841	75840	60.45	62.05	60.50	59.98	61.52	60.48	61.05	62.77	61.58	60.49	62.12	60.85	0.928054006031	0.932717238667	100	100
