12120	12120	94562	94562	75.08	77.75	79.85	74.58	77.65	79.25	75.28	78.53	79.90	74.97	77.97	79.67	3.75881960409	3.97308300068
12120	12120	94562	94562	75.08	77.75	79.85	74.58	77.65	79.25	75.30	78.53	79.90	74.98	77.97	79.67	2.07159484086	2.09695801249	50	50
12170	12170	94512	94512	74.67	77.45	79.45	73.50	77.20	78.85	74.08	78.78	79.45	74.08	77.81	79.25	1.4152486633	1.45029495078	50	50
12220	12220	94462	94462	72.70	77.35	77.62	72.42	76.47	76.83	72.70	77.28	77.38	72.61	77.03	77.28	1.17750460899	1.25077248399	50	50
12270	12270	94412	94412	71.47	75.75	75.90	71.67	75.53	75.50	71.17	76.17	75.47	71.44	75.82	75.62	1.0554757328	1.11847281272	50	50
12320	12320	94362	94362	70.42	74.75	74.90	70.90	74.90	74.67	70.60	75.58	74.47	70.64	75.08	74.68	0.977742552854	1.02863931699	50	50
12370	12370	94312	94312	70.45	74.53	74.67	70.90	74.72	74.22	70.65	75.45	74.33	70.67	74.90	74.41	0.946206489838	0.973827790202	50	50
12420	12420	94262	94262	71.17	74.75	74.88	71.22	74.75	74.53	70.92	75.53	74.47	71.11	75.01	74.62	0.929938140397	0.943099365317	50	50
12470	12470	94212	94212	71.47	74.97	75.25	71.53	74.78	75.05	71.15	75.83	74.75	71.38	75.19	75.02	0.916867914493	0.927895441354	50	50
12520	12520	94162	94162	72.05	75.65	75.88	71.83	75.10	75.33	71.47	76.10	75.40	71.78	75.62	75.53	0.906349028213	0.92097503205	50	50
12570	12570	94112	94112	72.85	75.90	76.35	72.55	75.22	75.72	72.22	76.38	76.08	72.54	75.83	76.05	0.904860163009	0.919971226127	50	50
12620	12620	94062	94062	73.53	76.15	76.70	72.53	75.47	76.15	72.67	76.42	76.40	72.91	76.02	76.42	0.900646444902	0.91426381413	50	50
12670	12670	94012	94012	73.55	76.47	77.42	72.67	75.83	76.65	73.08	76.60	76.78	73.10	76.30	76.95	0.89184476136	0.907559149994	50	50
12720	12720	93962	93962	73.88	76.90	77.75	73.10	76.22	76.75	73.30	76.78	77.22	73.42	76.63	77.24	0.885353095856	0.901379748998	50	50
12770	12770	93912	93912	74.15	77.03	78.25	73.38	76.38	77.05	73.62	77.05	77.55	73.72	76.82	77.62	0.879854986026	0.8987189563	50	50
12820	12820	93862	93862	74.47	77.12	78.47	73.60	76.35	77.42	73.90	77.35	77.90	73.99	76.94	77.93	0.876450668814	0.895680419612	50	50
12870	12870	93812	93812	74.65	77.53	78.38	73.85	76.55	77.72	74.15	77.65	78.25	74.22	77.24	78.12	0.875259429942	0.89127354112	50	50
12920	12920	93762	93762	74.90	77.55	78.83	73.78	76.90	77.80	74.22	77.70	78.55	74.30	77.38	78.39	0.873979942249	0.890295007232	50	50
12970	12970	93712	93712	74.85	77.80	79.12	73.88	77.17	77.90	74.47	77.85	78.92	74.40	77.61	78.65	0.883056431108	0.892269179679	50	50
13020	13020	93662	93662	75.15	77.95	79.30	74.00	77.22	78.17	74.53	78.08	79.17	74.56	77.75	78.88	0.882672836317	0.896802440842	50	50
13070	13070	93612	93612	75.42	78.10	79.78	74.22	77.42	78.10	74.75	78.33	79.35	74.80	77.95	79.08	0.883927806767	0.893319943593	50	50
13120	13120	93562	93562	75.40	78.38	80.10	74.08	77.42	78.03	74.90	78.33	79.38	74.79	78.04	79.17	0.883428687083	0.895017253517	50	50
13170	13170	93512	93512	75.65	78.40	80.15	74.10	77.47	78.35	75.08	78.38	79.50	74.94	78.08	79.33	0.881840777407	0.89336757867	50	50
13220	13220	93462	93462	75.53	78.33	80.20	74.03	77.35	78.30	75.35	78.58	79.62	74.97	78.08	79.38	0.878551045129	0.893504930621	50	50
13270	13270	93412	93412	75.62	78.47	80.40	74.12	77.30	78.45	75.58	78.53	79.80	75.11	78.10	79.55	0.877016267485	0.893049062206	50	50
13320	13320	93362	93362	75.53	78.55	80.45	73.97	77.30	78.58	75.60	78.42	79.92	75.03	78.09	79.65	0.880139347165	0.890949702691	50	50
13370	13370	93312	93312	75.65	78.88	80.62	74.12	77.38	78.70	75.53	78.58	80.10	75.10	78.28	79.81	0.882888317182	0.895813137148	50	50
13420	13420	93262	93262	75.80	78.78	80.65	74.12	77.22	78.80	75.70	78.28	80.05	75.21	78.09	79.83	0.881033946132	0.899021488681	50	50
13470	13470	93212	93212	75.85	78.95	80.47	74.03	77.28	79.00	75.83	78.38	80.05	75.23	78.20	79.84	0.88359921318	0.899534481019	50	50
13520	13520	93162	93162	76.03	79.00	80.50	74.08	77.12	78.83	75.80	78.38	80.05	75.30	78.17	79.79	0.884462452435	0.900300177485	50	50
13570	13570	93112	93112	76.03	79.03	80.35	74.03	76.85	78.78	75.80	78.22	80.10	75.28	78.03	79.74	0.885368639492	0.899424358807	50	50
13620	13620	93062	93062	76.30	78.92	80.30	74.05	76.90	78.65	75.92	78.17	80.08	75.42	78.00	79.67	0.886406838822	0.897898509498	50	50
13670	13670	93012	93012	76.35	78.95	80.08	73.97	76.88	78.45	75.88	78.17	80.30	75.40	78.00	79.61	0.888271320745	0.898851803997	50	50
13720	13720	92962	92962	76.05	79.00	80.25	74.12	76.92	78.55	75.78	78.20	80.08	75.32	78.04	79.62	0.88917301113	0.89842889405	50	50
13770	13770	92912	92912	75.88	78.85	80.35	73.97	76.80	78.47	75.92	77.97	79.95	75.26	77.88	79.59	0.890267685668	0.897894378059	50	50
13820	13820	92862	92862	75.90	78.75	80.40	74.08	76.75	78.25	76.03	78.05	79.90	75.33	77.85	79.52	0.891266927352	0.897601328788	50	50
13870	13870	92812	92812	76.17	78.85	80.53	73.78	76.50	78.25	76.15	78.00	79.92	75.37	77.78	79.57	0.895644972176	0.898252198257	50	50
13920	13920	92762	92762	76.17	78.78	80.42	73.78	76.40	78.28	76.17	78.03	80.00	75.38	77.73	79.57	0.895472990835	0.899315075671	50	50
13970	13970	92712	92712	76.17	78.62	80.50	73.78	76.42	78.20	76.20	78.05	79.85	75.38	77.70	79.52	0.895689664786	0.900598530379	50	50
14020	14020	92662	92662	76.12	78.50	80.67	73.83	76.35	78.00	76.25	77.95	79.90	75.40	77.60	79.53	0.897547923385	0.901998126839	50	50
14070	14070	92612	92612	76.30	78.42	80.62	73.83	76.45	77.85	76.12	77.92	79.78	75.42	77.60	79.42	0.896995261106	0.904725476281	50	50
14120	14120	92562	92562	76.38	78.50	80.70	73.83	76.30	77.83	76.12	78.00	79.95	75.44	77.60	79.49	0.896316137266	0.903090252105	50	50
14170	14170	92512	92512	76.30	78.53	80.55	73.75	76.50	77.88	76.10	77.88	79.95	75.38	77.63	79.46	0.89673121901	0.901012522659	50	50
14220	14220	92462	92462	76.25	78.38	80.47	73.75	76.53	77.70	75.90	77.70	79.95	75.30	77.53	79.38	0.896217906069	0.899862652176	50	50
14270	14270	92412	92412	76.33	78.35	80.53	73.95	76.55	77.75	75.97	77.72	79.85	75.42	77.54	79.38	0.895999355853	0.901073993426	50	50
14320	14320	92362	92362	76.20	78.53	80.58	73.95	76.40	77.58	76.00	77.78	79.85	75.38	77.57	79.33	0.897612644039	0.901363141147	50	50
14370	14370	92312	92312	76.38	78.25	80.55	73.75	76.38	77.62	76.03	77.65	79.80	75.38	77.42	79.33	0.897596884993	0.899719185263	50	50
14420	14420	92262	92262	76.22	78.10	80.62	73.72	76.38	77.50	76.03	77.65	79.90	75.33	77.38	79.34	0.897247419668	0.9013475753	50	50
14470	14470	92212	92212	76.08	78.12	80.88	73.78	76.35	77.62	75.95	77.53	79.85	75.27	77.33	79.45	0.896944380586	0.90075859294	50	50
14520	14520	92162	92162	76.10	78.28	80.72	73.97	76.17	77.62	75.75	77.60	79.88	75.28	77.35	79.41	0.897920741192	0.901060531801	50	50
14570	14570	92112	92112	76.05	78.20	80.40	73.83	76.08	77.62	75.67	77.47	79.83	75.18	77.25	79.28	0.897194470635	0.902990787495	50	50
14620	14620	92062	92062	76.03	78.17	80.25	73.83	76.03	77.38	75.58	77.40	79.67	75.14	77.20	79.10	0.897348558239	0.902523015582	50	50
14670	14670	92012	92012	75.92	78.20	80.22	73.58	76.00	77.38	75.50	77.42	79.47	75.00	77.21	79.03	0.898418415898	0.903802535637	50	50
14720	14720	91962	91962	75.90	77.92	80.05	73.53	75.97	77.28	75.53	77.40	79.45	74.98	77.10	78.92	0.899233256013	0.903252099435	50	50
14770	14770	91912	91912	75.90	77.95	79.83	73.85	75.92	77.08	75.42	77.15	79.25	75.06	77.01	78.72	0.898264917736	0.904352803534	50	50
14820	14820	91862	91862	75.70	77.95	79.42	73.72	75.95	77.00	75.17	77.17	79.20	74.87	77.03	78.54	0.897299794763	0.904675023777	50	50
14870	14870	91812	91812	75.60	77.80	79.58	73.62	75.95	76.92	75.35	77.12	79.12	74.86	76.96	78.54	0.896145116253	0.904524412956	50	50
14920	14920	91762	91762	75.47	77.72	79.58	73.45	75.80	77.12	75.22	76.90	79.05	74.72	76.81	78.58	0.896368461045	0.905142867918	50	50
14970	14970	91712	91712	75.50	77.58	79.42	73.33	75.72	76.92	75.28	76.90	79.08	74.70	76.73	78.47	0.896615498761	0.904908071838	50	50
15020	15020	91662	91662	75.53	77.50	79.40	73.33	75.75	76.83	75.30	76.90	79.03	74.72	76.72	78.42	0.896829487892	0.906976536217	50	50
15070	15070	91612	91612	75.42	77.53	79.38	73.33	75.70	76.67	75.17	77.08	79.00	74.64	76.77	78.35	0.896704088722	0.90700337558	50	50
15120	15120	91562	91562	75.35	77.42	79.10	73.22	75.67	76.60	75.30	76.95	78.95	74.62	76.68	78.22	0.897387730841	0.905016989754	50	50
15170	15170	91512	91512	75.28	77.55	78.90	73.12	75.60	76.53	75.10	76.90	78.83	74.50	76.68	78.08	0.898674275907	0.904644701683	50	50
15220	15220	91462	91462	75.30	77.53	78.95	73.10	75.70	76.47	75.17	76.72	78.75	74.53	76.65	78.06	0.898692223634	0.904741707214	50	50
15270	15270	91412	91412	75.38	77.45	78.88	73.10	75.65	76.38	75.05	76.75	78.62	74.51	76.62	77.96	0.899066940417	0.906599658926	50	50
15320	15320	91362	91362	75.38	77.42	78.88	73.15	75.70	76.38	74.97	76.60	78.58	74.50	76.58	77.94	0.899069331155	0.907368704053	50	50
15370	15370	91312	91312	75.12	77.30	78.65	73.17	75.50	76.33	74.67	76.67	78.30	74.33	76.49	77.76	0.899898982802	0.907274469208	50	50
15420	15420	91262	91262	75.17	77.15	78.47	72.95	75.58	76.25	74.53	76.62	78.12	74.22	76.45	77.62	0.901496535263	0.907134082372	50	50
15470	15470	91212	91212	75.22	77.22	78.38	72.85	75.30	76.08	74.75	76.50	78.08	74.28	76.34	77.51	0.90189214656	0.907572707012	50	50
15520	15520	91162	91162	75.05	77.10	78.28	72.72	75.33	76.03	74.70	76.55	78.00	74.16	76.33	77.43	0.901472643425	0.908001787127	50	50
15570	15570	91112	91112	75.05	77.08	78.22	72.70	75.28	75.88	74.65	76.58	78.05	74.13	76.31	77.38	0.900472142367	0.907933659294	50	50
15620	15620	91062	91062	75.10	76.88	78.12	72.67	75.15	76.00	74.72	76.35	78.05	74.17	76.12	77.39	0.90078814968	0.909070172477	50	50
15670	15670	91012	91012	75.08	76.85	78.10	72.55	75.20	76.08	74.67	76.40	77.88	74.10	76.15	77.35	0.901365389133	0.909608461369	50	50
15720	15720	90962	90962	74.92	76.85	77.95	72.45	75.17	76.17	74.60	76.40	77.75	73.99	76.14	77.29	0.902248551511	0.908985334654	50	50
15770	15770	90912	90912	75.12	76.67	77.78	72.28	74.75	76.17	74.70	76.28	77.65	74.03	75.90	77.20	0.902858132471	0.910040249583	50	50
15820	15820	90862	90862	74.97	76.50	77.72	72.17	74.62	76.10	74.72	76.33	77.58	73.96	75.82	77.13	0.903939779267	0.910128803626	50	50
15870	15870	90812	90812	74.70	76.47	77.70	72.15	74.50	76.00	74.60	76.15	77.40	73.82	75.71	77.03	0.904592795942	0.910471099056	50	50
15920	15920	90762	90762	74.55	76.58	77.67	72.15	74.60	75.80	74.30	76.20	77.30	73.67	75.79	76.92	0.903781503808	0.912365203984	50	50
15970	15970	90712	90712	74.45	76.60	77.42	72.03	74.47	75.78	74.25	75.88	77.28	73.58	75.65	76.83	0.904452362245	0.911590010534	50	50
16020	16020	90662	90662	74.50	76.47	77.35	71.90	74.40	75.53	74.08	75.90	77.28	73.49	75.59	76.72	0.904499292892	0.91069367995	50	50
16070	16070	90612	90612	74.33	76.25	77.30	71.90	74.28	75.33	74.03	75.75	77.20	73.42	75.42	76.61	0.904145051365	0.910516103769	50	50
16120	16120	90562	90562	74.35	76.40	77.20	71.53	74.20	75.20	73.90	75.70	77.12	73.26	75.43	76.51	0.903325058095	0.910162992869	50	50
16170	16170	90512	90512	74.33	76.35	77.20	71.47	74.12	75.00	73.70	75.72	76.95	73.17	75.40	76.38	0.903317546941	0.908421947039	50	50
16220	16220	90462	90462	74.20	76.17	77.22	71.45	74.05	74.97	73.60	75.53	76.70	73.08	75.25	76.30	0.902764225966	0.90904518043	50	50
16270	16270	90412	90412	74.20	76.03	77.10	71.40	73.92	74.92	73.55	75.45	76.75	73.05	75.13	76.26	0.903778114607	0.908780226379	50	50
16320	16320	90362	90362	74.12	76.05	77.08	71.53	73.83	75.00	73.42	75.33	76.55	73.03	75.07	76.21	0.904580826597	0.908861386173	50	50
16370	16370	90312	90312	74.15	76.08	76.90	71.38	73.80	74.78	73.35	75.25	76.53	72.96	75.04	76.07	0.905878910787	0.909815202439	50	50
16420	16420	90262	90262	73.95	75.90	76.95	71.22	73.67	74.83	73.58	75.20	76.40	72.92	74.92	76.06	0.90534003081	0.909689411099	50	50
16470	16470	90212	90212	73.72	75.85	76.92	71.25	73.62	74.85	73.58	75.17	76.30	72.85	74.88	76.03	0.904672244357	0.908971211208	50	50
16520	16520	90162	90162	73.65	75.83	76.88	71.25	73.42	74.83	73.50	75.17	76.28	72.80	74.81	75.99	0.905280414107	0.909650379642	50	50
16570	16570	90112	90112	73.50	75.78	76.85	71.25	73.53	74.72	73.30	75.30	76.00	72.68	74.87	75.86	0.904905797513	0.90981577512	50	50
16620	16620	90062	90062	73.47	75.67	76.80	71.15	73.42	74.67	73.42	75.10	76.05	72.68	74.73	75.84	0.904192546644	0.910375111588	50	50
16670	16670	90012	90012	73.35	75.70	76.80	71.10	73.40	74.55	73.47	75.15	76.03	72.64	74.75	75.79	0.903101421253	0.910306462473	50	50
16720	16720	89962	89962	73.22	75.72	76.75	71.17	73.22	74.40	73.30	75.17	76.00	72.57	74.71	75.72	0.903574616791	0.909776263621	50	50
16770	16770	89912	89912	73.12	75.50	76.53	71.15	73.12	74.33	73.17	75.05	75.78	72.48	74.56	75.54	0.903955523262	0.910593724515	50	50
16820	16820	89862	89862	73.08	75.38	76.42	71.20	73.08	74.33	73.12	74.83	75.95	72.47	74.42	75.57	0.904452643432	0.910772747381	50	50
16870	16870	89812	89812	73.15	75.12	76.28	71.10	72.92	74.17	73.10	74.75	75.85	72.45	74.27	75.43	0.903874715775	0.910796204215	50	50
16920	16920	89762	89762	73.05	74.90	76.20	70.97	72.88	74.28	73.17	74.60	75.83	72.40	74.12	75.43	0.904298010604	0.910006556762	50	50
16970	16970	89712	89712	72.85	74.80	76.10	71.00	72.88	74.10	73.20	74.72	75.75	72.35	74.13	75.32	0.905241463849	0.909697621236	50	50
17020	17020	89662	89662	72.92	74.80	75.92	70.90	72.85	73.97	73.10	74.70	75.60	72.31	74.12	75.17	0.905089421791	0.910106512974	50	50
17070	17070	89612	89612	72.90	74.78	75.85	70.88	72.72	73.88	73.05	74.75	75.55	72.28	74.08	75.09	0.904515736531	0.909182904269	50	50
17120	17120	89562	89562	72.85	74.90	75.85	70.90	72.60	73.78	73.08	74.83	75.47	72.28	74.11	75.03	0.904351009571	0.910014376025	50	50
17170	17170	89512	89512	72.75	74.75	75.72	70.90	72.65	73.60	73.05	74.83	75.38	72.23	74.08	74.90	0.905799718843	0.910521651122	50	50
17220	17220	89462	89462	72.78	74.72	75.53	70.72	72.67	73.45	72.90	74.80	75.35	72.13	74.07	74.78	0.90637230182	0.910183068689	50	50
17270	17270	89412	89412	72.58	74.62	75.47	70.55	72.67	73.40	72.70	74.88	75.33	71.94	74.06	74.73	0.906492065209	0.910896091141	50	50
17320	17320	89362	89362	72.47	74.53	75.33	70.47	72.65	73.17	72.70	74.70	75.28	71.88	73.96	74.59	0.907060189893	0.909880469838	50	50
17370	17370	89312	89312	72.45	74.38	75.35	70.47	72.78	73.17	72.80	74.78	75.35	71.91	73.97	74.62	0.906671116824	0.908470502899	50	50
17420	17420	89262	89262	72.25	74.35	75.28	70.38	72.60	73.15	72.62	74.62	75.35	71.75	73.86	74.59	0.907908217946	0.908200983906	50	50
17470	17470	89212	89212	72.15	74.33	75.12	70.28	72.53	73.15	72.58	74.62	75.25	71.67	73.83	74.51	0.907333776271	0.909096986508	50	50
17520	17520	89162	89162	72.12	74.25	75.15	70.00	72.30	73.00	72.55	74.58	75.17	71.56	73.71	74.44	0.907787329215	0.910427031896	50	50
17570	17570	89112	89112	72.15	74.17	75.08	70.10	72.28	72.90	72.55	74.60	75.20	71.60	73.68	74.39	0.907598523586	0.910882659155	50	50
17620	17620	89062	89062	72.12	73.97	74.90	70.17	72.33	72.70	72.58	74.42	75.00	71.62	73.58	74.20	0.907799664609	0.910167910577	50	50
17670	17670	89012	89012	72.03	74.03	74.88	70.10	72.28	72.67	72.53	74.53	75.12	71.55	73.61	74.22	0.907609435098	0.910738633566	50	50
17720	17720	88962	88962	71.95	73.90	74.92	69.97	72.12	72.58	72.55	74.47	75.05	71.49	73.50	74.18	0.90846551598	0.909749649841	50	50
17770	17770	88912	88912	71.90	73.70	74.85	70.10	72.10	72.50	72.38	74.50	74.95	71.46	73.43	74.10	0.908531698884	0.90953609106	50	50
17820	17820	88862	88862	71.83	73.55	74.85	70.25	72.12	72.47	72.38	74.40	74.88	71.48	73.36	74.07	0.908798834225	0.909920849464	50	50
17870	17870	88812	88812	71.70	73.45	74.75	70.08	72.12	72.45	72.33	74.22	74.83	71.37	73.27	74.01	0.909813172159	0.911403094988	50	50
17920	17920	88762	88762	71.67	73.47	74.60	69.88	72.08	72.35	72.28	74.10	74.75	71.28	73.22	73.90	0.909917354692	0.91191975503	50	50
17970	17970	88712	88712	71.62	73.38	74.70	69.95	72.12	72.22	72.22	74.00	74.72	71.27	73.17	73.88	0.909556504046	0.911755296769	50	50
18020	18020	88662	88662	71.50	73.33	74.67	69.92	72.08	72.08	72.22	73.97	74.60	71.22	73.12	73.78	0.909451190807	0.911770591619	50	50
18070	18070	88612	88612	71.42	73.17	74.53	70.03	72.00	72.05	72.05	74.08	74.67	71.17	73.08	73.75	0.909333523231	0.912568832769	50	50
18120	18120	88562	88562	71.45	73.05	74.55	69.97	71.97	72.00	71.97	74.05	74.60	71.13	73.03	73.72	0.909745457097	0.912706395352	50	50
18170	18170	88512	88512	71.35	73.03	74.40	69.88	72.00	72.03	71.90	74.03	74.60	71.04	73.02	73.67	0.909837704631	0.91359786015	50	50
18220	18220	88462	88462	71.30	73.08	74.35	69.97	71.90	72.20	71.90	73.92	74.58	71.06	72.97	73.71	0.910105072567	0.912904328768	50	50
18270	18270	88412	88412	71.40	72.95	74.40	69.80	71.83	72.10	71.80	73.67	74.40	71.00	72.82	73.63	0.910559105265	0.912493327501	50	50
18320	18320	88362	88362	71.38	72.80	74.38	69.83	71.75	72.15	71.80	73.62	74.35	71.00	72.72	73.62	0.910365646346	0.912794412566	50	50
18370	18370	88312	88312	71.42	72.80	74.22	69.80	71.75	72.05	71.78	73.35	74.35	71.00	72.63	73.54	0.911749037586	0.913226533453	50	50
18420	18420	88262	88262	71.38	72.65	74.05	69.75	71.75	72.05	71.70	73.40	74.12	70.94	72.60	73.41	0.911938260034	0.913028879847	50	50
18470	18470	88212	88212	71.30	72.60	74.03	69.70	71.55	71.95	71.70	73.35	73.97	70.90	72.50	73.32	0.911586716266	0.912243753379	50	50
18520	18520	88162	88162	71.30	72.50	73.95	69.55	71.38	71.80	71.62	73.30	73.83	70.83	72.39	73.19	0.911154639412	0.911608514055	50	50
18570	18570	88112	88112	71.33	72.50	73.83	69.53	71.03	71.72	71.42	73.25	73.67	70.76	72.26	73.08	0.911056964121	0.912342836873	50	50
18620	18620	88062	88062	71.25	72.45	73.78	69.60	71.05	71.55	71.35	73.20	73.60	70.73	72.23	72.97	0.911761351423	0.912556444277	50	50
18670	18670	88012	88012	71.25	72.40	73.60	69.47	71.00	71.53	71.40	73.12	73.50	70.71	72.17	72.88	0.911169775792	0.912954120946	50	50
18720	18720	87962	87962	71.17	72.38	73.50	69.50	70.97	71.47	71.45	73.15	73.42	70.71	72.17	72.80	0.911382548089	0.912893286874	50	50
18770	18770	87912	87912	71.08	72.20	73.40	69.42	71.08	71.42	71.33	73.12	73.40	70.61	72.13	72.74	0.911992392253	0.912879402989	50	50
18820	18820	87862	87862	71.15	72.15	73.38	69.47	70.95	71.45	71.10	72.95	73.28	70.58	72.02	72.70	0.911426693733	0.91251678582	50	50
18870	18870	87812	87812	71.17	72.17	73.30	69.50	70.83	71.47	71.08	72.78	73.25	70.58	71.92	72.67	0.911405168138	0.912873250775	50	50
18920	18920	87762	87762	71.15	72.03	73.35	69.55	70.75	71.45	71.08	72.88	73.15	70.59	71.88	72.65	0.911545426265	0.912288028188	50	50
18970	18970	87712	87712	71.15	72.08	73.28	69.58	70.72	71.42	71.25	72.85	73.15	70.66	71.88	72.62	0.911896795309	0.912213503648	50	50
19020	19020	87662	87662	71.10	72.03	73.35	69.67	70.72	71.38	71.25	72.75	73.08	70.67	71.83	72.60	0.912613205194	0.912273435683	50	50
19070	19070	87612	87612	71.08	72.00	73.28	69.65	70.53	71.33	71.20	72.65	72.97	70.64	71.72	72.53	0.912727226431	0.913170324438	50	50
19120	19120	87562	87562	70.92	72.05	73.15	69.58	70.60	71.15	71.30	72.55	72.90	70.60	71.73	72.40	0.912149382909	0.913247322877	50	50
19170	19170	87512	87512	71.10	72.03	73.10	69.67	70.50	71.08	71.20	72.50	72.97	70.66	71.67	72.38	0.911872980337	0.913753550259	50	50
19220	19220	87462	87462	71.03	71.70	73.03	69.53	70.55	71.03	71.20	72.33	72.88	70.58	71.53	72.31	0.912098791125	0.913668857168	50	50
19270	19270	87412	87412	70.95	71.60	72.85	69.58	70.42	70.92	71.22	72.15	72.70	70.58	71.39	72.16	0.911568801576	0.914019782993	50	50
19320	19320	87362	87362	70.85	71.53	72.67	69.45	70.38	70.80	71.20	72.10	72.72	70.50	71.33	72.07	0.911667434548	0.913297287464	50	50
19370	19370	87312	87312	70.85	71.40	72.53	69.35	70.25	70.85	71.22	71.97	72.58	70.47	71.21	71.98	0.912398760593	0.914393201346	50	50
19420	19420	87262	87262	70.85	71.42	72.45	69.30	70.15	70.70	71.08	71.75	72.55	70.41	71.11	71.90	0.912519162596	0.914174006657	50	50
19470	19470	87212	87212	70.83	71.28	72.35	69.15	70.17	70.55	70.92	71.75	72.40	70.30	71.07	71.77	0.912641208781	0.913393173991	50	50
19520	19520	87162	87162	70.78	71.30	72.15	69.08	70.05	70.45	70.83	71.78	72.45	70.22	71.04	71.68	0.912259318947	0.913055814572	50	50
19570	19570	87112	87112	70.62	71.25	72.20	69.15	70.05	70.40	70.80	71.60	72.47	70.19	70.97	71.69	0.911905015069	0.913560867257	50	50
19620	19620	87062	87062	70.60	71.22	72.17	69.12	69.88	70.33	70.62	71.50	72.42	70.12	70.87	71.64	0.912303550374	0.914362053468	50	50
19670	19670	87012	87012	70.62	71.10	72.12	69.08	69.85	70.22	70.47	71.33	72.30	70.06	70.76	71.55	0.911743084647	0.914058889317	50	50
19720	19720	86962	86962	70.65	71.05	72.10	69.00	69.83	70.20	70.42	71.30	72.25	70.03	70.72	71.52	0.911402567274	0.914679713179	50	50
19770	19770	86912	86912	70.65	70.97	71.95	68.95	69.80	70.17	70.35	71.28	72.20	69.98	70.68	71.44	0.911458275877	0.914268416737	50	50
19820	19820	86862	86862	70.62	70.90	71.85	68.85	69.67	70.15	70.28	71.17	72.08	69.92	70.58	71.36	0.911543706062	0.914801203433	50	50
19870	19870	86812	86812	70.40	70.95	71.78	68.70	69.62	70.08	70.12	71.10	72.12	69.74	70.56	71.33	0.911647343524	0.914419395743	50	50
19920	19920	86762	86762	70.38	70.85	71.65	68.50	69.60	70.05	69.92	71.10	72.10	69.60	70.52	71.27	0.912475128649	0.914247441625	50	50
19970	19970	86712	86712	70.28	70.80	71.62	68.50	69.45	70.05	69.88	71.05	72.00	69.55	70.43	71.22	0.91262478012	0.914333993652	50	50
20020	20020	86662	86662	70.33	70.70	71.45	68.25	69.45	69.92	69.92	71.08	72.03	69.50	70.41	71.13	0.912635909702	0.914020958787	50	50
20070	20070	86612	86612	70.28	70.55	71.38	68.20	69.55	69.85	70.00	71.08	71.88	69.49	70.39	71.03	0.912460332044	0.914279838737	50	50
20120	20120	86562	86562	70.22	70.47	71.25	68.22	69.47	69.85	70.00	70.90	71.88	69.48	70.28	70.99	0.912291242903	0.913724705123	50	50
20170	20170	86512	86512	70.30	70.40	71.20	68.22	69.30	69.78	69.95	70.88	71.85	69.49	70.19	70.94	0.913478412115	0.913069647022	50	49
20220	20219	86462	86463	70.35	70.20	71.15	68.17	69.35	69.65	69.92	70.83	71.75	69.48	70.12	70.85	0.91312072088	0.913495579277	50	50
20270	20269	86412	86413	70.28	70.28	71.12	68.10	69.25	69.60	70.00	70.67	71.65	69.46	70.07	70.79	0.914008329652	0.913869744518	50	50
20320	20319	86362	86363	70.00	70.15	71.03	68.12	69.22	69.45	69.83	70.60	71.58	69.32	69.99	70.68	0.913987648279	0.914403126337	50	50
20370	20369	86312	86313	69.97	70.08	70.85	67.97	69.00	69.40	69.75	70.55	71.47	69.23	69.88	70.58	0.914414596512	0.914248799064	50	50
20420	20419	86262	86263	69.92	70.00	70.90	67.92	68.97	69.28	69.72	70.53	71.45	69.19	69.83	70.54	0.914198278797	0.91509908321	50	50
20470	20469	86212	86213	69.78	69.92	70.97	67.97	68.88	69.22	69.65	70.50	71.35	69.13	69.77	70.52	0.914046314947	0.915167351304	50	50
20520	20519	86162	86163	69.78	69.85	70.75	67.95	68.67	69.10	69.60	70.38	71.35	69.11	69.63	70.40	0.914152918091	0.915311307087	50	50
20570	20569	86112	86113	69.75	69.83	70.72	67.95	68.62	69.15	69.58	70.20	71.22	69.09	69.55	70.37	0.913458633626	0.916886918781	50	50
20620	20619	86062	86063	69.67	69.85	70.72	67.78	68.60	69.00	69.62	70.17	71.17	69.03	69.54	70.30	0.914048767683	0.916960520843	50	50
20670	20669	86012	86013	69.55	69.75	70.53	67.70	68.58	68.90	69.47	70.20	71.08	68.91	69.51	70.17	0.914349914562	0.917303692582	50	50
20720	20719	85962	85963	69.53	69.62	70.45	67.75	68.47	68.80	69.38	70.03	70.92	68.88	69.38	70.06	0.914705659844	0.916785581141	50	50
20770	20769	85912	85913	69.50	69.65	70.45	67.53	68.42	68.62	69.33	69.95	70.90	68.78	69.34	69.99	0.914601858807	0.916410333121	50	50
20820	20819	85862	85863	69.20	69.47	70.30	67.38	68.38	68.62	69.38	69.85	70.78	68.65	69.23	69.90	0.914917140972	0.91675884865	50	50
20870	20869	85812	85813	69.10	69.40	70.17	67.25	68.38	68.58	69.22	69.78	70.72	68.53	69.18	69.83	0.915071414848	0.917207127536	50	50
20920	20919	85762	85763	69.05	69.35	70.10	67.20	68.28	68.42	69.25	69.78	70.55	68.50	69.13	69.69	0.91470496971	0.917965626431	50	50
20970	20969	85712	85713	68.92	69.25	70.08	67.08	68.12	68.33	69.20	69.80	70.42	68.40	69.06	69.61	0.914659753618	0.917524080898	50	50
21020	21019	85662	85663	68.80	69.20	70.03	67.05	68.05	68.25	69.08	69.78	70.33	68.31	69.01	69.53	0.914427186181	0.918480815093	50	50
21070	21069	85612	85613	68.83	69.20	69.92	66.97	67.97	68.20	69.05	69.75	70.15	68.28	68.97	69.42	0.914269795396	0.918741098133	50	50
21120	21119	85562	85563	68.67	69.03	69.88	66.95	67.97	68.22	69.03	69.70	70.15	68.22	68.90	69.42	0.914605030619	0.917559112171	50	50
21170	21169	85512	85513	68.60	69.10	69.75	66.92	67.80	68.17	68.95	69.60	70.05	68.16	68.83	69.33	0.914226842473	0.917513917954	50	50
21220	21219	85462	85463	68.50	69.12	69.67	66.78	67.60	68.12	68.97	69.47	70.08	68.08	68.73	69.29	0.914272432261	0.918065306277	50	50
