12120	12120	94562	94562	75.05	77.75	79.85	74.58	77.65	79.25	75.30	78.53	79.90	74.97	77.97	79.67	1.591896141	1.66625247006
12120	12120	94317	94317	75.08	77.72	79.85	74.55	77.65	79.25	75.28	78.53	79.88	74.97	77.97	79.66	1.29324729022	1.41895874625	200	200
12320	12320	94117	94117	72.92	76.42	77.45	72.78	76.12	76.97	72.38	77.53	77.38	72.69	76.69	77.27	0.95869805302	1.0176289222	200	200
12520	12520	93917	93917	72.78	75.53	76.80	72.60	75.67	76.47	72.22	77.00	76.55	72.53	76.07	76.61	0.871449297563	0.904399635157	200	200
12720	12720	93717	93717	74.20	76.28	77.67	73.65	76.17	77.33	73.70	77.28	77.92	73.85	76.58	77.64	0.856270895246	0.883192298686	200	200
12920	12920	93517	93517	75.22	77.05	78.70	74.28	76.58	78.03	74.45	77.83	78.90	74.65	77.15	78.54	0.855833955943	0.871109292802	200	200
13120	13120	93317	93317	75.65	77.95	79.60	74.65	77.20	78.55	75.20	78.22	79.62	75.17	77.79	79.26	0.853255979689	0.871289766156	200	200
13320	13320	93117	93117	76.10	78.12	80.20	74.83	77.03	79.25	75.88	78.62	79.95	75.60	77.92	79.80	0.85823714665	0.874532190952	200	200
13520	13520	92917	92917	76.53	78.25	80.30	74.80	76.92	79.28	76.22	78.65	80.17	75.85	77.94	79.92	0.864073188653	0.876693749949	200	200
13720	13720	92717	92717	76.00	78.45	80.30	74.80	77.35	79.28	76.60	78.90	80.55	75.80	78.23	80.04	0.865621880664	0.878488855915	200	200
13920	13920	92517	92517	76.42	78.50	80.55	74.65	77.25	79.03	76.70	78.67	80.42	75.92	78.14	80.00	0.872204708481	0.877358445074	200	200
14120	14120	92317	92317	76.30	78.70	80.78	74.42	77.25	78.92	76.50	78.42	80.75	75.74	78.12	80.15	0.876347455743	0.879920466655	200	200
14320	14320	92117	92117	76.10	78.78	80.60	74.35	77.10	78.72	75.90	78.42	80.53	75.45	78.10	79.95	0.878636654418	0.885145333371	200	200
14520	14520	91917	91917	75.58	78.65	80.12	73.78	76.67	77.92	75.83	78.25	80.10	75.06	77.86	79.38	0.879123417544	0.886145995249	200	200
14720	14720	91717	91717	75.88	78.42	79.65	73.88	76.33	77.62	75.67	78.03	79.65	75.14	77.59	78.97	0.881427422638	0.885833100271	200	200
14920	14920	91517	91517	75.47	77.88	79.58	73.60	76.03	77.05	75.60	77.78	79.58	74.89	77.22	78.73	0.881645560768	0.887591459308	200	200
15120	15120	91317	91317	75.35	77.53	79.40	73.65	75.90	77.15	75.40	77.58	79.35	74.80	77.00	78.63	0.8841667897	0.889800875488	200	200
15320	15320	91117	91117	75.05	77.50	78.97	73.30	75.85	77.05	75.30	77.45	79.22	74.55	76.93	78.42	0.883279458252	0.892063765965	200	200
15520	15520	90917	90917	74.92	77.40	78.50	73.33	75.55	76.80	74.95	77.22	78.85	74.40	76.72	78.05	0.884910609153	0.892720029399	200	200
15720	15720	90717	90717	74.58	76.88	78.20	72.97	75.62	76.45	74.90	76.72	78.55	74.15	76.41	77.73	0.888395713734	0.893697207664	200	200
15920	15920	90517	90517	74.10	76.65	78.03	72.97	75.38	76.17	74.70	76.50	78.17	73.92	76.17	77.46	0.890964194393	0.895526545111	200	200
16120	16120	90317	90317	73.95	76.25	77.65	72.62	75.10	75.95	74.10	76.33	77.72	73.56	75.89	77.11	0.892905713788	0.896583611134	200	200
16320	16320	90117	90117	73.50	76.17	77.17	72.22	74.70	75.60	73.80	76.03	77.38	73.17	75.63	76.72	0.893820240599	0.897156961596	200	200
16520	16520	89917	89917	73.17	75.85	76.92	71.83	74.40	75.50	73.65	75.95	77.17	72.88	75.40	76.53	0.893446862855	0.897981295921	200	200
16720	16720	89717	89717	72.72	75.38	76.58	71.78	74.28	75.08	73.50	75.83	76.72	72.67	75.16	76.12	0.8927485339	0.89898878671	200	200
16920	16920	89517	89517	72.22	75.28	76.25	71.60	73.85	74.58	73.42	75.45	76.60	72.42	74.86	75.81	0.893351758073	0.899952109983	200	200
17120	17120	89317	89317	72.10	74.92	75.85	71.10	73.33	74.25	73.15	75.17	76.05	72.12	74.47	75.38	0.894744577789	0.900165927405	200	200
17320	17320	89117	89117	72.03	74.70	75.60	70.80	72.97	73.90	72.75	74.95	75.62	71.86	74.21	75.04	0.896820775279	0.900539221153	200	200
17520	17520	88917	88917	71.88	74.60	75.17	70.60	72.97	73.62	72.53	74.67	75.28	71.67	74.08	74.69	0.898098599784	0.902298648261	200	200
17720	17720	88717	88717	71.58	74.28	75.00	70.42	72.70	73.47	72.17	74.55	74.97	71.39	73.84	74.48	0.899961856103	0.902206436997	200	200
17920	17920	88517	88517	71.22	73.95	74.67	70.38	72.53	73.10	72.05	74.50	74.85	71.22	73.66	74.21	0.900448337889	0.902580758987	200	200
18120	18120	88317	88317	71.12	73.42	74.38	70.10	72.30	72.83	71.83	74.25	74.35	71.02	73.33	73.85	0.901117582818	0.904541079593	200	200
18320	18320	88117	88117	70.83	72.90	73.72	69.65	72.00	72.38	71.67	74.17	74.08	70.72	73.03	73.39	0.901930378662	0.904638774428	200	200
18520	18520	87917	87917	70.67	72.78	73.35	69.60	71.95	72.10	71.40	73.90	73.90	70.56	72.88	73.12	0.902728232399	0.905157523092	200	200
18720	18720	87717	87717	70.60	72.55	73.08	69.45	71.53	71.83	71.08	73.70	73.65	70.38	72.59	72.85	0.901881571387	0.905307206727	200	200
18920	18920	87517	87517	70.50	72.15	72.92	69.30	71.35	71.62	71.03	73.45	73.35	70.28	72.32	72.63	0.902525022743	0.90495829552	200	200
19120	19120	87317	87317	70.17	71.88	72.70	69.10	70.75	71.55	70.67	73.17	72.90	69.98	71.93	72.38	0.90389043666	0.904463868464	200	200
19320	19320	87117	87117	69.90	71.85	72.38	68.92	70.53	71.20	70.40	72.90	72.62	69.74	71.76	72.07	0.904182295436	0.906058755761	200	200
19520	19520	86917	86917	69.55	71.58	71.75	68.78	70.40	70.85	70.10	72.47	72.38	69.47	71.48	71.66	0.904413192487	0.907801871834	200	200
19720	19720	86717	86717	69.53	71.28	71.53	68.33	70.10	70.72	69.83	72.17	72.17	69.22	71.18	71.47	0.905135765423	0.90747769414	200	200
19920	19920	86517	86517	69.47	70.97	71.05	68.00	69.95	70.28	69.53	71.83	71.80	69.00	70.92	71.04	0.90563769846	0.907893421768	200	200
20120	20120	86317	86317	69.08	70.78	70.47	67.67	69.53	70.05	69.30	71.58	71.62	68.68	70.62	70.72	0.906032984095	0.908145419522	200	200
20320	20320	86117	86117	68.60	70.33	70.17	67.42	69.40	69.55	68.97	71.17	71.38	68.33	70.30	70.37	0.906359700451	0.909869059665	200	200
20520	20520	85917	85917	68.33	69.75	69.88	67.08	69.20	69.40	68.50	70.83	70.92	67.97	69.92	70.07	0.906790201006	0.91024185608	200	200
20720	20720	85717	85717	67.95	69.65	69.67	66.78	68.95	69.20	68.17	70.53	70.60	67.63	69.71	69.83	0.906818863396	0.911908372498	200	200
20920	20920	85517	85517	67.45	69.35	69.40	66.70	68.75	68.90	67.92	70.33	70.40	67.36	69.47	69.57	0.907293552484	0.913237572106	200	200
21120	21120	85317	85317	67.38	69.17	69.00	66.67	68.67	68.55	68.08	70.20	69.97	67.38	69.35	69.17	0.908126073532	0.912695700311	200	200
21320	21320	85117	85117	67.12	68.97	68.75	66.38	68.60	68.28	67.83	69.95	69.72	67.11	69.17	68.92	0.908149620289	0.912331760017	200	200
21520	21520	84917	84917	66.88	68.88	68.40	66.17	68.35	68.05	67.62	69.60	69.35	66.89	68.94	68.60	0.908727945224	0.912125150116	200	200
21720	21720	84717	84717	66.62	68.67	68.12	65.78	68.17	67.80	67.33	69.42	69.12	66.58	68.76	68.35	0.909940286462	0.912402754293	200	200
21920	21920	84517	84517	66.28	68.38	67.72	65.45	68.00	67.45	67.12	69.28	68.60	66.28	68.55	67.92	0.910796364567	0.91263440256	200	200
22120	22120	84317	84317	66.12	68.08	67.53	65.22	68.00	67.10	66.88	68.85	68.42	66.08	68.31	67.68	0.910443972679	0.913448228553	200	200
22320	22320	84117	84117	66.10	67.75	67.25	64.97	67.58	66.70	66.83	68.72	68.30	65.97	68.02	67.42	0.911017318144	0.913493632175	200	200
22520	22520	83917	83917	65.92	67.47	67.00	64.88	67.22	66.45	66.55	68.58	68.03	65.78	67.76	67.16	0.910278170723	0.914371508379	200	200
22720	22720	83717	83717	65.88	67.35	66.60	64.72	66.97	66.28	66.42	68.47	67.88	65.67	67.60	66.92	0.910407028227	0.914271168479	200	200
22920	22920	83517	83517	65.67	67.22	66.55	64.30	66.80	66.00	66.12	68.38	67.78	65.37	67.47	66.78	0.910569617014	0.913620455801	200	200
23120	23120	83317	83317	65.47	67.08	66.15	64.08	66.62	65.72	66.00	68.12	67.60	65.18	67.28	66.49	0.911514374686	0.913804284168	200	200
23320	23320	83117	83117	65.25	66.92	66.08	64.03	66.42	65.50	65.72	67.88	67.08	65.00	67.08	66.22	0.912279297437	0.914704310426	200	200
23520	23520	82917	82917	65.00	66.60	65.50	64.08	66.20	65.20	65.55	67.55	66.83	64.88	66.78	65.84	0.912768712335	0.915581225037	200	200
23720	23720	82717	82717	64.78	66.25	65.20	63.90	65.83	64.97	65.35	67.17	66.70	64.67	66.42	65.62	0.913702479496	0.915445880753	200	200
23920	23920	82517	82517	64.55	66.05	64.85	63.75	65.62	64.80	65.20	67.00	66.38	64.50	66.22	65.34	0.914257921646	0.916452974533	200	200
24120	24120	82317	82317	64.42	65.90	64.65	63.52	65.55	64.67	65.15	66.78	66.22	64.37	66.08	65.18	0.915306447974	0.916853749207	200	200
24320	24320	82117	82117	64.15	65.67	64.60	63.25	65.25	64.47	64.85	66.78	65.95	64.08	65.90	65.01	0.916836544935	0.917974945349	200	200
24520	24520	81917	81917	63.95	65.42	64.45	63.15	65.08	64.30	64.65	66.53	65.78	63.92	65.67	64.84	0.917136419113	0.917465343883	200	200
24720	24720	81717	81717	63.83	65.17	64.28	63.12	64.88	64.22	64.45	66.22	65.50	63.80	65.42	64.67	0.916699491948	0.91778433006	200	200
24920	24920	81517	81517	63.70	65.17	64.10	62.95	64.72	64.05	64.22	66.12	65.17	63.62	65.34	64.44	0.917136687295	0.919077066245	200	200
25120	25120	81317	81317	63.65	64.95	64.00	62.98	64.38	63.80	64.08	66.00	65.03	63.57	65.11	64.28	0.917315903805	0.919516388121	200	200
25320	25320	81117	81117	63.62	64.83	63.73	62.95	64.28	63.62	63.95	65.55	64.75	63.51	64.88	64.03	0.918245018926	0.920363088682	200	200
25520	25520	80917	80917	63.50	64.60	63.50	62.85	64.15	63.50	63.75	65.40	64.67	63.37	64.72	63.89	0.918012306679	0.920739486704	200	200
25720	25720	80717	80717	63.40	64.60	63.35	62.75	63.92	63.38	63.65	65.25	64.50	63.27	64.59	63.74	0.917936314256	0.921193916214	200	200
25920	25920	80517	80517	63.25	64.53	63.33	62.73	63.73	63.25	63.42	65.15	64.50	63.13	64.47	63.69	0.918351643542	0.922558711057	200	200
26120	26120	80317	80317	63.33	64.33	63.20	62.65	63.65	63.12	63.33	65.17	64.45	63.10	64.38	63.59	0.918907910047	0.923078925378	200	200
26320	26320	80117	80117	62.95	64.38	62.92	62.60	63.38	62.92	63.10	65.03	64.30	62.88	64.26	63.38	0.919220285538	0.92367810474	200	200
26520	26520	79917	79917	62.83	64.30	62.83	62.48	63.35	62.60	62.92	64.92	64.17	62.74	64.19	63.20	0.920214406198	0.924385366595	200	200
26720	26720	79717	79717	62.80	64.15	62.62	62.27	63.17	62.50	62.98	64.85	64.03	62.68	64.06	63.05	0.92086613007	0.924562955422	200	200
26920	26920	79517	79517	62.60	64.03	62.48	62.25	63.15	62.35	62.83	64.70	64.03	62.56	63.96	62.95	0.921040486903	0.925189519658	200	200
27120	27120	79317	79317	62.58	63.95	62.45	62.12	63.05	62.20	62.65	64.62	63.90	62.45	63.88	62.85	0.92092426183	0.92491636741	200	200
27320	27320	79117	79117	62.38	63.77	62.23	62.02	62.88	62.10	62.62	64.58	63.73	62.34	63.74	62.68	0.920787588965	0.924775368924	200	200
27520	27520	78917	78917	62.30	63.73	62.05	61.83	62.67	62.00	62.50	64.58	63.52	62.21	63.66	62.52	0.920817377827	0.925259418155	200	200
27720	27720	78717	78717	62.23	63.45	61.92	61.67	62.60	61.90	62.48	64.25	63.40	62.12	63.43	62.41	0.921417679019	0.925978288058	200	200
27920	27920	78517	78517	62.08	63.35	61.83	61.50	62.40	61.70	62.30	64.10	63.30	61.96	63.28	62.27	0.921828635158	0.925978210191	200	200
28120	28120	78317	78317	61.92	63.33	61.77	61.30	62.35	61.48	62.25	64.00	63.17	61.83	63.23	62.14	0.922350574152	0.926831455182	200	200
28320	28320	78117	78117	61.83	63.17	61.77	61.17	62.25	61.27	62.23	63.98	63.05	61.74	63.13	62.03	0.922156621965	0.926576099343	200	200
28520	28520	77917	77917	61.60	63.08	61.62	61.20	62.12	61.10	62.08	63.90	62.85	61.62	63.03	61.86	0.922458289565	0.926667277184	200	200
28720	28720	77717	77717	61.58	62.85	61.60	61.00	62.10	61.08	62.00	63.67	62.77	61.52	62.88	61.82	0.923077180371	0.92704090804	200	200
28920	28920	77517	77517	61.45	62.73	61.35	60.88	61.98	60.95	61.95	63.42	62.60	61.42	62.71	61.63	0.923481720212	0.928032319424	200	200
29120	29120	77317	77317	61.40	62.55	61.27	60.77	61.95	60.92	61.92	63.25	62.48	61.37	62.58	61.56	0.923659375653	0.928565072309	200	200
29320	29320	77117	77117	61.27	62.58	61.23	60.60	61.90	60.88	61.75	63.23	62.40	61.21	62.57	61.50	0.92387255859	0.928518188696	200	200
29520	29520	76917	76917	61.17	62.35	61.08	60.52	61.80	60.67	61.42	63.05	62.23	61.04	62.40	61.33	0.924012180838	0.928677857005	200	200
29720	29720	76717	76717	61.00	62.15	60.80	60.50	61.67	60.52	61.33	62.90	62.17	60.94	62.24	61.17	0.924726404072	0.928902288564	200	200
29920	29920	76517	76517	60.95	61.92	60.83	60.35	61.58	60.50	61.17	62.88	61.88	60.83	62.12	61.07	0.925127027997	0.928931174921	200	200
30120	30120	76317	76317	60.80	61.80	60.58	60.38	61.50	60.35	61.15	62.73	61.58	60.77	62.01	60.83	0.925515149781	0.929444417537	200	200
30320	30320	76117	76117	60.75	61.62	60.42	60.23	61.35	60.12	61.05	62.33	61.40	60.67	61.77	60.65	0.925896742169	0.929883737531	200	200
30520	30520	75917	75917	60.67	61.42	60.35	60.17	61.15	59.92	60.92	62.17	61.38	60.59	61.58	60.55	0.925890191353	0.930290114965	200	200
30720	30720	75717	75717	60.50	61.33	60.23	60.02	61.08	60.00	60.83	62.25	61.27	60.45	61.55	60.50	0.926089138172	0.93131906322	200	200
30920	30920	75517	75517	60.33	61.27	60.02	59.95	61.08	59.95	60.65	62.10	61.20	60.31	61.48	60.39	0.92651087115	0.931343632142	200	200
31120	31120	75317	75317	60.12	61.20	60.05	59.77	60.92	59.73	60.55	62.08	61.12	60.15	61.40	60.30	0.927083813895	0.931527999384	200	200
31320	31320	75117	75117	60.10	61.10	59.88	59.70	60.88	59.70	60.45	61.98	60.98	60.08	61.32	60.18	0.927603686607	0.932579850935	200	200
31520	31520	74917	74917	60.02	61.02	59.67	59.48	60.85	59.60	60.38	61.95	60.77	59.96	61.27	60.02	0.927725697648	0.93281935072	200	200
31720	31720	74717	74717	59.85	60.95	59.60	59.35	60.75	59.50	60.25	61.95	60.65	59.82	61.22	59.92	0.927733617948	0.933202078969	200	200
31920	31920	74517	74517	59.75	60.85	59.55	59.38	60.62	59.40	60.27	61.90	60.50	59.80	61.12	59.82	0.928098675196	0.933529315671	200	200
32120	32120	74317	74317	59.52	60.85	59.45	59.25	60.65	59.38	60.15	62.00	60.42	59.64	61.17	59.75	0.928562049953	0.933909269605	200	200
32320	32320	74117	74117	59.40	60.70	59.38	59.17	60.50	59.25	60.15	61.83	60.48	59.58	61.01	59.70	0.928733486737	0.934490489727	200	200
32520	32520	73917	73917	59.38	60.62	59.23	59.05	60.40	59.17	60.15	61.83	60.38	59.52	60.95	59.59	0.928758901226	0.935494869097	200	200
32720	32720	73717	73717	59.17	60.62	59.15	58.95	60.25	59.08	60.02	61.83	60.27	59.38	60.90	59.50	0.929204730168	0.93571933481	200	200
32920	32920	73517	73517	59.17	60.58	59.02	58.92	60.20	58.98	60.00	61.80	60.17	59.37	60.86	59.39	0.930064449777	0.935835272312	200	200
33120	33120	73317	73317	59.05	60.38	59.02	58.70	60.23	58.95	59.88	61.70	60.08	59.21	60.77	59.35	0.92986589364	0.935631393507	200	200
33320	33320	73117	73117	58.98	60.35	58.88	58.62	60.08	58.85	59.80	61.65	59.95	59.13	60.69	59.23	0.92965764922	0.935931339573	200	200
33520	33520	72917	72917	58.90	60.27	58.85	58.60	59.90	58.73	59.77	61.50	59.88	59.09	60.56	59.15	0.929526318093	0.936409509731	200	200
33720	33720	72717	72717	58.88	60.12	58.75	58.60	59.90	58.70	59.58	61.30	59.80	59.02	60.44	59.08	0.929333393297	0.936801612556	200	200
33920	33920	72517	72517	58.88	59.98	58.58	58.45	59.67	58.62	59.50	61.17	59.65	58.94	60.27	58.95	0.929230940778	0.937032954212	200	200
34120	34120	72317	72317	58.77	59.95	58.52	58.50	59.60	58.55	59.38	61.23	59.58	58.88	60.26	58.88	0.929046671206	0.937366654475	200	200
34320	34320	72117	72117	58.70	59.95	58.50	58.38	59.52	58.50	59.40	61.17	59.52	58.83	60.22	58.84	0.929554511269	0.93751777567	200	200
34520	34520	71917	71917	58.58	59.77	58.45	58.30	59.42	58.45	59.27	61.08	59.45	58.72	60.09	58.78	0.929900779653	0.937522345826	200	200
34720	34720	71717	71717	58.40	59.80	58.30	58.20	59.45	58.38	59.17	61.08	59.33	58.59	60.11	58.67	0.93031018621	0.937918079429	200	200
34920	34920	71517	71517	58.30	59.67	58.25	58.08	59.38	58.25	59.05	61.08	59.17	58.48	60.04	58.56	0.93094406931	0.938052999926	200	200
35120	35120	71317	71317	58.15	59.67	58.23	58.00	59.30	58.23	58.88	61.02	59.02	58.34	60.00	58.49	0.931485864422	0.938539433312	200	200
35320	35320	71117	71117	58.02	59.60	58.12	57.88	59.15	58.12	59.00	60.90	58.83	58.30	59.88	58.36	0.932827868617	0.938503765041	200	200
35520	35520	70917	70917	57.95	59.50	58.10	57.88	59.10	58.15	59.00	60.83	58.83	58.27	59.81	58.36	0.933846295409	0.938632635344	200	200
35720	35720	70717	70717	57.90	59.50	57.95	57.90	59.05	58.10	59.02	60.67	58.80	58.27	59.74	58.28	0.934814855605	0.938792005955	200	200
35920	35920	70517	70517	57.83	59.48	57.98	57.70	58.92	58.02	58.98	60.52	58.67	58.17	59.64	58.23	0.934631959485	0.938922174768	200	200
36120	36120	70317	70317	57.77	59.42	57.88	57.55	58.85	57.90	58.85	60.55	58.67	58.06	59.61	58.15	0.934611559598	0.939137755921	200	200
36320	36320	70117	70117	57.65	59.45	57.83	57.48	58.77	57.77	58.83	60.45	58.55	57.98	59.56	58.05	0.934590003589	0.939612934201	200	200
36520	36520	69917	69917	57.45	59.30	57.75	57.40	58.75	57.77	58.70	60.42	58.52	57.85	59.49	58.02	0.934482673436	0.939657318834	200	200
36720	36720	69717	69717	57.48	59.25	57.70	57.33	58.65	57.77	58.65	60.25	58.40	57.82	59.38	57.96	0.934637400636	0.939430975624	200	200
36920	36920	69517	69517	57.38	59.20	57.67	57.23	58.62	57.73	58.48	60.23	58.30	57.69	59.35	57.90	0.934924522758	0.939629404333	200	200
37120	37120	69317	69317	57.35	59.15	57.65	57.20	58.55	57.65	58.42	60.25	58.25	57.66	59.32	57.85	0.935386763269	0.940241071171	200	200
37320	37320	69117	69117	57.25	59.10	57.67	57.17	58.52	57.55	58.27	60.20	58.12	57.57	59.27	57.78	0.935290492526	0.940772302612	200	200
37520	37520	68917	68917	57.25	59.02	57.62	57.27	58.40	57.38	58.20	60.12	58.10	57.58	59.18	57.70	0.935622254963	0.940975662119	200	200
37720	37720	68717	68717	57.15	58.92	57.58	57.15	58.35	57.27	58.00	60.00	58.00	57.43	59.09	57.62	0.936210213605	0.941259480295	200	200
37920	37920	68517	68517	57.08	58.90	57.52	57.10	58.27	57.17	57.95	60.05	57.92	57.38	59.08	57.54	0.936333671117	0.941613267519	200	200
38120	38120	68317	68317	57.10	58.80	57.48	57.08	58.27	57.00	57.92	59.90	57.85	57.37	58.99	57.44	0.936290796245	0.941600422046	200	200
38320	38320	68117	68117	57.12	58.73	57.40	57.12	58.15	57.00	57.88	59.85	57.83	57.38	58.91	57.41	0.936312723412	0.941938476821	200	200
38520	38520	67917	67917	57.08	58.77	57.40	57.08	58.15	57.05	57.77	59.77	57.80	57.31	58.90	57.42	0.936719898367	0.942428396215	200	200
38720	38720	67717	67717	57.08	58.73	57.35	57.05	58.08	56.98	57.60	59.67	57.75	57.24	58.83	57.36	0.936918809555	0.942710811234	200	200
38920	38920	67517	67517	57.08	58.65	57.30	56.88	58.05	57.05	57.58	59.67	57.67	57.17	58.79	57.34	0.937265427634	0.942585971689	200	200
39120	39120	67317	67317	57.05	58.62	57.20	56.85	58.10	57.00	57.45	59.52	57.65	57.12	58.75	57.28	0.937282124654	0.942501244802	200	200
39320	39320	67117	67117	56.98	58.58	57.12	56.73	58.10	57.00	57.30	59.50	57.62	57.00	58.73	57.25	0.937523881091	0.942627142527	200	200
39520	39520	66917	66917	56.98	58.45	57.02	56.60	58.05	56.90	57.25	59.42	57.55	56.94	58.64	57.16	0.937777263925	0.94295866593	200	200
39720	39720	66717	66717	57.00	58.35	57.05	56.55	58.00	56.85	57.25	59.40	57.45	56.93	58.58	57.12	0.937862568677	0.942997078033	200	200
39920	39920	66517	66517	57.00	58.27	57.00	56.55	57.98	56.80	57.30	59.25	57.42	56.95	58.50	57.08	0.938479789345	0.943176397598	200	200
40120	40120	66317	66317	56.90	58.12	56.92	56.42	57.90	56.75	57.20	59.17	57.35	56.84	58.40	57.01	0.939248184563	0.943518046992	200	200
40320	40320	66117	66117	56.90	58.15	56.75	56.38	57.92	56.67	57.08	59.17	57.30	56.78	58.42	56.91	0.939198183958	0.94405662307	200	200
40520	40520	65917	65917	56.88	58.10	56.80	56.27	57.95	56.55	56.98	59.15	57.27	56.71	58.40	56.88	0.939702003666	0.944466450467	200	200
40720	40720	65717	65717	56.80	58.12	56.73	56.27	57.90	56.45	57.05	59.02	57.27	56.71	58.35	56.82	0.940045235747	0.944690092316	200	200
40920	40920	65517	65517	56.65	58.05	56.80	56.23	57.83	56.50	56.95	59.00	57.20	56.61	58.29	56.83	0.940205692473	0.944745123947	200	200
41120	41120	65317	65317	56.58	58.00	56.77	56.12	57.80	56.42	56.88	58.90	57.17	56.52	58.23	56.79	0.940439277831	0.944996366725	200	200
41320	41320	65117	65117	56.48	57.98	56.77	56.02	57.70	56.38	56.70	58.88	57.08	56.40	58.18	56.74	0.940530698764	0.945260895932	200	200
41520	41520	64917	64917	56.42	57.92	56.67	55.95	57.67	56.30	56.52	58.83	56.98	56.30	58.14	56.65	0.94045878538	0.945604777237	200	200
41720	41720	64717	64717	56.35	57.90	56.67	55.88	57.58	56.30	56.52	58.83	56.98	56.25	58.10	56.65	0.940536101593	0.945638847707	200	200
41920	41920	64517	64517	56.27	57.85	56.75	55.88	57.52	56.30	56.48	58.80	56.90	56.21	58.06	56.65	0.940587757071	0.94608900307	200	200
42120	42120	64317	64317	56.23	57.77	56.75	55.83	57.52	56.30	56.42	58.80	56.77	56.16	58.03	56.61	0.940511028414	0.946219185146	200	200
42320	42320	64117	64117	56.17	57.67	56.67	55.75	57.52	56.25	56.33	58.75	56.70	56.08	57.98	56.54	0.940851307149	0.946256089091	200	200
42520	42520	63917	63917	56.02	57.62	56.60	55.70	57.45	56.20	56.30	58.70	56.67	56.01	57.92	56.49	0.940959530305	0.946399564196	200	200
42720	42720	63717	63717	55.92	57.55	56.62	55.70	57.48	56.23	56.35	58.67	56.55	55.99	57.90	56.47	0.940893934895	0.947101638507	200	200
42920	42920	63517	63517	55.90	57.52	56.62	55.60	57.33	56.20	56.27	58.62	56.52	55.92	57.83	56.45	0.941351584005	0.947230543479	200	200
43120	43120	63317	63317	55.80	57.52	56.58	55.60	57.30	56.12	56.17	58.48	56.55	55.86	57.77	56.42	0.941850445389	0.947960401989	200	200
43320	43320	63117	63117	55.73	57.52	56.58	55.62	57.30	56.15	56.17	58.48	56.50	55.84	57.77	56.41	0.942042045451	0.948083708815	200	200
43520	43520	62917	62917	55.58	57.48	56.58	55.45	57.27	56.08	56.10	58.45	56.52	55.71	57.73	56.39	0.941997536821	0.947959938644	200	200
43720	43720	62717	62717	55.50	57.50	56.42	55.40	57.27	55.98	56.02	58.38	56.50	55.64	57.72	56.30	0.942359221226	0.948084336871	200	200
43920	43920	62517	62517	55.50	57.48	56.40	55.35	57.27	55.95	56.00	58.45	56.48	55.62	57.73	56.27	0.942329407135	0.948189877866	200	200
44120	44120	62317	62317	55.48	57.42	56.27	55.25	57.30	55.90	55.85	58.40	56.38	55.52	57.71	56.18	0.942417828229	0.948198180456	200	200
44320	44320	62117	62117	55.48	57.40	56.25	55.15	57.23	55.85	55.70	58.35	56.27	55.44	57.66	56.12	0.943018033741	0.947967126121	200	200
44520	44520	61917	61917	55.48	57.42	56.20	55.02	57.30	55.80	55.67	58.20	56.20	55.39	57.64	56.07	0.943304405251	0.947823011174	200	200
44720	44720	61717	61717	55.38	57.40	56.20	55.00	57.25	55.83	55.67	58.15	56.17	55.35	57.60	56.07	0.94359195887	0.947985657212	200	200
44920	44920	61517	61517	55.40	57.35	56.20	54.90	57.17	55.77	55.60	58.12	56.15	55.30	57.55	56.04	0.94383069978	0.948259486062	200	200
45120	45120	61317	61317	55.38	57.35	56.17	54.83	57.23	55.75	55.60	58.10	56.15	55.27	57.56	56.02	0.943813476593	0.948441299945	200	200
