12120	12120	94562	94562	75.05	77.75	79.85	74.55	77.65	79.25	75.30	78.53	79.90	74.97	77.97	79.67	3.7587661302	3.97276240785
12120	12120	94562	94562	75.03	77.75	79.85	74.55	77.62	79.25	75.28	78.53	79.88	74.95	77.97	79.66	1.47338460989	1.58558942963	200	200
12320	12320	94362	94362	72.78	77.50	77.65	72.38	76.50	77.17	72.03	77.45	77.60	72.39	77.15	77.47	0.966504431612	1.08643045153	200	200
12520	12520	94162	94162	72.00	75.58	75.95	71.97	75.33	75.70	71.33	76.33	75.72	71.77	75.74	75.79	0.864395873675	0.898992946238	200	200
12720	12720	93962	93962	73.83	76.45	77.30	72.85	76.10	76.75	73.15	76.72	77.10	73.28	76.42	77.05	0.845621356006	0.876488622011	200	200
12920	12920	93762	93762	74.83	77.62	78.47	73.60	76.28	77.67	74.33	77.42	78.30	74.25	77.11	78.15	0.840540928593	0.865964535382	200	200
13120	13120	93562	93562	75.47	77.70	79.35	73.90	77.08	78.12	75.05	77.80	79.40	74.81	77.53	78.96	0.850390602914	0.865434462396	200	200
13320	13320	93362	93362	75.70	78.33	80.28	74.12	77.38	78.45	75.45	78.47	79.53	75.09	78.06	79.42	0.859972503404	0.870536470031	200	200
13520	13520	93162	93162	76.00	78.88	80.45	74.17	77.42	78.90	75.72	78.38	79.92	75.30	78.22	79.76	0.863181119918	0.875137013903	200	200
13720	13720	92962	92962	76.20	78.70	80.25	74.42	77.30	78.55	75.70	78.15	80.12	75.44	78.05	79.64	0.870468782551	0.879846659748	200	200
13920	13920	92762	92762	76.15	78.78	80.33	73.85	76.80	78.00	75.92	78.12	80.08	75.31	77.90	79.47	0.87811475605	0.8811744226	200	200
14120	14120	92562	92562	75.78	78.62	80.50	73.60	76.53	77.92	76.10	77.62	79.80	75.16	77.59	79.41	0.878611253182	0.883066555047	200	200
14320	14320	92362	92362	75.53	78.65	80.53	73.60	76.55	77.62	75.92	77.40	79.62	75.02	77.53	79.26	0.880014021094	0.887043612363	200	200
14520	14520	92162	92162	75.58	78.60	80.05	73.60	76.35	77.60	75.88	77.55	79.67	75.02	77.50	79.11	0.882255539913	0.887907181508	200	200
14720	14720	91962	91962	75.58	78.35	79.60	73.50	76.12	77.38	75.58	77.17	79.20	74.88	77.22	78.72	0.882058501244	0.888184241759	200	200
14920	14920	91762	91762	75.50	78.00	78.97	73.28	75.95	77.25	75.67	77.15	79.00	74.82	77.03	78.41	0.881463343949	0.889773244379	200	200
15120	15120	91562	91562	75.40	77.95	78.83	73.03	75.58	77.03	75.58	76.90	78.80	74.67	76.81	78.22	0.885654985488	0.889587145829	200	200
15320	15320	91362	91362	75.28	77.45	78.60	72.85	75.50	76.67	75.03	76.42	78.62	74.38	76.46	77.97	0.886475795912	0.892845156651	200	200
15520	15520	91162	91162	75.17	76.97	78.35	72.72	75.42	76.42	74.78	76.25	78.12	74.22	76.22	77.63	0.887324954378	0.892662794937	200	200
15720	15720	90962	90962	74.90	76.72	78.05	72.40	75.05	75.85	74.40	75.88	77.60	73.90	75.88	77.17	0.889328782562	0.893928865382	200	200
15920	15920	90762	90762	73.97	76.50	77.45	72.30	74.78	75.45	74.08	75.78	77.15	73.45	75.68	76.68	0.891402008608	0.895973384732	200	200
16120	16120	90562	90562	73.88	76.22	77.12	72.20	74.40	75.30	73.97	75.60	76.95	73.35	75.41	76.46	0.894956965138	0.899010099321	200	200
16320	16320	90362	90362	73.65	75.95	76.92	72.08	74.10	75.28	73.85	75.70	76.85	73.19	75.25	76.35	0.89695093887	0.901347458414	200	200
16520	16520	90162	90162	73.40	75.50	76.75	71.83	73.90	74.80	73.78	75.55	76.67	73.00	74.98	76.08	0.897030948626	0.90256811617	200	200
16720	16720	89962	89962	73.05	75.22	76.45	71.75	73.97	74.47	73.58	75.55	76.38	72.79	74.92	75.77	0.897178866475	0.904441349248	200	200
16920	16920	89762	89762	72.88	75.17	76.28	71.53	73.58	74.22	73.30	75.10	76.12	72.57	74.62	75.54	0.896570226668	0.90496719754	200	200
17120	17120	89562	89562	72.47	74.90	75.80	71.15	73.25	73.80	72.85	74.88	75.55	72.16	74.34	75.05	0.898337568953	0.903630211629	200	200
17320	17320	89362	89362	72.35	74.62	75.50	70.85	72.85	73.70	72.78	74.53	75.33	71.99	74.00	74.84	0.898982146194	0.903791633033	200	200
17520	17520	89162	89162	71.92	74.30	75.12	70.70	72.42	73.12	72.60	74.30	75.12	71.74	73.67	74.46	0.90110823059	0.904547559417	200	200
17720	17720	88962	88962	71.50	73.92	74.88	70.38	72.40	72.80	72.55	74.12	74.90	71.47	73.48	74.19	0.902565947503	0.903772212561	200	200
17920	17920	88762	88762	71.25	73.45	74.67	70.22	72.38	72.50	72.22	73.90	74.75	71.23	73.24	73.97	0.903724694657	0.905750521572	200	200
18120	18120	88562	88562	70.85	72.83	73.97	70.08	72.00	72.17	72.15	73.67	74.25	71.03	72.83	73.47	0.904340118405	0.906794748892	200	200
18320	18320	88362	88362	70.75	72.65	73.65	69.80	71.62	71.85	71.83	73.78	74.22	70.79	72.68	73.24	0.904546488853	0.908319010129	200	200
18520	18520	88162	88162	70.62	72.53	73.38	69.50	71.50	71.53	71.55	73.53	73.88	70.56	72.52	72.92	0.904705802734	0.907822938057	200	200
18720	18720	87962	87962	70.62	72.10	73.08	69.25	71.20	71.45	71.60	73.22	73.60	70.49	72.17	72.71	0.904421815197	0.908001885155	200	200
18920	18920	87762	87762	70.45	71.90	72.55	69.05	70.80	71.35	71.28	73.03	73.42	70.26	71.91	72.44	0.904886559251	0.908581718608	200	200
19120	19120	87562	87562	70.40	71.78	72.22	68.83	70.40	70.97	71.20	72.67	72.97	70.14	71.62	72.06	0.906405357007	0.909049126647	200	200
19320	19320	87362	87362	70.38	71.58	72.10	68.78	70.35	70.75	70.85	72.35	72.75	70.00	71.42	71.87	0.90522489061	0.909256685683	200	200
19520	19520	87162	87162	70.15	71.38	71.60	68.58	69.97	70.60	70.42	71.92	72.55	69.72	71.09	71.58	0.90554127285	0.910518379699	200	200
19720	19720	86962	86962	69.78	71.15	71.03	68.30	69.72	70.42	70.12	71.42	72.35	69.40	70.77	71.27	0.906161913473	0.910806772816	200	200
19920	19920	86762	86762	69.78	70.83	70.92	68.15	69.47	70.12	69.85	71.08	72.22	69.26	70.46	71.09	0.905949713396	0.910906135654	200	200
20120	20120	86562	86562	69.35	70.33	70.53	68.00	69.22	69.83	69.88	70.88	71.97	69.08	70.14	70.78	0.906269863861	0.911663885502	200	200
20320	20320	86362	86362	69.08	70.25	70.33	67.53	69.03	69.70	69.75	70.65	71.72	68.78	69.97	70.58	0.906863384314	0.911704038222	200	200
20520	20520	86162	86162	68.95	70.08	70.05	67.22	68.60	69.38	69.38	70.03	71.33	68.52	69.57	70.25	0.908506900716	0.911170515634	200	200
20720	20720	85962	85962	68.33	69.78	69.67	67.03	68.53	69.03	69.12	69.62	70.83	68.16	69.31	69.84	0.909136357256	0.911209125241	200	200
20920	20920	85762	85762	68.00	69.47	69.45	66.97	68.17	68.58	68.90	69.50	70.17	67.96	69.05	69.40	0.90987603641	0.911334870387	200	200
21120	21120	85562	85562	67.75	69.30	69.08	66.70	68.08	68.20	68.65	69.28	69.88	67.70	68.88	69.05	0.911035266569	0.911637687439	200	200
21320	21320	85362	85362	67.65	69.25	68.90	66.38	67.67	67.92	68.60	69.20	69.60	67.54	68.71	68.81	0.911413393161	0.912355280167	200	200
21520	21520	85162	85162	67.40	68.90	68.50	66.22	67.58	67.70	68.35	69.05	69.30	67.33	68.51	68.50	0.910326919438	0.912745898182	200	200
21720	21720	84962	84962	66.97	68.83	68.38	65.90	67.42	67.30	67.92	68.92	69.03	66.93	68.39	68.23	0.911648235648	0.913611254035	200	200
21920	21920	84762	84762	66.70	68.58	68.30	65.50	67.35	67.10	67.67	68.75	68.72	66.62	68.22	68.04	0.912793724645	0.914379509672	200	200
22120	22120	84562	84562	66.50	68.22	67.80	65.28	67.08	66.78	67.38	68.58	68.42	66.38	67.96	67.67	0.912927530068	0.915040800718	200	200
22320	22320	84362	84362	66.45	67.88	67.53	65.17	66.88	66.67	67.08	68.42	68.25	66.23	67.72	67.48	0.912830342724	0.916944264116	200	200
22520	22520	84162	84162	66.28	67.50	67.33	64.85	66.47	66.38	66.92	68.17	67.88	66.02	67.38	67.19	0.913807480212	0.918380350276	200	200
22720	22720	83962	83962	66.15	67.47	67.10	64.70	66.33	66.22	66.83	67.95	67.65	65.89	67.25	66.99	0.914611820686	0.918410107991	200	200
22920	22920	83762	83762	65.97	67.17	66.85	64.72	66.25	66.12	66.80	67.62	67.47	65.83	67.02	66.82	0.915042938804	0.917811891452	200	200
23120	23120	83562	83562	65.65	66.92	66.62	64.67	65.97	65.80	66.42	67.47	67.42	65.58	66.79	66.62	0.915894978411	0.918495547067	200	200
23320	23320	83362	83362	65.33	66.75	66.38	64.50	65.67	65.58	66.33	67.45	67.17	65.38	66.62	66.38	0.915969772319	0.919616013193	200	200
23520	23520	83162	83162	65.08	66.55	66.17	64.30	65.62	65.53	66.10	67.25	66.80	65.16	66.47	66.17	0.916352381453	0.919616450829	200	200
23720	23720	82962	82962	65.03	66.35	66.00	64.20	65.55	65.20	65.80	67.15	66.80	65.01	66.35	66.00	0.916624710461	0.919318050356	200	200
23920	23920	82762	82762	64.83	66.20	65.70	64.00	65.53	65.03	65.90	66.88	66.55	64.91	66.20	65.76	0.917446047856	0.920617593718	200	200
24120	24120	82562	82562	64.67	66.03	65.47	63.83	65.25	64.92	65.72	66.67	66.38	64.74	65.98	65.59	0.917412501933	0.920256347983	200	200
24320	24320	82362	82362	64.55	65.83	65.22	63.65	65.25	64.62	65.50	66.55	66.12	64.57	65.88	65.33	0.917413020699	0.920409203085	200	200
24520	24520	82162	82162	64.33	65.80	65.03	63.67	64.97	64.42	65.35	66.35	66.00	64.45	65.71	65.15	0.917355304574	0.920722584663	200	200
24720	24720	81962	81962	64.22	65.75	64.95	63.45	65.00	64.35	65.22	66.33	65.70	64.30	65.69	65.00	0.918110325891	0.920810164164	200	200
24920	24920	81762	81762	63.95	65.58	64.83	63.30	64.80	64.08	65.05	66.17	65.60	64.10	65.52	64.83	0.918732184482	0.92132334628	200	200
25120	25120	81562	81562	63.58	65.47	64.67	63.27	64.60	64.00	65.05	66.20	65.25	63.97	65.42	64.64	0.919683790193	0.921964107228	200	200
25320	25320	81362	81362	63.33	65.30	64.47	63.17	64.45	63.88	64.75	66.03	65.22	63.75	65.26	64.53	0.920199104553	0.922694738038	200	200
25520	25520	81162	81162	63.20	65.08	64.28	63.15	64.25	63.80	64.40	65.92	65.00	63.58	65.08	64.36	0.920752633518	0.923936527031	200	200
25720	25720	80962	80962	63.08	65.03	64.05	63.00	64.12	63.62	64.15	65.60	64.97	63.41	64.92	64.22	0.920887145917	0.924126578983	200	200
25920	25920	80762	80762	63.05	64.70	63.95	62.73	63.95	63.52	64.00	65.50	64.90	63.26	64.72	64.12	0.921476386288	0.924328776411	200	200
26120	26120	80562	80562	62.98	64.47	63.80	62.50	63.80	63.38	63.88	65.28	64.80	63.12	64.52	63.99	0.921679410981	0.924071053522	200	200
26320	26320	80362	80362	62.90	64.45	63.65	62.30	63.70	63.33	63.58	65.17	64.62	62.92	64.44	63.87	0.921715356143	0.923777246645	200	200
26520	26520	80162	80162	62.90	64.22	63.50	62.27	63.42	63.10	63.45	65.12	64.42	62.88	64.26	63.67	0.921154051395	0.924673730195	200	200
26720	26720	79962	79962	62.83	64.12	63.27	62.23	63.30	62.98	63.35	65.03	64.45	62.80	64.15	63.57	0.92130799988	0.925005390287	200	200
26920	26920	79762	79762	62.67	63.98	63.10	62.20	63.27	62.85	63.23	64.97	64.28	62.70	64.08	63.41	0.922278473716	0.924688270272	200	200
27120	27120	79562	79562	62.50	63.85	62.98	62.02	63.15	62.60	63.12	64.88	64.20	62.55	63.96	63.26	0.922727064646	0.925053096926	200	200
27320	27320	79362	79362	62.42	63.80	62.83	61.85	63.08	62.52	62.92	64.83	64.08	62.40	63.90	63.14	0.923016197819	0.925862367622	200	200
27520	27520	79162	79162	62.33	63.62	62.83	61.77	63.08	62.42	62.92	64.75	63.92	62.34	63.82	63.06	0.923002453045	0.92561655999	200	200
27720	27720	78962	78962	62.20	63.60	62.70	61.58	62.92	62.40	62.75	64.67	63.88	62.17	63.73	62.99	0.923268170813	0.926350850001	200	200
27920	27920	78762	78762	62.02	63.42	62.67	61.70	62.83	62.17	62.60	64.60	63.70	62.11	63.62	62.85	0.92366824388	0.926930584349	200	200
28120	28120	78562	78562	61.85	63.35	62.55	61.62	62.65	62.08	62.50	64.35	63.52	61.99	63.45	62.72	0.924398667275	0.927449843616	200	200
28320	28320	78362	78362	61.77	63.27	62.52	61.45	62.48	61.83	62.40	64.12	63.42	61.88	63.29	62.59	0.924839969307	0.928142506231	200	200
28520	28520	78162	78162	61.67	63.20	62.30	61.35	62.17	61.65	62.38	64.03	63.33	61.80	63.13	62.42	0.925972023585	0.92889717573	200	200
28720	28720	77962	77962	61.60	63.08	62.00	61.10	62.12	61.62	62.12	63.95	63.08	61.61	63.05	62.23	0.925762652451	0.928530504361	200	200
28920	28920	77762	77762	61.50	62.90	61.88	61.00	62.02	61.60	61.90	63.83	63.00	61.47	62.92	62.16	0.926591184503	0.928942975864	200	200
29120	29120	77562	77562	61.42	62.75	61.75	60.70	61.85	61.50	61.90	63.62	62.80	61.34	62.74	62.02	0.9272005424	0.929319329488	200	200
29320	29320	77362	77362	61.25	62.70	61.50	60.73	61.70	61.38	61.83	63.45	62.62	61.27	62.62	61.83	0.927818695969	0.92992755284	200	200
29520	29520	77162	77162	61.10	62.67	61.52	60.62	61.83	61.33	61.88	63.25	62.55	61.20	62.58	61.80	0.928519817226	0.93039004916	200	200
29720	29720	76962	76962	61.10	62.55	61.40	60.70	61.65	61.30	61.88	63.20	62.42	61.23	62.47	61.71	0.928623172151	0.930783770445	200	200
29920	29920	76762	76762	61.05	62.42	61.33	60.50	61.67	61.17	61.90	63.17	62.38	61.15	62.42	61.62	0.92933272082	0.930859040976	200	200
30120	30120	76562	76562	61.02	62.38	61.23	60.40	61.58	61.05	61.65	63.08	62.23	61.02	62.34	61.50	0.929827795163	0.931729277207	200	200
30320	30320	76362	76362	61.00	62.35	61.15	60.33	61.48	60.88	61.58	63.05	62.08	60.97	62.29	61.37	0.929752239742	0.932941352832	200	200
30520	30520	76162	76162	60.85	62.23	61.02	60.30	61.48	60.90	61.33	62.92	62.02	60.83	62.21	61.32	0.929987905751	0.933334850802	200	200
30720	30720	75962	75962	60.83	62.12	60.90	59.98	61.38	60.77	61.27	62.92	61.88	60.69	62.14	61.18	0.930377799673	0.933773466061	200	200
30920	30920	75762	75762	60.73	62.02	60.77	59.95	61.30	60.67	61.23	62.83	61.73	60.63	62.05	61.06	0.930173184557	0.933660671021	200	200
31120	31120	75562	75562	60.77	61.98	60.62	59.95	61.15	60.65	61.23	62.77	61.67	60.65	61.97	60.98	0.930140444477	0.933989943799	200	200
31320	31320	75362	75362	60.62	61.80	60.40	59.98	61.15	60.48	61.15	62.65	61.45	60.58	61.87	60.77	0.930443164443	0.934924630393	200	200
31520	31520	75162	75162	60.45	61.77	60.33	59.95	61.15	60.45	61.15	62.48	61.30	60.52	61.80	60.69	0.93029251807	0.935249595397	200	200
31720	31720	74962	74962	60.42	61.75	60.23	59.88	61.08	60.38	61.00	62.42	61.15	60.43	61.75	60.58	0.930364900823	0.935705820241	200	200
31920	31920	74762	74762	60.30	61.65	60.25	59.88	60.98	60.35	60.95	62.25	61.05	60.38	61.62	60.55	0.930393811806	0.93616001773	200	200
32120	32120	74562	74562	60.25	61.62	60.15	59.67	60.88	60.27	60.88	62.25	60.98	60.27	61.58	60.47	0.930180267054	0.936349702692	200	200
32320	32320	74362	74362	60.10	61.55	60.05	59.62	60.83	60.23	60.83	62.15	60.92	60.18	61.51	60.40	0.930475522177	0.936407668121	200	200
32520	32520	74162	74162	60.02	61.55	59.98	59.50	60.77	60.17	60.77	62.08	60.80	60.10	61.47	60.32	0.930742758915	0.936630425782	200	200
32720	32720	73962	73962	60.02	61.45	59.88	59.45	60.77	60.08	60.73	62.12	60.73	60.07	61.45	60.23	0.931208117605	0.936788123774	200	200
32920	32920	73762	73762	59.95	61.35	59.80	59.33	60.77	60.02	60.58	62.08	60.70	59.95	61.40	60.17	0.931271548862	0.936966264538	200	200
33120	33120	73562	73562	59.95	61.20	59.65	59.25	60.62	60.00	60.62	61.90	60.65	59.94	61.24	60.10	0.931450793367	0.937449448389	200	200
33320	33320	73362	73362	59.90	61.12	59.67	59.10	60.58	60.00	60.50	61.83	60.55	59.83	61.17	60.08	0.931946988436	0.937722710721	200	200
33520	33520	73162	73162	59.75	60.88	59.45	58.98	60.42	59.83	60.35	61.75	60.35	59.69	61.02	59.88	0.93245175639	0.937651757212	200	200
33720	33720	72962	72962	59.65	60.80	59.40	58.92	60.38	59.55	60.35	61.62	60.25	59.64	60.93	59.73	0.933022387246	0.937453105067	200	200
33920	33920	72762	72762	59.35	60.70	59.27	58.83	60.25	59.45	60.23	61.60	60.12	59.47	60.85	59.62	0.933419541243	0.937597534693	200	200
34120	34120	72562	72562	59.27	60.65	59.27	58.62	60.10	59.40	60.23	61.38	59.92	59.38	60.71	59.53	0.933278711854	0.937800550337	200	200
34320	34320	72362	72362	59.10	60.70	59.20	58.52	60.08	59.30	60.08	61.30	59.92	59.23	60.69	59.48	0.933219073762	0.938169532885	200	200
34520	34520	72162	72162	59.02	60.62	59.12	58.52	60.00	59.27	60.08	61.25	59.77	59.21	60.62	59.39	0.933584635261	0.938231762583	200	200
34720	34720	71962	71962	59.05	60.58	59.00	58.45	59.95	59.20	59.92	61.20	59.77	59.14	60.58	59.33	0.934126739667	0.938541493517	200	200
34920	34920	71762	71762	59.08	60.50	59.02	58.38	59.85	59.02	59.92	61.12	59.67	59.12	60.49	59.24	0.934014472356	0.938906603826	200	200
35120	35120	71562	71562	58.95	60.42	59.02	58.30	59.80	59.02	59.80	61.02	59.65	59.02	60.42	59.23	0.934032694447	0.939268780464	200	200
35320	35320	71362	71362	58.92	60.27	58.85	58.17	59.70	58.92	59.75	60.92	59.67	58.95	60.30	59.15	0.93435818029	0.939611000148	200	200
35520	35520	71162	71162	58.83	60.12	58.80	58.02	59.65	58.85	59.73	60.95	59.62	58.86	60.24	59.09	0.934649823992	0.939516125186	200	200
35720	35720	70962	70962	58.73	60.02	58.70	58.02	59.50	58.70	59.62	60.88	59.48	58.79	60.13	58.96	0.935018524379	0.939922207455	200	200
35920	35920	70762	70762	58.67	60.02	58.73	57.98	59.35	58.70	59.50	60.95	59.42	58.72	60.11	58.95	0.935427219628	0.94034536737	200	200
36120	36120	70562	70562	58.67	59.90	58.62	57.92	59.40	58.73	59.40	60.90	59.35	58.67	60.07	58.90	0.935889668431	0.940773521916	200	200
36320	36320	70362	70362	58.62	59.85	58.65	57.80	59.27	58.70	59.40	60.77	59.27	58.61	59.97	58.88	0.936023369713	0.940933652602	200	200
36520	36520	70162	70162	58.45	59.73	58.58	57.73	59.25	58.62	59.35	60.70	59.15	58.51	59.89	58.78	0.936350729176	0.941657432424	200	200
36720	36720	69962	69962	58.48	59.70	58.52	57.65	59.15	58.52	59.23	60.62	58.98	58.45	59.83	58.67	0.936877133888	0.942228814266	200	200
36920	36920	69762	69762	58.45	59.60	58.48	57.65	59.17	58.45	59.12	60.42	58.85	58.41	59.73	58.59	0.937440237093	0.942439846074	200	200
37120	37120	69562	69562	58.35	59.52	58.35	57.67	59.05	58.40	59.00	60.50	58.80	58.34	59.69	58.52	0.937664184379	0.942426355459	200	200
37320	37320	69362	69362	58.27	59.55	58.38	57.70	59.02	58.42	58.95	60.45	58.75	58.31	59.67	58.52	0.93766897816	0.94276045262	200	200
37520	37520	69162	69162	58.23	59.33	58.38	57.67	59.02	58.38	58.83	60.38	58.70	58.24	59.58	58.48	0.937491076043	0.942814362561	200	200
37720	37720	68962	68962	58.12	59.27	58.23	57.67	59.00	58.27	58.83	60.23	58.67	58.21	59.50	58.39	0.938039802086	0.94324575024	200	200
37920	37920	68762	68762	58.08	59.20	58.10	57.73	58.92	58.25	58.77	60.10	58.52	58.19	59.41	58.29	0.937956853468	0.94337371746	200	200
38120	38120	68562	68562	58.05	59.17	58.05	57.65	58.90	58.17	58.77	60.12	58.45	58.16	59.40	58.23	0.938567471019	0.943671621967	200	200
38320	38320	68362	68362	57.92	59.20	57.90	57.55	58.88	58.08	58.60	60.08	58.40	58.02	59.38	58.12	0.938857683844	0.943670860826	200	200
38520	38520	68162	68162	57.90	59.20	57.92	57.55	58.77	57.92	58.50	60.08	58.50	57.98	59.35	58.12	0.939396116966	0.944162332634	188	200
38708	38720	67974	67962	57.90	59.20	57.88	57.55	58.85	57.67	58.40	60.08	58.38	57.95	59.38	57.98	0.939977804765	0.944158683565	200	200
38908	38920	67774	67762	57.95	59.05	57.80	57.48	58.75	57.67	58.42	59.83	58.30	57.95	59.21	57.92	0.939511481448	0.94455095284	200	200
39108	39120	67574	67562	57.85	59.08	57.65	57.42	58.75	57.65	58.38	59.92	58.30	57.88	59.25	57.87	0.939542532865	0.944945837137	200	200
39308	39320	67374	67362	57.77	59.10	57.62	57.40	58.75	57.60	58.33	59.90	58.30	57.83	59.25	57.84	0.939884987658	0.944993086555	200	200
39508	39520	67174	67162	57.62	58.95	57.65	57.40	58.65	57.60	58.23	59.80	58.20	57.75	59.13	57.82	0.939887081076	0.945568982229	200	200
39708	39720	66974	66962	57.55	58.88	57.58	57.30	58.55	57.60	58.05	59.75	58.17	57.63	59.06	57.78	0.939711096078	0.945786001044	200	200
39908	39920	66774	66762	57.60	58.75	57.48	57.27	58.55	57.58	58.00	59.65	58.08	57.62	58.98	57.71	0.93979622989	0.946095084492	200	200
40108	40120	66574	66562	57.65	58.67	57.40	57.40	58.45	57.58	58.00	59.48	58.05	57.68	58.87	57.67	0.93998932327	0.946506200721	200	200
40308	40320	66374	66362	57.60	58.65	57.40	57.30	58.38	57.58	57.98	59.38	58.02	57.62	58.80	57.67	0.939755717508	0.946863163104	200	200
40508	40520	66174	66162	57.62	58.60	57.35	57.23	58.30	57.52	57.83	59.40	57.95	57.56	58.77	57.61	0.939311691622	0.947354013621	200	200
40708	40720	65974	65962	57.65	58.52	57.30	57.00	58.33	57.35	57.75	59.27	57.95	57.47	58.71	57.53	0.939279826449	0.947448644563	200	200
40908	40920	65774	65762	57.65	58.52	57.25	57.02	58.30	57.30	57.80	59.23	57.90	57.49	58.68	57.48	0.939498025937	0.947472111146	200	200
41108	41120	65574	65562	57.60	58.40	57.25	56.85	58.30	57.20	57.73	59.12	57.80	57.39	58.61	57.42	0.939710016588	0.947521175183	200	200
41308	41320	65374	65362	57.52	58.42	57.20	56.83	58.20	57.12	57.62	59.17	57.65	57.33	58.60	57.33	0.940217068376	0.947810192785	200	200
41508	41520	65174	65162	57.45	58.42	57.20	56.75	58.12	57.02	57.55	59.20	57.58	57.25	58.58	57.27	0.940673839395	0.947888618879	200	200
41708	41720	64974	64962	57.27	58.40	57.23	56.60	58.15	57.02	57.52	59.15	57.50	57.13	58.57	57.25	0.940596556829	0.947904880063	200	200
41908	41920	64774	64762	57.17	58.35	57.10	56.55	58.02	56.98	57.50	59.12	57.42	57.08	58.50	57.17	0.941098276159	0.94781587351	200	200
42108	42120	64574	64562	57.17	58.33	57.10	56.50	57.95	56.98	57.38	59.08	57.42	57.02	58.45	57.17	0.941382783305	0.948130562713	200	200
42308	42320	64374	64362	57.15	58.30	56.98	56.45	57.92	56.90	57.35	58.98	57.40	56.98	58.40	57.09	0.941899213429	0.948250930907	200	200
42508	42520	64174	64162	57.12	58.25	56.95	56.48	57.92	56.85	57.15	58.98	57.40	56.92	58.38	57.07	0.941999296388	0.948435940404	200	200
42708	42720	63974	63962	57.05	58.27	56.92	56.35	57.88	56.80	57.25	58.90	57.40	56.88	58.35	57.04	0.942429185567	0.948446683354	200	200
