12120	12120	94562	94562	75.03	77.75	79.85	74.58	77.62	79.25	75.30	78.53	79.88	74.97	77.97	79.66	1.86559578405	1.9301983291
12120	12120	94440	94440	75.08	77.75	79.85	74.55	77.65	79.25	75.30	78.53	79.88	74.97	77.97	79.66	1.37017096274	1.48621255389	200	200
12320	12320	94240	94240	72.80	77.08	77.42	72.78	76.62	77.20	72.25	77.70	77.67	72.61	77.13	77.43	0.961602178659	1.03837280343	200	200
12520	12520	94040	94040	72.30	75.72	76.10	72.25	75.58	75.90	71.90	76.58	76.17	72.15	75.96	76.06	0.865013807841	0.902155943545	200	200
12720	12720	93840	93840	73.85	76.62	77.33	73.33	76.25	77.03	73.30	77.10	77.35	73.49	76.66	77.23	0.852027143349	0.87825634524	200	200
12920	12920	93640	93640	75.10	77.15	78.40	73.78	76.60	77.88	74.47	77.92	78.42	74.45	77.22	78.23	0.846559614567	0.868030190687	200	200
13120	13120	93440	93440	75.70	77.97	79.60	74.47	76.95	78.60	75.05	77.97	79.67	75.08	77.63	79.29	0.84935481426	0.870665144873	200	200
13320	13320	93240	93240	75.97	78.35	80.05	74.50	76.72	79.05	75.58	78.45	79.65	75.35	77.84	79.58	0.854449979854	0.870750964162	200	200
13520	13520	93040	93040	76.05	78.50	80.28	74.53	76.90	78.62	75.95	78.47	79.97	75.51	77.96	79.62	0.862946778199	0.872724827376	200	200
13720	13720	92840	92840	76.20	78.53	79.97	74.22	76.97	78.67	76.10	78.47	80.15	75.51	77.99	79.60	0.869627737755	0.876631340937	200	200
13920	13920	92640	92640	76.20	78.58	80.25	74.17	76.80	78.53	76.28	77.97	80.08	75.55	77.78	79.62	0.872917577374	0.87957416042	200	200
14120	14120	92440	92440	75.88	78.60	80.22	73.97	76.92	78.42	76.00	77.90	79.90	75.28	77.81	79.52	0.874229157079	0.883308954667	200	200
14320	14320	92240	92240	75.60	78.60	80.30	74.00	76.35	78.08	75.83	77.70	79.53	75.14	77.55	79.30	0.879932945662	0.885514999751	200	200
14520	14520	92040	92040	75.60	78.17	80.08	73.53	75.75	77.55	75.45	77.70	79.50	74.86	77.21	79.04	0.879459606181	0.886939828608	200	200
14720	14720	91840	91840	75.15	78.08	79.88	73.50	75.50	77.05	75.55	77.22	79.42	74.73	76.93	78.78	0.876325831554	0.885050455119	200	200
14920	14920	91640	91640	75.12	77.83	79.40	73.28	75.55	76.85	75.58	77.17	79.40	74.66	76.85	78.55	0.88175520215	0.884643467352	200	200
15120	15120	91440	91440	75.03	77.80	79.17	73.38	75.45	76.78	75.58	77.05	79.00	74.66	76.77	78.32	0.884038183937	0.888413616473	200	200
15320	15320	91240	91240	74.88	77.65	79.10	73.12	75.45	76.47	75.28	76.88	78.72	74.42	76.66	78.10	0.887838902772	0.890727678682	200	200
15520	15520	91040	91040	74.58	77.22	78.60	72.80	75.38	76.05	75.10	76.72	78.20	74.16	76.44	77.62	0.888135459397	0.893122558429	200	200
15720	15720	90840	90840	74.38	76.88	78.62	72.58	75.08	75.80	74.97	76.40	77.90	73.97	76.12	77.44	0.890236494392	0.895186787722	200	200
15920	15920	90640	90640	74.12	76.75	78.10	72.50	74.70	75.25	74.55	75.78	77.40	73.72	75.74	76.92	0.890271875776	0.895854493036	200	200
16120	16120	90440	90440	73.78	76.47	77.65	72.10	74.35	75.03	74.22	75.47	76.97	73.37	75.43	76.55	0.890013868175	0.896900132249	200	200
16320	16320	90240	90240	73.67	76.12	77.30	72.15	73.92	74.72	74.22	75.12	76.42	73.35	75.06	76.15	0.893243322322	0.900050938869	200	200
16520	16520	90040	90040	73.20	75.83	76.78	71.75	73.65	74.60	73.80	75.08	76.10	72.92	74.85	75.83	0.89558638374	0.901754572375	200	200
16720	16720	89840	89840	73.05	75.67	76.60	71.58	73.12	74.35	73.50	75.12	76.08	72.71	74.64	75.67	0.897452434679	0.901714274076	200	200
16920	16920	89640	89640	72.80	75.38	76.08	71.22	73.03	73.78	73.17	74.85	75.95	72.40	74.42	75.27	0.898098259772	0.902390794387	200	200
17120	17120	89440	89440	72.25	75.00	75.78	71.12	72.58	73.30	72.70	74.60	75.38	72.03	74.06	74.82	0.898048897284	0.90339560989	200	200
17320	17320	89240	89240	72.05	74.50	75.45	70.83	72.08	72.92	72.58	74.42	75.17	71.82	73.67	74.52	0.898869865899	0.902728299543	200	200
17520	17520	89040	89040	72.05	74.05	75.22	70.70	71.75	72.47	72.35	74.28	74.62	71.70	73.36	74.11	0.900266109277	0.903276389346	200	200
17720	17720	88840	88840	71.70	73.70	74.92	70.50	71.53	72.47	72.15	73.65	74.28	71.45	72.96	73.89	0.900533060655	0.904604306715	200	200
17920	17920	88640	88640	71.30	73.28	74.42	70.08	71.30	72.12	71.92	73.60	74.20	71.10	72.72	73.58	0.901503349279	0.903580833484	200	200
18120	18120	88440	88440	71.22	72.85	74.25	70.20	71.03	72.05	71.78	73.12	74.17	71.07	72.33	73.49	0.902393954848	0.90530033424	200	200
18320	18320	88240	88240	71.03	72.45	74.03	69.72	70.80	71.88	71.55	73.00	74.03	70.77	72.08	73.31	0.903474170971	0.904604000679	200	200
18520	18520	88040	88040	71.00	72.42	73.67	69.42	70.65	71.65	71.15	72.95	73.67	70.53	72.01	73.00	0.90324048563	0.904413211838	200	200
18720	18720	87840	87840	70.78	72.40	73.33	69.30	70.55	71.42	70.92	72.60	73.45	70.33	71.85	72.73	0.903502037087	0.905353038156	200	200
18920	18920	87640	87640	70.75	72.00	73.08	69.25	70.35	71.25	70.75	72.35	73.25	70.25	71.57	72.53	0.903721523599	0.906998985022	200	200
19120	19120	87440	87440	70.65	71.60	72.70	69.00	69.97	71.00	70.62	72.12	72.85	70.09	71.23	72.18	0.903371974683	0.907387662068	200	200
19320	19320	87240	87240	70.72	71.40	72.50	69.03	69.85	70.90	70.47	71.85	72.45	70.08	71.03	71.95	0.904592502581	0.907729492378	200	200
19520	19520	87040	87040	70.55	71.10	72.38	68.92	69.72	70.58	70.28	71.42	72.30	69.92	70.75	71.75	0.903883982369	0.908639747794	200	200
19720	19720	86840	86840	70.38	70.83	72.10	68.58	69.67	70.42	70.28	71.08	71.92	69.74	70.53	71.48	0.904087709954	0.907456494131	200	200
19920	19920	86640	86640	70.25	70.58	71.65	68.50	69.40	70.05	70.03	70.95	71.88	69.59	70.31	71.19	0.903939708048	0.908937678863	200	200
20120	20120	86440	86440	69.97	70.22	71.42	68.15	69.12	69.75	69.83	70.65	71.72	69.32	70.00	70.97	0.904307140849	0.909227905502	200	200
20320	20320	86240	86240	69.53	70.03	71.03	67.67	69.00	69.53	69.75	70.50	71.47	68.98	69.84	70.67	0.905649620061	0.910391729314	200	200
20520	20520	86040	86040	69.25	69.95	70.70	67.50	68.78	69.33	69.50	70.20	71.08	68.75	69.64	70.37	0.907639379728	0.911304372187	200	200
20720	20720	85840	85840	68.92	69.72	70.42	67.12	68.38	69.08	69.35	70.08	70.80	68.47	69.39	70.10	0.908712842284	0.910454082955	200	200
20920	20920	85640	85640	68.45	69.30	70.08	66.67	68.15	68.83	69.17	69.88	70.35	68.10	69.11	69.75	0.909120487251	0.911017802096	200	200
21120	21120	85440	85440	68.20	69.08	69.65	66.53	68.00	68.45	68.75	69.53	70.20	67.83	68.87	69.43	0.909934510487	0.911817525732	200	200
21320	21320	85240	85240	68.08	68.65	69.38	66.55	67.67	67.95	68.55	69.28	69.83	67.72	68.53	69.05	0.910462943875	0.912330007479	200	200
21520	21520	85040	85040	67.67	68.50	68.92	66.17	67.42	67.80	68.42	69.12	69.47	67.42	68.35	68.73	0.910487367609	0.913690594389	200	200
21720	21720	84840	84840	67.55	68.50	68.53	66.08	67.28	67.53	68.12	68.88	69.05	67.25	68.22	68.37	0.911064986963	0.913863253091	200	200
21920	21920	84640	84640	67.12	68.10	68.22	65.88	67.15	67.30	68.08	68.65	68.78	67.03	67.97	68.10	0.911690571013	0.914415952462	200	200
22120	22120	84440	84440	67.05	67.95	68.05	65.75	66.85	66.95	67.90	68.33	68.60	66.90	67.71	67.87	0.912518631892	0.914484015321	200	200
22320	22320	84240	84240	66.83	67.75	67.88	65.47	66.78	66.75	67.67	68.33	68.42	66.66	67.62	67.68	0.912492537975	0.914932204386	200	200
22520	22520	84040	84040	66.45	67.50	67.40	65.25	66.65	66.28	67.53	67.90	68.17	66.41	67.35	67.28	0.913145734219	0.914390987485	200	200
22720	22720	83840	83840	66.28	67.25	67.12	65.12	66.28	65.90	67.50	67.90	67.67	66.30	67.14	66.90	0.913920815407	0.914464652684	200	200
22920	22920	83640	83640	66.03	67.00	66.67	65.10	66.15	65.75	67.22	67.70	67.60	66.12	66.95	66.67	0.914016031849	0.914541946973	200	200
23120	23120	83440	83440	65.83	66.88	66.47	64.88	65.90	65.47	66.92	67.45	67.55	65.88	66.74	66.50	0.914728834175	0.915803541097	200	200
23320	23320	83240	83240	65.67	66.62	66.38	64.85	65.67	65.28	66.83	67.25	67.33	65.78	66.52	66.33	0.91531444132	0.916139347753	200	200
23520	23520	83040	83040	65.55	66.42	66.20	64.62	65.42	65.17	66.78	67.20	67.30	65.65	66.35	66.22	0.915063674222	0.916890615053	200	200
23720	23720	82840	82840	65.20	66.20	65.90	64.42	65.28	65.00	66.38	66.85	66.95	65.33	66.11	65.95	0.915499169934	0.918061444809	200	200
23920	23920	82640	82640	65.15	66.12	65.62	64.10	65.15	64.70	66.15	66.62	66.60	65.13	65.97	65.64	0.915677604524	0.918880257937	200	200
24120	24120	82440	82440	64.97	66.10	65.42	64.08	64.95	64.72	66.05	66.50	66.35	65.03	65.85	65.50	0.915673666221	0.918553724739	200	200
24320	24320	82240	82240	64.88	65.85	65.25	63.90	64.80	64.50	65.97	66.45	66.22	64.92	65.70	65.33	0.916044695854	0.918572118049	200	200
24520	24520	82040	82040	64.78	65.72	65.00	63.85	64.75	64.42	65.78	66.40	66.03	64.80	65.62	65.15	0.916788044173	0.918925547667	200	200
24720	24720	81840	81840	64.28	65.67	64.92	63.77	64.58	64.08	65.42	66.17	65.60	64.49	65.47	64.87	0.917585044516	0.919156469853	200	200
24920	24920	81640	81640	64.15	65.38	64.62	63.65	64.35	63.95	65.25	66.08	65.47	64.35	65.27	64.68	0.918052935402	0.91930693092	200	200
25120	25120	81440	81440	63.85	65.38	64.42	63.55	64.20	63.92	64.92	65.83	65.28	64.11	65.13	64.54	0.918212063455	0.919876757169	200	200
25320	25320	81240	81240	63.77	65.22	64.25	63.40	64.03	63.85	64.67	65.72	65.17	63.95	64.99	64.42	0.919098947232	0.920652934829	200	200
25520	25520	81040	81040	63.60	65.12	64.08	63.35	64.00	63.73	64.53	65.62	64.90	63.83	64.92	64.23	0.918908684662	0.921069549772	200	200
25720	25720	80840	80840	63.45	64.90	63.92	63.10	63.95	63.45	64.58	65.45	64.90	63.71	64.77	64.09	0.918939234996	0.920902056649	200	200
25920	25920	80640	80640	63.23	64.72	63.70	62.98	63.80	63.33	64.17	65.35	64.85	63.46	64.62	63.96	0.919395351788	0.921406538574	200	200
26120	26120	80440	80440	63.15	64.65	63.58	62.80	63.67	63.23	64.20	65.17	64.70	63.38	64.50	63.83	0.919814167677	0.921201181624	200	200
26320	26320	80240	80240	62.98	64.55	63.48	62.67	63.67	63.05	64.10	64.95	64.50	63.25	64.39	63.67	0.919984071495	0.922196820507	200	200
26520	26520	80040	80040	62.80	64.25	63.35	62.55	63.45	62.88	63.98	64.90	64.50	63.11	64.20	63.58	0.920076928254	0.923201281971	200	200
26720	26720	79840	79840	62.65	64.28	63.20	62.50	63.27	62.73	63.77	64.80	64.38	62.98	64.12	63.43	0.920550116097	0.923401771587	200	200
26920	26920	79640	79640	62.55	64.25	63.05	62.30	63.17	62.58	63.60	64.75	64.17	62.82	64.06	63.27	0.921270148192	0.92434294607	200	200
27120	27120	79440	79440	62.50	64.05	63.10	62.20	63.15	62.48	63.48	64.62	64.10	62.73	63.94	63.23	0.921625368736	0.924310904955	200	200
27320	27320	79240	79240	62.50	64.15	62.92	62.05	62.95	62.25	63.25	64.47	63.88	62.60	63.86	63.02	0.922069181903	0.924841665616	200	200
27520	27520	79040	79040	62.27	63.90	62.75	62.08	62.88	62.17	63.20	64.30	63.83	62.52	63.69	62.92	0.922306386002	0.925747678814	200	200
27720	27720	78840	78840	62.12	63.77	62.60	61.85	62.75	62.00	63.02	64.15	63.67	62.33	63.56	62.76	0.922891375722	0.926134241524	200	200
27920	27920	78640	78640	62.02	63.60	62.40	61.62	62.67	62.00	62.98	63.95	63.62	62.21	63.41	62.67	0.923572677056	0.92606414216	200	200
28120	28120	78440	78440	61.92	63.55	62.35	61.38	62.38	61.92	62.77	63.92	63.45	62.02	63.28	62.58	0.923939605017	0.926302306983	200	200
28320	28320	78240	78240	61.67	63.40	62.20	61.33	62.25	61.67	62.58	63.58	63.45	61.86	63.08	62.44	0.924255562872	0.926488982884	200	200
28520	28520	78040	78040	61.58	63.30	62.15	61.17	62.08	61.50	62.48	63.52	63.33	61.74	62.97	62.33	0.924403904868	0.926428852642	200	200
28720	28720	77840	77840	61.48	63.23	61.88	60.85	62.08	61.42	62.27	63.38	63.12	61.53	62.89	62.14	0.925005194315	0.926805955189	200	200
28920	28920	77640	77640	61.35	63.10	61.73	60.70	62.00	61.17	62.23	63.23	62.90	61.42	62.77	61.93	0.924575503362	0.927546539492	200	200
29120	29120	77440	77440	61.25	63.05	61.67	60.58	61.83	61.12	62.10	63.25	62.83	61.31	62.71	61.88	0.924543008488	0.927706908525	200	200
29320	29320	77240	77240	61.20	62.92	61.52	60.52	61.77	60.98	61.88	63.15	62.65	61.20	62.62	61.72	0.92541508812	0.928658833812	200	200
29520	29520	77040	77040	61.10	62.67	61.40	60.40	61.67	60.88	61.85	63.00	62.58	61.12	62.45	61.62	0.925380040855	0.929224891284	200	200
29720	29720	76840	76840	61.02	62.52	61.15	60.23	61.70	60.80	61.73	62.75	62.38	60.99	62.33	61.44	0.925721502733	0.929565132516	200	200
29920	29920	76640	76640	60.90	62.35	61.02	60.23	61.58	60.88	61.55	62.77	62.12	60.89	62.23	61.34	0.926503338456	0.93014127849	200	200
30120	30120	76440	76440	60.85	62.25	60.98	60.23	61.52	60.70	61.42	62.77	62.02	60.83	62.18	61.23	0.926977211972	0.93002142189	200	200
30320	30320	76240	76240	60.65	62.17	60.85	60.25	61.38	60.60	61.30	62.75	61.88	60.73	62.10	61.11	0.927247485678	0.930135653933	200	200
30520	30520	76040	76040	60.52	62.05	60.65	60.10	61.23	60.55	61.15	62.65	61.75	60.59	61.98	60.98	0.927314219782	0.930233744987	200	200
30720	30720	75840	75840	60.58	62.05	60.55	60.08	61.20	60.48	61.20	62.48	61.62	60.62	61.91	60.88	0.927866476048	0.930616892819	200	200
30920	30920	75640	75640	60.55	61.85	60.40	59.98	61.15	60.25	61.02	62.20	61.67	60.52	61.73	60.77	0.928029983416	0.931262440839	200	200
31120	31120	75440	75440	60.52	61.65	60.30	59.98	61.00	60.17	61.00	62.08	61.50	60.50	61.58	60.66	0.928077999392	0.932044929842	200	200
31320	31320	75240	75240	60.50	61.58	60.15	59.83	60.90	60.08	61.00	62.08	61.42	60.44	61.52	60.55	0.92884135503	0.932347860403	200	200
31520	31520	75040	75040	60.48	61.45	60.15	59.65	60.77	60.02	60.90	61.92	61.27	60.34	61.38	60.48	0.929801976866	0.933048335801	200	200
31720	31720	74840	74840	60.33	61.25	59.98	59.48	60.70	59.90	60.83	61.88	61.15	60.21	61.27	60.34	0.930627538387	0.933357229767	200	200
31920	31920	74640	74640	60.33	61.12	59.88	59.48	60.60	59.80	60.75	61.67	61.02	60.18	61.13	60.23	0.930445359659	0.933850530838	200	200
32120	32120	74440	74440	60.23	61.20	59.67	59.50	60.55	59.90	60.52	61.75	60.95	60.08	61.17	60.17	0.93061881656	0.934270303822	200	200
32320	32320	74240	74240	60.15	61.08	59.65	59.40	60.60	59.85	60.65	61.77	60.85	60.07	61.15	60.12	0.930254525993	0.935072914216	200	200
32520	32520	74040	74040	60.08	61.10	59.52	59.35	60.48	59.80	60.60	61.55	60.83	60.01	61.04	60.05	0.93033525935	0.935234735633	200	200
32720	32720	73840	73840	59.98	60.98	59.40	59.23	60.38	59.73	60.50	61.58	60.60	59.90	60.98	59.91	0.930301442084	0.935500214792	200	200
32920	32920	73640	73640	59.85	60.85	59.30	59.20	60.35	59.52	60.40	61.48	60.50	59.82	60.89	59.77	0.93052691429	0.93614016427	200	200
33120	33120	73440	73440	59.77	60.67	59.23	58.98	60.33	59.42	60.30	61.52	60.40	59.68	60.84	59.68	0.930932026995	0.936383618376	200	200
33320	33320	73240	73240	59.65	60.62	59.12	58.98	60.17	59.30	60.17	61.48	60.33	59.60	60.76	59.58	0.931400969153	0.936736773111	200	200
33520	33520	73040	73040	59.45	60.50	59.00	58.75	60.15	59.27	60.20	61.35	60.23	59.47	60.67	59.50	0.932191960699	0.937168588243	200	200
33720	33720	72840	72840	59.35	60.60	58.98	58.58	60.05	59.12	60.05	61.35	60.12	59.33	60.67	59.41	0.932504360056	0.937899014386	200	200
33920	33920	72640	72640	59.33	60.58	58.88	58.55	59.95	59.02	60.05	61.33	60.08	59.31	60.62	59.33	0.933165418646	0.937882720498	200	200
34120	34120	72440	72440	59.33	60.55	58.83	58.55	59.98	58.75	59.98	61.23	60.00	59.28	60.58	59.19	0.933937234202	0.937642099406	200	200
34320	34320	72240	72240	59.17	60.42	58.67	58.50	59.83	58.70	59.88	60.98	59.85	59.18	60.41	59.08	0.934124366325	0.937831353295	200	200
34520	34520	72040	72040	59.17	60.35	58.65	58.45	59.92	58.62	59.83	61.02	59.80	59.15	60.43	59.02	0.934510176387	0.938240660926	200	200
34720	34720	71840	71840	59.08	60.30	58.65	58.33	59.77	58.52	59.65	60.98	59.73	59.02	60.35	58.97	0.934388115639	0.938382132728	200	200
34920	34920	71640	71640	58.95	60.23	58.55	58.23	59.55	58.42	59.60	60.85	59.62	58.92	60.21	58.87	0.934226197201	0.938447524795	200	200
35120	35120	71440	71440	58.92	60.10	58.52	58.23	59.48	58.38	59.58	60.88	59.40	58.91	60.15	58.77	0.934603080128	0.938708269498	200	200
35320	35320	71240	71240	58.83	60.00	58.48	58.25	59.45	58.35	59.62	60.62	59.38	58.90	60.02	58.73	0.934608723699	0.939090473885	200	200
35520	35520	71040	71040	58.75	59.88	58.40	58.02	59.23	58.20	59.60	60.65	59.25	58.79	59.92	58.62	0.934842665289	0.939529198152	200	200
35720	35720	70840	70840	58.58	59.80	58.40	58.02	59.17	58.05	59.50	60.55	59.20	58.70	59.84	58.55	0.934925677035	0.939515583114	200	200
35920	35920	70640	70640	58.45	59.77	58.30	58.00	59.10	58.02	59.45	60.50	58.92	58.63	59.79	58.42	0.935076114913	0.939835243674	200	200
36120	36120	70440	70440	58.40	59.73	58.17	58.00	59.00	57.95	59.25	60.58	58.88	58.55	59.77	58.33	0.935034362127	0.940176969713	200	200
36320	36320	70240	70240	58.33	59.75	58.00	57.80	58.98	57.92	59.08	60.60	58.80	58.40	59.77	58.24	0.935551571285	0.940961011418	200	200
36520	36520	70040	70040	58.27	59.75	57.98	57.70	58.92	57.90	58.88	60.55	58.62	58.28	59.74	58.17	0.934868630053	0.941282685541	200	200
36720	36720	69840	69840	58.15	59.62	57.90	57.62	58.83	57.90	58.80	60.50	58.58	58.19	59.65	58.12	0.935144933141	0.94136785032	200	200
36920	36920	69640	69640	58.05	59.45	57.88	57.65	58.83	57.85	58.75	60.40	58.52	58.15	59.56	58.08	0.935709150375	0.941304326424	200	200
37120	37120	69440	69440	57.92	59.38	57.80	57.60	58.77	57.85	58.75	60.33	58.45	58.09	59.49	58.03	0.935807460431	0.94163359925	200	200
37320	37320	69240	69240	57.83	59.33	57.80	57.52	58.80	57.80	58.60	60.33	58.40	57.98	59.48	58.00	0.935691063023	0.942066822879	200	200
37520	37520	69040	69040	57.77	59.15	57.80	57.52	58.80	57.75	58.52	60.30	58.40	57.94	59.42	57.98	0.935938569911	0.942107101829	200	200
37720	37720	68840	68840	57.73	59.15	57.80	57.48	58.77	57.75	58.38	60.30	58.33	57.86	59.41	57.96	0.936546001003	0.942627808513	200	200
37920	37920	68640	68640	57.70	59.20	57.67	57.38	58.77	57.77	58.30	60.30	58.25	57.79	59.42	57.90	0.936680661904	0.943208905928	200	200
38120	38120	68440	68440	57.62	59.17	57.65	57.35	58.67	57.65	58.20	60.20	58.17	57.73	59.35	57.83	0.936765699893	0.943231614696	200	200
38320	38320	68240	68240	57.62	59.12	57.67	57.27	58.62	57.58	58.15	60.15	58.12	57.68	59.30	57.79	0.937359114183	0.943431041046	200	200
38520	38520	68040	68040	57.48	59.02	57.62	57.27	58.52	57.58	58.12	59.98	58.15	57.62	59.17	57.78	0.938096018694	0.943870260984	200	200
38720	38720	67840	67840	57.50	59.02	57.55	57.27	58.42	57.55	58.00	59.95	58.08	57.59	59.13	57.73	0.938317117768	0.94429554769	200	200
38920	38920	67640	67640	57.42	58.92	57.52	57.17	58.45	57.42	58.00	59.83	57.98	57.53	59.07	57.64	0.9384795375	0.944424604523	200	200
39120	39120	67440	67440	57.42	58.75	57.50	57.23	58.38	57.40	57.90	59.65	57.88	57.52	58.92	57.59	0.93885116728	0.944515306168	200	200
39320	39320	67240	67240	57.38	58.58	57.48	57.23	58.35	57.35	57.83	59.58	57.77	57.48	58.83	57.53	0.938984305129	0.945053299058	200	200
39520	39520	67040	67040	57.38	58.50	57.40	57.10	58.25	57.38	57.70	59.55	57.80	57.39	58.77	57.52	0.939293191764	0.945159966578	200	200
39720	39720	66840	66840	57.33	58.45	57.40	57.05	58.25	57.38	57.75	59.52	57.77	57.38	58.74	57.52	0.93924447543	0.945289790735	200	200
39920	39920	66640	66640	57.27	58.45	57.40	56.95	58.12	57.27	57.77	59.50	57.67	57.33	58.69	57.45	0.939278792153	0.945537812272	200	200
40120	40120	66440	66440	57.27	58.33	57.35	56.92	58.17	57.25	57.65	59.42	57.65	57.28	58.64	57.42	0.939635463446	0.945418472048	200	200
40320	40320	66240	66240	57.27	58.23	57.30	56.92	58.17	57.25	57.52	59.38	57.62	57.24	58.59	57.39	0.939924445018	0.945425853648	200	200
40520	40520	66040	66040	57.25	58.15	57.27	56.83	58.12	57.20	57.40	59.33	57.50	57.16	58.53	57.33	0.940519048884	0.945565418743	200	200
40720	40720	65840	65840	57.20	58.17	57.23	56.83	58.10	57.08	57.27	59.17	57.50	57.10	58.48	57.27	0.940352504631	0.945633583657	200	200
40920	40920	65640	65640	57.15	58.10	57.20	56.75	58.02	57.05	57.27	59.05	57.40	57.06	58.39	57.22	0.940361243693	0.94615195761	200	200
41120	41120	65440	65440	57.12	58.02	57.12	56.67	57.95	56.88	57.30	59.02	57.27	57.03	58.33	57.09	0.940364706552	0.94641311819	200	200
41320	41320	65240	65240	57.12	57.98	57.02	56.60	57.98	56.88	57.12	58.98	57.33	56.95	58.31	57.08	0.940475591719	0.946757017585	200	200
41520	41520	65040	65040	57.10	57.92	57.00	56.45	57.92	56.85	57.10	58.95	57.35	56.88	58.27	57.07	0.940556228718	0.946707544582	200	200
41720	41720	64840	64840	57.05	57.90	57.00	56.38	57.88	56.73	57.12	58.90	57.33	56.85	58.23	57.02	0.940743816645	0.946994727447	200	200
41920	41920	64640	64640	57.00	57.85	56.95	56.33	57.90	56.73	57.08	58.83	57.17	56.80	58.19	56.95	0.94109239818	0.946895597043	200	200
42120	42120	64440	64440	56.92	57.83	56.92	56.25	57.85	56.65	57.00	58.88	57.12	56.73	58.18	56.90	0.941126983608	0.947201477194	200	200
42320	42320	64240	64240	56.90	57.77	56.85	56.27	57.80	56.65	56.92	58.88	57.12	56.70	58.15	56.88	0.940969139439	0.947161774923	200	200
42520	42520	64040	64040	56.90	57.73	56.80	56.17	57.83	56.62	56.90	58.75	57.08	56.66	58.10	56.83	0.941315651242	0.947250476855	200	200
42720	42720	63840	63840	56.88	57.67	56.75	56.12	57.83	56.58	56.80	58.73	57.02	56.60	58.08	56.78	0.941699690364	0.94745824965	200	200
