12120	12120	94562	94562	75.05	77.75	79.85	74.55	77.62	79.25	75.28	78.53	79.90	74.96	77.97	79.67	3.75860180218	3.97241606227
12120	12120	94562	94562	75.10	77.75	79.85	74.58	77.62	79.25	75.30	78.53	79.90	74.99	77.97	79.67	1.754533926	1.82808469139	100	100
12220	12220	94462	94462	73.80	77.30	78.92	73.35	77.05	78.30	74.00	77.72	78.83	73.72	77.36	78.68	1.18593629768	1.27980695929	100	100
12320	12320	94362	94362	71.53	74.90	75.40	71.67	74.83	75.08	71.20	75.78	75.03	71.47	75.17	75.17	0.978183907539	1.02053307714	100	100
12420	12420	94262	94262	71.20	74.60	74.95	71.33	74.80	74.58	70.92	75.45	74.50	71.15	74.95	74.67	0.919838427173	0.924043440172	100	100
12520	12520	94162	94162	72.12	74.97	75.60	71.97	74.72	75.20	71.38	75.78	75.12	71.83	75.16	75.31	0.891950303397	0.904737199846	100	100
12620	12620	94062	94062	73.42	76.00	76.60	72.38	75.58	76.33	72.62	76.28	76.45	72.81	75.95	76.46	0.880253951061	0.901862040753	100	100
12720	12720	93962	93962	73.88	76.53	77.65	73.03	75.97	76.55	73.28	76.60	77.12	73.39	76.37	77.11	0.867737416594	0.88980078521	100	100
12820	12820	93862	93862	74.42	77.00	78.30	73.47	76.28	77.22	73.80	76.83	77.90	73.90	76.70	77.81	0.861162071771	0.885106968846	100	100
12920	12920	93762	93762	74.85	77.50	78.75	73.80	76.55	77.72	74.35	77.55	78.40	74.33	77.20	78.29	0.86435687795	0.880485908987	100	100
13020	13020	93662	93662	75.00	77.83	79.15	73.95	77.10	78.10	74.58	77.90	79.17	74.51	77.61	78.81	0.870172224197	0.881315717058	100	100
13120	13120	93562	93562	75.38	77.83	80.08	74.03	77.12	78.03	75.05	78.28	79.35	74.82	77.74	79.15	0.872661822707	0.882733755504	100	100
13220	13220	93462	93462	75.55	78.30	80.30	74.12	77.25	78.17	75.33	78.40	79.55	75.00	77.98	79.34	0.871558049067	0.881948296785	100	100
13320	13320	93362	93362	75.90	78.65	80.50	74.03	77.12	78.55	75.58	78.30	79.80	75.17	78.03	79.62	0.874001287662	0.886660684147	100	100
13420	13420	93262	93262	75.88	78.72	80.22	74.08	77.12	78.45	75.58	78.17	80.05	75.17	78.01	79.58	0.874870189322	0.887080623275	100	100
13520	13520	93162	93162	76.17	78.72	80.20	74.10	77.08	78.62	75.72	78.08	80.03	75.33	77.96	79.62	0.877857690931	0.891587133194	100	100
13620	13620	93062	93062	76.50	78.80	80.25	74.10	76.60	78.38	75.60	77.97	80.03	75.40	77.79	79.55	0.883790702957	0.894504106479	100	100
13720	13720	92962	92962	76.33	78.92	80.17	73.83	76.53	78.35	75.72	77.97	79.97	75.29	77.81	79.50	0.884246335014	0.89426839449	100	100
13820	13820	92862	92862	76.25	79.00	80.28	73.75	76.38	77.95	76.10	77.90	79.88	75.37	77.76	79.37	0.88665578	0.891059319201	100	100
13920	13920	92762	92762	76.38	78.62	80.47	73.58	76.45	77.92	76.12	77.90	79.80	75.36	77.66	79.40	0.887951435737	0.891599454019	100	100
14020	14020	92662	92662	76.38	78.35	80.53	73.70	76.28	77.88	76.25	77.65	79.75	75.44	77.42	79.38	0.885409682519	0.890509558581	100	100
14120	14120	92562	92562	76.28	78.55	80.60	73.67	76.33	77.65	76.20	77.50	79.70	75.38	77.46	79.32	0.885954723058	0.89128676216	100	100
14220	14220	92462	92462	76.00	78.58	80.83	73.67	76.33	77.67	76.28	77.53	79.65	75.32	77.47	79.38	0.887982238765	0.893565585644	100	100
14320	14320	92362	92362	75.83	78.62	80.53	73.47	76.20	77.28	76.28	77.62	79.55	75.19	77.48	79.12	0.889209222244	0.893295063751	100	100
14420	14420	92262	92262	75.62	78.65	80.35	73.40	76.15	77.42	75.97	77.42	79.42	75.00	77.41	79.07	0.890737941128	0.896617559055	100	100
14520	14520	92162	92162	75.72	78.45	80.08	73.47	76.20	77.42	76.03	77.33	79.40	75.08	77.33	78.97	0.892024018863	0.898678590348	100	100
14620	14620	92062	92062	75.72	78.53	79.88	73.42	76.15	77.53	75.83	77.10	79.22	74.99	77.26	78.88	0.893125792138	0.89829615508	100	100
14720	14720	91962	91962	75.70	78.30	79.62	73.33	76.08	77.45	75.70	77.08	79.30	74.91	77.15	78.79	0.890920922012	0.898956232389	100	100
14820	14820	91862	91862	75.72	78.22	79.35	73.17	76.05	77.25	75.50	77.08	79.17	74.80	77.12	78.59	0.891479746587	0.899418147426	100	100
14920	14920	91762	91762	75.55	77.95	79.22	73.15	76.05	77.00	75.58	76.88	79.08	74.76	76.96	78.43	0.891012400193	0.898919868573	100	100
15020	15020	91662	91662	75.47	78.03	79.12	73.22	75.85	76.80	75.40	76.95	79.15	74.70	76.94	78.36	0.890646548822	0.898896139706	100	100
15120	15120	91562	91562	75.40	77.67	78.97	73.00	75.88	76.80	75.15	76.85	78.83	74.52	76.80	78.20	0.892145366933	0.898808412793	100	100
15220	15220	91462	91462	75.42	77.53	78.88	72.88	75.60	76.88	75.03	76.65	78.67	74.44	76.59	78.14	0.892641050872	0.899923272023	100	100
15320	15320	91362	91362	75.58	77.42	78.78	72.60	75.60	76.83	75.08	76.42	78.65	74.42	76.48	78.08	0.892987894737	0.901864260562	100	100
15420	15420	91262	91262	75.30	77.22	78.62	72.75	75.47	76.75	74.90	76.12	78.38	74.32	76.28	77.92	0.894372503651	0.902006504408	100	100
15520	15520	91162	91162	75.05	77.25	78.50	72.53	75.38	76.62	74.85	76.22	78.17	74.14	76.28	77.77	0.895115657932	0.901703549975	100	100
15620	15620	91062	91062	74.97	77.05	78.33	72.58	75.10	76.47	74.78	76.10	77.80	74.11	76.08	77.53	0.895573145325	0.902111220107	100	100
15720	15720	90962	90962	74.83	76.90	78.08	72.38	75.00	76.38	74.55	76.10	77.53	73.92	76.00	77.33	0.897390036937	0.903900330837	100	100
15820	15820	90862	90862	74.65	76.58	77.95	72.33	74.88	76.12	74.38	75.95	77.17	73.78	75.80	77.08	0.898227086703	0.905321491815	100	100
15920	15920	90762	90762	74.42	76.47	77.50	72.30	74.83	75.90	74.30	76.08	76.97	73.67	75.79	76.79	0.898383513222	0.904526957154	100	100
16020	16020	90662	90662	74.12	76.45	77.47	71.95	74.67	75.72	73.90	75.85	76.92	73.33	75.66	76.71	0.899744442053	0.905863976854	100	100
16120	16120	90562	90562	73.85	76.42	77.20	71.60	74.50	75.40	73.92	75.72	77.03	73.12	75.55	76.54	0.900520667259	0.906618363652	100	100
16220	16220	90462	90462	73.75	76.15	76.78	71.45	74.33	75.12	73.83	75.55	76.75	73.01	75.34	76.22	0.901662354355	0.907675383732	100	100
16320	16320	90362	90362	73.53	75.97	76.53	71.40	74.08	74.90	73.75	75.60	76.55	72.89	75.22	75.99	0.901906279786	0.907281947959	100	100
16420	16420	90262	90262	73.35	75.75	76.45	71.45	73.95	74.53	73.62	75.45	76.40	72.81	75.05	75.79	0.901173031174	0.90742235553	100	100
16520	16520	90162	90162	73.22	75.65	76.38	71.25	73.80	74.42	73.45	75.30	76.33	72.64	74.92	75.71	0.902154646007	0.907758540217	100	100
16620	16620	90062	90062	73.00	75.50	76.08	71.03	73.88	74.35	73.60	75.03	76.17	72.54	74.80	75.53	0.90042002062	0.907255856656	100	100
16720	16720	89962	89962	73.00	75.47	76.03	71.22	73.50	74.33	73.50	74.95	76.08	72.58	74.64	75.47	0.900938398656	0.907527475566	100	100
16820	16820	89862	89862	72.70	75.17	75.88	71.05	73.42	74.15	73.35	74.92	76.08	72.37	74.51	75.37	0.900823291727	0.907938429492	100	100
16920	16920	89762	89762	72.60	74.92	75.83	70.75	73.25	73.95	73.25	75.03	75.80	72.20	74.40	75.19	0.90257393478	0.906678641703	100	100
17020	17020	89662	89662	72.28	74.90	75.65	70.75	73.20	73.83	73.00	75.17	75.58	72.01	74.42	75.02	0.902720721525	0.907674134542	100	100
17120	17120	89562	89562	72.35	74.90	75.58	70.78	73.22	73.78	72.88	75.17	75.35	72.00	74.43	74.90	0.904254877358	0.907467339967	100	100
17220	17220	89462	89462	72.28	74.70	75.35	70.85	72.83	73.58	72.88	75.08	75.28	72.00	74.20	74.73	0.904136540189	0.908169419897	100	100
17320	17320	89362	89362	72.22	74.62	75.33	70.88	72.85	73.33	72.72	75.00	75.12	71.94	74.16	74.59	0.903681996981	0.908684154595	100	100
17420	17420	89262	89262	72.15	74.17	75.10	70.62	72.83	73.38	72.67	74.78	75.10	71.82	73.92	74.53	0.903979896875	0.908486779315	100	100
17520	17520	89162	89162	72.03	74.03	74.95	70.38	72.65	73.38	72.72	74.85	75.12	71.71	73.84	74.48	0.904362758908	0.910366261889	100	100
17620	17620	89062	89062	71.90	73.88	74.90	70.10	72.58	73.05	72.65	74.72	74.85	71.55	73.72	74.27	0.904687847724	0.909235109794	100	100
17720	17720	88962	88962	72.15	73.65	74.75	70.28	72.33	72.88	72.42	74.53	74.55	71.62	73.50	74.06	0.906088738694	0.909355693927	100	100
17820	17820	88862	88862	71.70	73.58	74.55	69.92	72.20	72.60	72.10	74.55	74.38	71.24	73.44	73.84	0.90657215992	0.910473300919	100	100
17920	17920	88762	88762	71.55	73.50	74.53	69.78	72.08	72.38	72.00	74.28	74.25	71.11	73.28	73.72	0.906241208087	0.910040205645	100	100
18020	18020	88662	88662	71.33	73.45	74.40	69.53	71.75	72.20	71.85	74.05	74.15	70.90	73.08	73.58	0.90716127343	0.910225214584	100	100
18120	18120	88562	88562	71.22	73.35	74.42	69.38	71.65	72.08	71.75	73.92	74.15	70.78	72.97	73.55	0.907216272554	0.910462531623	100	100
18220	18220	88462	88462	71.17	72.95	74.33	69.22	71.62	72.00	71.53	73.67	74.03	70.64	72.75	73.45	0.908536316403	0.910305019208	100	100
18320	18320	88362	88362	71.08	72.97	74.20	69.22	71.55	71.90	71.38	73.60	73.95	70.56	72.71	73.35	0.909189862291	0.910281751813	100	100
18420	18420	88262	88262	70.88	72.85	73.92	69.22	71.55	72.00	71.25	73.42	73.83	70.45	72.61	73.25	0.909042711007	0.91015867969	100	100
18520	18520	88162	88162	70.65	72.55	73.78	69.30	71.45	71.83	71.22	73.28	73.65	70.39	72.42	73.08	0.908277340157	0.910743251252	100	100
18620	18620	88062	88062	70.85	72.50	73.67	69.12	71.35	71.88	71.20	73.15	73.40	70.39	72.33	72.98	0.90905636985	0.910604095382	100	100
18720	18720	87962	87962	70.67	72.17	73.45	69.20	71.03	71.58	71.17	72.95	73.35	70.35	72.05	72.79	0.908935607169	0.911225760193	100	100
18820	18820	87862	87862	70.60	72.08	73.35	69.30	71.00	71.42	71.08	72.75	73.22	70.33	71.94	72.67	0.909075049608	0.911828611026	100	100
18920	18920	87762	87762	70.55	71.75	72.92	69.12	70.80	71.15	70.95	72.53	73.03	70.21	71.69	72.37	0.908893569889	0.911762191202	100	100
19020	19020	87662	87662	70.72	71.70	72.75	69.05	70.42	70.90	70.90	72.35	72.85	70.22	71.49	72.17	0.909224240509	0.912019074987	100	100
19120	19120	87562	87562	70.65	71.53	72.60	68.90	70.35	70.85	70.72	72.15	72.62	70.09	71.34	72.03	0.90933837665	0.91232687989	100	100
19220	19220	87462	87462	70.72	71.42	72.42	68.95	70.15	70.72	70.70	72.05	72.40	70.12	71.21	71.85	0.90930628113	0.912323915155	100	100
19320	19320	87362	87362	70.58	71.20	72.17	68.92	69.97	70.60	70.45	71.97	72.28	69.98	71.05	71.68	0.90846576641	0.9119905024	100	100
19420	19420	87262	87262	70.45	71.25	72.10	68.80	69.92	70.47	70.42	71.80	72.15	69.89	70.99	71.58	0.908289613258	0.913686982901	100	100
19520	19520	87162	87162	70.33	71.10	71.97	68.62	69.85	70.33	70.40	71.53	72.10	69.78	70.83	71.47	0.90776571988	0.914119684499	100	100
19620	19620	87062	87062	70.40	70.90	71.78	68.47	69.70	70.15	70.28	71.38	71.92	69.72	70.66	71.28	0.908247930333	0.914254171711	100	100
19720	19720	86962	86962	70.22	70.97	71.62	68.30	69.47	70.03	70.08	71.25	71.88	69.53	70.57	71.17	0.908006222277	0.914653258447	100	100
19820	19820	86862	86862	70.03	70.95	71.25	68.17	69.30	70.03	69.90	71.00	71.75	69.37	70.42	71.01	0.908904110142	0.91409220122	100	100
19920	19920	86762	86762	69.97	70.67	71.10	68.08	69.10	69.92	69.90	70.95	71.58	69.32	70.24	70.87	0.909413481069	0.914540330589	100	100
20020	20020	86662	86662	69.97	70.55	70.97	67.88	68.85	69.58	69.88	70.83	71.42	69.24	70.08	70.66	0.909973473022	0.914323209712	100	100
20120	20120	86562	86562	69.70	70.53	70.90	67.67	68.70	69.50	69.60	70.65	71.28	68.99	69.96	70.56	0.910472129754	0.913807151297	100	100
20220	20220	86462	86462	69.50	70.45	70.75	67.38	68.58	69.38	69.33	70.50	71.20	68.73	69.84	70.44	0.910605187629	0.913021022414	100	100
20320	20320	86362	86362	69.60	70.17	70.72	67.22	68.35	69.10	69.30	70.17	71.00	68.71	69.57	70.28	0.910943433258	0.913586921221	100	100
20420	20420	86262	86262	69.38	69.95	70.55	67.17	68.12	68.85	69.00	70.12	70.83	68.52	69.40	70.08	0.910737118928	0.913871384962	100	100
20520	20520	86162	86162	69.00	69.75	70.25	67.08	68.12	68.75	68.92	70.03	70.67	68.33	69.30	69.89	0.9112497482	0.914179552406	100	100
20620	20620	86062	86062	68.80	69.60	70.03	67.03	68.05	68.55	68.83	69.83	70.58	68.22	69.16	69.72	0.911715696994	0.913888590923	100	100
20720	20720	85962	85962	68.72	69.42	69.78	66.80	67.67	68.35	68.80	69.75	70.35	68.11	68.95	69.49	0.912266563749	0.913741609553	100	100
20820	20820	85862	85862	68.70	69.35	69.50	66.85	67.65	68.12	68.67	69.70	70.17	68.08	68.90	69.27	0.913447341915	0.912864381853	100	100
20920	20920	85762	85762	68.78	69.28	69.42	66.75	67.72	67.97	68.62	69.62	70.00	68.05	68.88	69.13	0.914093818354	0.913593605093	100	100
21020	21020	85662	85662	68.58	69.17	69.20	66.70	67.72	67.83	68.55	69.67	69.90	67.94	68.86	68.97	0.914372865281	0.914236784011	100	100
21120	21120	85562	85562	68.40	69.03	69.15	66.38	67.55	67.78	68.38	69.45	69.88	67.72	68.67	68.93	0.913968023516	0.91479801419	100	100
21220	21220	85462	85462	68.35	68.95	68.83	66.40	67.40	67.67	68.28	69.40	69.62	67.67	68.58	68.71	0.914949552577	0.91535935401	100	100
21320	21320	85362	85362	68.15	69.00	68.72	66.15	67.30	67.55	68.30	69.28	69.53	67.53	68.53	68.60	0.914132590479	0.915432632276	100	100
21420	21420	85262	85262	67.92	68.88	68.60	66.12	67.20	67.50	68.22	69.25	69.50	67.42	68.44	68.53	0.914276998116	0.915110270558	100	100
21520	21520	85162	85162	67.78	68.67	68.60	66.05	66.97	67.35	68.10	69.03	69.25	67.31	68.22	68.40	0.914125851199	0.915599293655	100	100
21620	21620	85062	85062	67.60	68.58	68.50	65.85	66.95	67.12	68.00	68.92	68.95	67.15	68.15	68.19	0.913568018109	0.916548358034	100	100
21720	21720	84962	84962	67.55	68.50	68.38	65.78	66.92	67.17	67.78	68.80	68.72	67.03	68.08	68.09	0.914338112519	0.916560594441	100	100
21820	21820	84862	84862	67.60	68.45	68.35	65.72	66.92	67.08	67.67	68.75	68.72	67.00	68.04	68.05	0.915102532115	0.917253231053	100	100
21920	21920	84762	84762	67.55	68.33	68.15	65.67	66.72	66.90	67.50	68.60	68.65	66.91	67.88	67.90	0.915716847728	0.917644364032	100	100
22020	22020	84662	84662	67.33	68.05	68.08	65.53	66.70	66.58	67.47	68.60	68.67	66.78	67.78	67.78	0.915796420804	0.917706815453	100	100
22120	22120	84562	84562	67.25	68.00	67.83	65.38	66.67	66.42	67.33	68.62	68.60	66.65	67.77	67.62	0.916353787159	0.918098663094	100	100
22220	22220	84462	84462	67.08	67.97	67.75	65.20	66.50	66.42	67.22	68.60	68.38	66.50	67.69	67.52	0.916256984482	0.918751621191	100	100
22320	22320	84362	84362	66.83	67.70	67.65	65.28	66.45	66.28	67.15	68.45	68.08	66.42	67.53	67.33	0.916152892209	0.91851462769	100	100
22420	22420	84262	84262	66.67	67.58	67.58	65.10	66.33	66.05	67.10	68.47	68.05	66.29	67.46	67.22	0.916351101031	0.918326615878	100	100
22520	22520	84162	84162	66.53	67.45	67.47	64.88	66.28	65.95	66.92	68.35	67.90	66.11	67.36	67.11	0.916580701979	0.91835878306	100	100
22620	22620	84062	84062	66.38	67.33	67.20	64.72	66.15	65.97	66.72	68.22	67.75	65.94	67.23	66.97	0.917496625996	0.918560650954	100	100
22720	22720	83962	83962	66.17	67.20	66.92	64.72	66.12	65.90	66.70	68.10	67.72	65.87	67.14	66.85	0.918283569174	0.918687547702	100	100
22820	22820	83862	83862	66.05	67.22	66.88	64.67	66.03	65.60	66.60	68.00	67.60	65.78	67.08	66.69	0.918351364456	0.918990447497	100	100
22920	22920	83762	83762	65.95	67.20	66.67	64.55	65.97	65.53	66.67	67.90	67.50	65.72	67.03	66.57	0.918076427288	0.918979557299	100	100
23020	23020	83662	83662	65.83	66.95	66.50	64.47	65.90	65.47	66.55	67.72	67.45	65.62	66.86	66.47	0.919234408835	0.91938456338	100	100
23120	23120	83562	83562	65.60	66.88	66.40	64.53	65.70	65.30	66.30	67.45	67.33	65.47	66.67	66.34	0.919047680267	0.919823936677	100	100
23220	23220	83462	83462	65.47	66.55	66.33	64.28	65.58	65.12	66.28	67.35	67.12	65.34	66.49	66.19	0.919353110777	0.920179810366	100	100
23320	23320	83362	83362	65.42	66.50	66.30	64.30	65.47	65.12	66.30	67.33	67.10	65.34	66.43	66.17	0.919356802731	0.92059992803	100	100
23420	23420	83262	83262	65.35	66.33	66.03	64.33	65.33	65.15	66.10	67.10	66.95	65.26	66.25	66.04	0.919507911951	0.920450976568	100	100
23520	23520	83162	83162	65.25	66.25	65.92	64.22	65.35	65.03	65.90	67.05	66.80	65.12	66.22	65.92	0.919101599509	0.921192638484	100	100
23620	23620	83062	83062	65.30	66.20	65.75	64.10	65.28	64.95	65.95	66.95	66.70	65.12	66.14	65.80	0.919225636403	0.921182392563	100	100
23720	23720	82962	82962	65.15	66.17	65.72	64.10	65.25	65.00	65.78	66.88	66.67	65.01	66.10	65.80	0.919043942878	0.920896056474	100	100
23820	23820	82862	82862	65.10	66.10	65.53	63.95	65.25	64.92	65.65	66.85	66.50	64.90	66.07	65.65	0.91979289316	0.921060217468	100	100
23920	23920	82762	82762	64.88	66.10	65.40	63.88	65.12	64.85	65.60	66.75	66.45	64.78	65.99	65.57	0.920329682599	0.921066472707	100	100
24020	24020	82662	82662	64.80	65.97	65.33	63.88	65.05	64.90	65.70	66.65	66.38	64.79	65.89	65.53	0.920211895171	0.921848234041	100	100
24120	24120	82562	82562	64.78	65.88	65.30	63.83	65.10	64.88	65.67	66.50	66.40	64.76	65.83	65.53	0.919447014656	0.921118326999	100	100
24220	24220	82462	82462	64.67	65.88	65.12	63.67	64.95	64.88	65.55	66.45	66.25	64.63	65.76	65.42	0.91967300128	0.921616185019	100	100
24320	24320	82362	82362	64.45	65.78	65.08	63.62	64.97	64.83	65.38	66.30	66.10	64.48	65.68	65.33	0.920177989926	0.921694837902	100	100
24420	24420	82262	82262	64.38	65.78	65.00	63.65	65.05	64.62	65.33	66.28	66.03	64.45	65.70	65.22	0.920401335544	0.921602844275	100	100
24520	24520	82162	82162	64.40	65.67	64.88	63.48	64.92	64.58	65.15	66.20	65.97	64.34	65.60	65.14	0.920546207474	0.921806515045	100	100
24620	24620	82062	82062	64.30	65.47	64.85	63.52	64.75	64.40	65.15	66.17	65.83	64.33	65.47	65.03	0.920982805138	0.922384952313	100	100
24720	24720	81962	81962	64.25	65.40	64.88	63.55	64.72	64.33	65.03	66.12	65.75	64.28	65.42	64.98	0.921142020085	0.922360439414	100	100
24820	24820	81862	81862	64.03	65.30	64.83	63.40	64.70	64.30	64.85	65.92	65.67	64.09	65.31	64.93	0.921091657601	0.923106853067	100	100
24920	24920	81762	81762	64.03	65.33	64.75	63.38	64.53	64.22	64.85	65.85	65.72	64.08	65.23	64.90	0.921477515794	0.923225403548	100	100
25020	25020	81662	81662	63.92	65.30	64.67	63.33	64.38	64.20	64.83	65.85	65.60	64.03	65.17	64.83	0.921444568187	0.924147428516	100	100
25120	25120	81562	81562	63.90	65.25	64.60	63.33	64.33	64.15	64.75	65.85	65.53	63.99	65.14	64.76	0.921279378945	0.924259341006	100	100
25220	25220	81462	81462	63.83	65.20	64.55	63.25	64.28	64.08	64.67	65.83	65.45	63.92	65.10	64.69	0.921395630445	0.92442495519	100	100
25320	25320	81362	81362	63.83	65.12	64.53	63.20	64.08	64.08	64.60	65.78	65.40	63.88	64.99	64.67	0.921370723064	0.924677572337	100	100
25420	25420	81262	81262	63.73	65.12	64.50	63.12	64.00	64.00	64.53	65.78	65.28	63.79	64.97	64.59	0.92085917672	0.925036959465	100	100
25520	25520	81162	81162	63.58	65.12	64.40	63.17	64.00	64.00	64.45	65.65	65.25	63.73	64.92	64.55	0.921431667275	0.925261356091	100	100
25620	25620	81062	81062	63.55	65.05	64.33	63.00	63.95	63.90	64.38	65.72	65.15	63.64	64.91	64.46	0.921978434167	0.925381183333	100	100
25720	25720	80962	80962	63.42	64.92	64.25	63.00	63.92	63.85	64.33	65.62	65.08	63.58	64.83	64.39	0.922318514622	0.925004078314	100	100
25820	25820	80862	80862	63.40	64.95	64.20	63.02	63.92	63.80	64.28	65.55	64.92	63.57	64.81	64.31	0.922040200795	0.924883449338	100	100
25920	25920	80762	80762	63.25	65.00	64.05	63.00	63.83	63.70	64.15	65.50	65.00	63.47	64.78	64.25	0.922333119342	0.925091212403	100	100
26020	26020	80662	80662	63.33	64.90	63.92	62.92	63.70	63.50	64.12	65.33	64.92	63.46	64.64	64.12	0.922518803699	0.925019304549	100	100
26120	26120	80562	80562	63.20	64.83	63.88	62.90	63.70	63.45	64.12	65.25	64.80	63.41	64.59	64.04	0.922985858548	0.925080649508	100	100
26220	26220	80462	80462	63.08	64.88	63.80	62.75	63.73	63.42	64.00	65.25	64.85	63.27	64.62	64.03	0.922795825513	0.926063591122	100	100
26320	26320	80362	80362	63.10	64.70	63.67	62.60	63.45	63.38	63.88	65.17	64.85	63.19	64.44	63.97	0.922544674737	0.925793262811	100	100
26420	26420	80262	80262	63.02	64.60	63.65	62.60	63.40	63.40	63.77	65.10	64.70	63.13	64.37	63.92	0.922686821017	0.925968891974	100	100
26520	26520	80162	80162	63.05	64.53	63.52	62.45	63.27	63.42	63.62	65.03	64.55	63.04	64.28	63.83	0.922818262816	0.926221765343	100	100
26620	26620	80062	80062	62.98	64.50	63.50	62.55	63.12	63.33	63.55	64.95	64.47	63.02	64.19	63.77	0.923186617913	0.926159077874	100	100
26720	26720	79962	79962	63.10	64.45	63.48	62.45	63.10	63.20	63.48	64.92	64.45	63.01	64.16	63.71	0.923184610483	0.926758463854	100	100
26820	26820	79862	79862	62.98	64.42	63.40	62.40	63.00	63.12	63.42	64.83	64.35	62.93	64.08	63.62	0.923051747002	0.926500722043	100	100
26920	26920	79762	79762	62.95	64.38	63.33	62.25	63.02	63.00	63.48	64.72	64.35	62.89	64.04	63.56	0.923443480303	0.926958570909	100	100
27020	27020	79662	79662	62.92	64.33	63.23	62.27	62.90	62.95	63.52	64.62	64.25	62.91	63.95	63.48	0.923445903292	0.92714427185	100	100
27120	27120	79562	79562	62.83	64.22	63.17	62.27	62.92	62.80	63.40	64.50	64.15	62.83	63.88	63.38	0.92334944455	0.92719378092	100	100
27220	27220	79462	79462	62.67	64.17	63.10	62.17	62.90	62.67	63.20	64.45	64.05	62.68	63.84	63.27	0.92429817198	0.927146854722	100	100
27320	27320	79362	79362	62.55	64.12	63.12	62.10	62.75	62.58	63.08	64.40	63.98	62.58	63.76	63.23	0.924428025439	0.927309297995	100	100
27420	27420	79262	79262	62.62	64.05	62.92	62.10	62.75	62.62	63.05	64.40	63.90	62.59	63.73	63.15	0.924258620138	0.927678981903	100	100
27520	27520	79162	79162	62.65	64.05	62.95	62.10	62.70	62.52	63.02	64.38	63.83	62.59	63.71	63.10	0.924565207055	0.927303197652	100	100
27620	27620	79062	79062	62.73	64.00	62.88	62.02	62.67	62.58	62.95	64.33	63.75	62.57	63.67	63.07	0.924801610366	0.927684196721	100	100
27720	27720	78962	78962	62.58	63.85	62.65	62.02	62.62	62.40	62.88	64.38	63.70	62.49	63.62	62.92	0.924951918433	0.928627814405	100	100
27820	27820	78862	78862	62.45	63.83	62.58	61.90	62.58	62.33	62.83	64.25	63.67	62.39	63.55	62.86	0.92491999923	0.929087056058	100	100
27920	27920	78762	78762	62.33	63.85	62.62	61.90	62.40	62.17	62.75	64.15	63.62	62.33	63.47	62.81	0.92536708186	0.929241003634	100	100
28020	28020	78662	78662	62.23	63.77	62.52	61.88	62.35	62.08	62.67	64.08	63.48	62.26	63.40	62.69	0.92578791339	0.929233652692	100	100
28120	28120	78562	78562	62.12	63.58	62.48	61.77	62.38	62.05	62.52	64.05	63.40	62.14	63.33	62.64	0.925974573349	0.929251372559	100	100
28220	28220	78462	78462	62.05	63.50	62.35	61.73	62.40	62.08	62.55	64.17	63.40	62.11	63.36	62.61	0.926494971551	0.929574260549	100	100
28320	28320	78362	78362	62.05	63.45	62.23	61.58	62.38	61.90	62.42	64.10	63.33	62.02	63.31	62.48	0.927109713149	0.929787734588	100	100
28420	28420	78262	78262	62.10	63.40	62.20	61.50	62.30	61.90	62.45	64.08	63.27	62.02	63.26	62.46	0.927551081497	0.929775359425	100	100
28520	28520	78162	78162	62.02	63.30	62.25	61.52	62.23	61.92	62.42	64.05	63.20	61.99	63.19	62.46	0.927895620029	0.930427914931	100	100
28620	28620	78062	78062	61.95	63.17	62.20	61.45	62.15	61.88	62.30	64.08	63.08	61.90	63.13	62.38	0.92721400114	0.93064316005	100	100
28720	28720	77962	77962	61.85	63.10	62.20	61.38	62.15	61.90	62.23	64.00	63.05	61.82	63.08	62.38	0.926984780393	0.930570203182	100	100
28820	28820	77862	77862	61.80	62.98	62.10	61.23	62.10	61.90	62.17	63.95	63.00	61.73	63.01	62.33	0.927266950495	0.93044741124	100	100
28920	28920	77762	77762	61.83	62.88	62.08	61.20	62.08	61.85	62.10	63.80	62.85	61.71	62.92	62.26	0.927378500205	0.931004291297	100	100
29020	29020	77662	77662	61.85	62.77	62.02	61.20	62.00	61.70	61.98	63.70	62.77	61.67	62.83	62.17	0.927657608078	0.931349737542	100	100
29120	29120	77562	77562	61.70	62.85	61.98	61.10	61.85	61.58	61.92	63.58	62.70	61.58	62.76	62.08	0.92777081229	0.932095878687	100	100
29220	29220	77462	77462	61.67	62.70	61.92	61.08	61.77	61.52	61.98	63.50	62.67	61.58	62.66	62.04	0.927800458785	0.932399590036	100	100
29320	29320	77362	77362	61.65	62.62	61.90	61.02	61.85	61.50	61.98	63.52	62.73	61.55	62.67	62.04	0.928008174249	0.932085207806	100	100
29420	29420	77262	77262	61.52	62.62	61.85	60.92	61.92	61.45	62.08	63.42	62.70	61.51	62.66	62.00	0.928434841725	0.932581115603	100	100
29520	29520	77162	77162	61.55	62.50	61.73	60.92	61.83	61.33	62.02	63.23	62.58	61.50	62.52	61.88	0.928914873272	0.932876299309	100	100
29620	29620	77062	77062	61.42	62.45	61.70	60.85	61.75	61.35	61.92	63.17	62.55	61.40	62.46	61.87	0.929504080165	0.933072881163	100	100
29720	29720	76962	76962	61.35	62.42	61.45	60.80	61.75	61.33	61.77	63.17	62.58	61.31	62.45	61.78	0.929390009684	0.932885221296	100	100
29820	29820	76862	76862	61.38	62.30	61.40	60.73	61.77	61.33	61.67	63.10	62.42	61.26	62.39	61.72	0.929271299853	0.932991997491	100	100
29920	29920	76762	76762	61.30	62.27	61.40	60.70	61.70	61.27	61.65	63.17	62.42	61.22	62.38	61.70	0.929364338596	0.933217404563	100	100
30020	30020	76662	76662	61.17	62.17	61.30	60.67	61.67	61.20	61.65	63.08	62.30	61.17	62.31	61.60	0.929554332019	0.933625689605	100	100
30120	30120	76562	76562	61.20	62.25	61.20	60.67	61.62	61.12	61.62	62.88	62.12	61.17	62.25	61.48	0.930135442085	0.933842111831	100	100
30220	30220	76462	76462	61.10	62.10	61.10	60.52	61.52	61.12	61.60	62.80	62.15	61.08	62.14	61.46	0.930314995734	0.933997082095	100	100
30320	30320	76362	76362	61.10	62.02	61.02	60.50	61.50	60.95	61.58	62.73	62.10	61.06	62.08	61.36	0.930991005136	0.933909336604	100	100
30420	30420	76262	76262	61.08	61.95	61.05	60.42	61.48	60.85	61.52	62.60	62.02	61.01	62.01	61.31	0.930336442797	0.934096834198	100	100
30520	30520	76162	76162	61.02	61.88	61.05	60.27	61.38	60.85	61.55	62.65	61.98	60.95	61.97	61.29	0.930580233215	0.934230475935	100	100
30620	30620	76062	76062	61.00	61.90	60.95	60.23	61.40	60.88	61.52	62.65	61.90	60.92	61.98	61.24	0.931494630715	0.934117202499	100	100
30720	30720	75962	75962	60.90	61.83	60.85	60.17	61.27	60.75	61.42	62.65	61.67	60.83	61.92	61.09	0.931554203891	0.934619211933	100	100
30820	30820	75862	75862	60.92	61.83	60.83	60.08	61.20	60.65	61.30	62.58	61.67	60.77	61.87	61.05	0.931786299944	0.935142273032	100	100
